1 0
1 0
1 0
1 0
1 1
0 0
0 0
0 0
0 0
0 1
0 0
0 0
0 0
0 1
0 0
0 0
0 0
0 1
0 0
0 0
0 0
0 1
1 0
1 0
1 0
1 1
9 0
9 0
9 0
9 1
0 0
0 0
0 0
0 1
7 0
7 0
7 0
7 1
0 0
0 0
0 0
0 1
1 0
1 0
1 0
1 1
9 0
9 0
9 0
9 1
1 0
1 0
1 0
1 1
6 0
6 0
6 0
6 1
0 0
0 0
0 0
0 1
0 0
0 0
0 0
0 1
6 0
6 0
6 0
6 1
9 0
9 0
9 0
9 1
8 0
8 0
8 0
8 1
0 0
0 0
0 0
0 1
0 0
0 0
0 0
0 1
3 0
3 0
3 0
3 1
8 0
8 0
8 0
8 1
0 0
0 0
0 0
0 1
6 0
6 0
6 0
6 1
6 0
6 0
6 0
6 1
6 0
6 0
6 0
6 1
6 0
6 0
6 0
6 1
9 0
9 0
9 0
9 1
1 0
1 0
1 0
1 1
6 0
6 0
6 0
6 1
0 0
0 0
0 0
0 1
0 0
0 0
0 0
0 1
0 0
0 0
0 0
0 1
1 0
1 0
1 0
1 1
0 0
0 0
0 0
0 1
0 0
0 0
0 0
0 1
