5 0
5 0
5 0
5 1
2 0
2 0
2 0
2 1
9 0
9 0
9 0
9 1
13 0
13 0
13 0
13 1
1 0
1 0
1 0
1 1
2 0
2 0
2 0
2 1
1 0
1 0
1 0
1 1
5 0
5 0
5 0
5 1
12 0
12 0
12 0
12 1
5 0
5 0
5 0
5 1
5 0
5 0
5 0
5 1
4 0
4 0
4 0
4 1
7 0
7 0
7 0
7 1
2 0
2 0
2 0
2 1
9 0
9 0
9 0
9 1
1 0
1 0
1 0
1 1
8 0
8 0
8 0
8 1
4 0
4 0
4 0
4 1
2 0
2 0
2 0
2 1
1 0
1 0
1 0
1 1
4 0
4 0
4 0
4 1
4 0
4 0
4 0
4 1
4 0
4 0
4 0
4 1
1 0
1 0
1 0
1 1
9 0
9 0
9 0
9 1
4 0
4 0
4 0
4 1
4 0
4 0
4 0
4 1
9 0
9 0
9 0
9 1
4 0
4 0
4 0
4 1
11 0
11 0
11 0
11 1
3 0
3 0
3 0
3 1
2 0
2 0
2 0
2 1
9 0
9 0
9 0
9 1
7 0
7 0
7 0
7 1
4 0
4 0
4 0
4 1
3 0
3 0
3 0
3 1
11 0
11 0
11 0
11 1
4 0
4 0
4 0
4 1
7 0
7 0
7 0
7 1
2 0
2 0
2 0
2 1
2 0
2 0
2 0
2 1
1 0
1 0
1 0
1 1
7 0
7 0
7 0
7 1
3 0
3 0
3 0
3 1
2 0
2 0
2 0
2 1
4 0
4 0
4 0
4 1
2 0
2 0
2 0
2 1
0 0
0 0
0 0
0 1
2 0
2 0
2 0
2 1
4 0
4 0
4 0
4 1
