7 0
7 0
7 0
7 1
6 0
6 0
6 0
6 1
6 0
6 0
6 0
6 0
6 1
9 0
9 0
9 0
9 0
9 0
9 1
1 0
1 0
1 0
1 1
10 0
10 0
10 0
10 1
4 0
4 0
4 0
4 1
5 0
5 0
5 0
5 1
4 0
4 0
4 0
4 1
7 0
7 0
7 0
7 1
9 0
9 0
9 0
9 1
6 0
6 0
6 0
6 1
0 0
0 0
0 0
0 1
4 0
4 0
4 0
4 1
10 0
10 0
10 0
10 1
1 0
1 0
1 0
1 1
10 0
10 0
10 0
10 1
1 0
1 0
1 0
1 1
6 0
6 0
6 0
6 1
1 0
1 0
1 0
1 1
10 0
10 0
10 0
10 1
2 0
2 0
2 0
2 1
0 0
0 0
0 0
0 1
1 0
1 0
1 0
1 1
4 0
4 0
4 0
4 1
1 0
1 0
1 0
1 1
10 0
10 0
10 0
10 1
4 0
4 0
4 0
4 1
6 0
6 0
6 0
6 1
6 0
6 0
6 0
6 1
6 0
6 0
6 0
6 1
6 0
6 0
6 0
6 1
6 0
6 0
6 0
6 1
6 0
6 0
6 0
6 1
6 0
6 0
6 0
6 1
6 0
6 0
6 0
6 1
