9 0
9 0
9 0
9 1
2 0
2 0
2 0
2 1
0 0
0 0
0 0
0 1
4 0
4 0
4 0
4 1
0 0
0 0
0 0
0 1
0 0
0 0
0 0
0 1
0 0
0 0
0 0
0 1
0 0
0 0
0 0
0 1
3 0
3 0
3 0
3 1
0 0
0 0
0 0
0 1
15 0
15 0
15 0
15 1
0 0
0 0
0 0
0 1
2 0
2 0
2 0
2 1
8 0
8 0
8 0
8 1
0 0
0 0
0 0
0 1
9 0
9 0
9 0
9 1
2 0
2 0
2 0
2 1
0 0
0 0
0 0
0 1
0 0
0 0
0 0
0 1
8 0
8 0
8 0
8 1
0 0
0 0
0 0
0 1
3 0
3 0
3 0
3 1
2 0
2 0
2 0
2 1
10 0
10 0
10 0
10 1
0 0
0 0
0 0
0 1
0 0
0 0
0 0
0 1
11 0
11 0
11 0
11 1
4 0
4 0
4 0
4 1
2 0
2 0
2 0
2 1
0 0
0 0
0 0
0 1
12 0
12 0
12 0
12 1
10 0
10 0
10 0
10 1
2 0
2 0
2 0
2 1
2 0
2 0
2 0
2 1
0 0
0 0
0 0
0 1
0 0
0 0
0 0
0 1
5 0
5 0
5 0
5 1
0 0
0 0
0 0
0 1
2 0
2 0
2 0
2 1
0 0
0 0
0 0
0 1
1 0
1 0
1 0
1 1
5 0
5 0
5 0
5 1
2 0
2 0
2 0
2 1
0 0
0 0
0 0
0 1
8 0
8 0
8 0
8 1
0 0
0 0
0 0
0 1
0 0
0 0
0 0
0 1
2 0
2 0
2 0
2 1
0 0
0 0
0 0
0 1
0 0
0 0
0 0
0 1
