1 0
1 0
1 0
1 0
1 1
2 0
2 0
2 0
2 1
1 0
1 0
1 0
1 1
1 0
1 0
1 0
1 0
1 0
1 1
8 0
8 0
8 0
8 1
7 0
7 0
7 0
7 1
1 0
1 0
1 0
1 1
1 0
1 0
1 0
1 1
1 0
1 0
1 0
1 1
1 0
1 0
1 0
1 1
2 0
2 0
2 0
2 1
2 0
2 0
2 0
2 1
0 0
0 0
0 0
0 1
1 0
1 0
1 0
1 1
1 0
1 0
1 0
1 1
1 0
1 0
1 0
1 1
7 0
7 0
7 0
7 1
1 0
1 0
1 0
1 1
7 0
7 0
7 0
7 1
1 0
1 0
1 0
1 1
0 0
0 0
0 0
0 1
2 0
2 0
2 0
2 1
1 0
1 0
1 0
1 1
1 0
1 0
1 0
1 1
1 0
1 0
1 0
1 1
3 0
3 0
3 0
3 1
12 0
12 0
12 0
12 1
1 0
1 0
1 0
1 1
3 0
3 0
3 0
3 1
1 0
1 0
1 0
1 1
3 0
3 0
3 0
3 1
1 0
1 0
1 0
1 1
3 0
3 0
3 0
3 1
1 0
1 0
1 0
1 1
2 0
2 0
2 0
2 1
1 0
1 0
1 0
1 1
0 0
0 0
0 0
0 1
2 0
2 0
2 0
2 1
2 0
2 0
2 0
2 1
1 0
1 0
1 0
1 1
1 0
1 0
1 0
1 1
3 0
3 0
3 0
3 1
12 0
12 0
12 0
12 1
1 0
1 0
1 0
1 1
12 0
12 0
12 0
12 1
1 0
1 0
1 0
1 1
8 0
8 0
8 0
8 1
1 0
1 0
1 0
1 1
3 0
3 0
3 0
3 1
1 0
1 0
1 0
1 1
1 0
1 0
1 0
1 1
3 0
3 0
3 0
3 1
1 0
1 0
1 0
1 1
1 0
1 0
1 0
1 1
1 0
1 0
1 0
1 1
12 0
12 0
12 0
12 1
1 0
1 0
1 0
1 1
1 0
1 0
1 0
1 1
1 0
1 0
1 0
1 1
1 0
1 0
1 0
1 1
1 0
1 0
1 0
1 1
1 0
1 0
1 0
1 1
1 0
1 0
1 0
1 1
1 0
1 0
1 0
1 1
12 0
12 0
12 0
12 1
3 0
3 0
3 0
3 1
3 0
3 0
3 0
3 1
2 0
2 0
2 0
2 1
1 0
1 0
1 0
1 1
1 0
1 0
1 0
1 1
1 0
1 0
1 0
1 1
3 0
3 0
3 0
3 1
0 0
0 0
0 0
0 1
2 0
2 0
2 0
2 1
1 0
1 0
1 0
1 1
2 0
2 0
2 0
2 1
1 0
1 0
1 0
1 1
2 0
2 0
2 0
2 1
7 0
7 0
7 0
7 1
1 0
1 0
1 0
1 1
8 0
8 0
8 0
8 1
1 0
1 0
1 0
1 1
1 0
1 0
1 0
1 1
2 0
2 0
2 0
2 1
1 0
1 0
1 0
1 1
1 0
1 0
1 0
1 1
12 0
12 0
12 0
12 1
3 0
3 0
3 0
3 1
7 0
7 0
7 0
7 1
10 0
10 0
10 0
10 1
3 0
3 0
3 0
3 1
0 0
0 0
0 0
0 1
1 0
1 0
1 0
1 1
2 0
2 0
2 0
2 1
1 0
1 0
1 0
1 1
1 0
1 0
1 0
1 1
1 0
1 0
1 0
1 1
2 0
2 0
2 0
2 1
3 0
3 0
3 0
3 1
1 0
1 0
1 0
1 1
12 0
12 0
12 0
12 1
3 0
3 0
3 0
3 1
2 0
2 0
2 0
2 1
2 0
2 0
2 0
2 1
1 0
1 0
1 0
1 1
1 0
1 0
1 0
1 1
3 0
3 0
3 0
3 1
1 0
1 0
1 0
1 1
1 0
1 0
1 0
1 1
1 0
1 0
1 0
1 1
1 0
1 0
1 0
1 1
7 0
7 0
7 0
7 1
1 0
1 0
1 0
1 1
1 0
1 0
1 0
1 1
1 0
1 0
1 0
1 1
1 0
1 0
1 0
1 1
2 0
2 0
2 0
2 1
1 0
1 0
1 0
1 1
3 0
3 0
3 0
3 1
0 0
0 0
0 0
0 1
1 0
1 0
1 0
1 1
10 0
10 0
10 0
10 1
0 0
0 0
0 0
0 1
1 0
1 0
1 0
1 1
2 0
2 0
2 0
2 1
3 0
3 0
3 0
3 1
0 0
0 0
0 0
0 1
1 0
1 0
1 0
1 1
1 0
1 0
1 0
1 1
1 0
1 0
1 0
1 1
