3 0
3 0
3 0
3 0
3 1
13 0
13 0
13 0
13 0
13 1
8 0
8 0
8 0
8 0
8 1
0 0
0 0
0 0
0 1
9 0
9 0
9 0
9 1
0 0
0 0
0 0
0 1
13 0
13 0
13 0
13 1
5 0
5 0
5 0
5 1
5 0
5 0
5 0
5 1
0 0
0 0
0 0
0 1
1 0
1 0
1 0
1 1
4 0
4 0
4 0
4 1
12 0
12 0
12 0
12 1
14 0
14 0
14 0
14 1
8 0
8 0
8 0
8 1
8 0
8 0
8 0
8 1
14 0
14 0
14 0
14 1
14 0
14 0
14 0
14 1
5 0
5 0
5 0
5 1
1 0
1 0
1 0
1 1
5 0
5 0
5 0
5 1
14 0
14 0
14 0
14 1
1 0
1 0
1 0
1 1
14 0
14 0
14 0
14 1
13 0
13 0
13 0
13 1
1 0
1 0
1 0
1 1
0 0
0 0
0 0
0 1
0 0
0 0
0 0
0 1
8 0
8 0
8 0
8 1
8 0
8 0
8 0
8 1
0 0
0 0
0 0
0 1
0 0
0 0
0 0
0 1
14 0
14 0
14 0
14 1
6 0
6 0
6 0
6 1
8 0
8 0
8 0
8 1
9 0
9 0
9 0
9 1
