2 0
2 0
2 0
2 1
4 0
4 0
4 0
4 0
4 1
2 0
2 0
2 0
2 0
2 1
0 0
0 0
0 0
0 1
0 0
0 0
0 0
0 1
9 0
9 0
9 0
9 1
8 0
8 0
8 0
8 1
1 0
1 0
1 0
1 1
2 0
2 0
2 0
2 1
2 0
2 0
2 0
2 1
1 0
1 0
1 0
1 1
12 0
12 0
12 0
12 1
0 0
0 0
0 0
0 1
2 0
2 0
2 0
2 1
8 0
8 0
8 0
8 1
0 0
0 0
0 0
0 1
2 0
2 0
2 0
2 1
1 0
1 0
1 0
1 1
0 0
0 0
0 0
0 1
0 0
0 0
0 0
0 1
0 0
0 0
0 0
0 1
6 0
6 0
6 0
6 1
0 0
0 0
0 0
0 1
10 0
10 0
10 0
10 1
2 0
2 0
2 0
2 1
2 0
2 0
2 0
2 1
2 0
2 0
2 0
2 1
2 0
2 0
2 0
2 1
2 0
2 0
2 0
2 1
7 0
7 0
7 0
7 1
2 0
2 0
2 0
2 1
6 0
6 0
6 0
6 1
12 0
12 0
12 0
12 1
2 0
2 0
2 0
2 1
2 0
2 0
2 0
2 1
0 0
0 0
0 0
0 1
0 0
0 0
0 0
0 1
2 0
2 0
2 0
2 1
2 0
2 0
2 0
2 1
2 0
2 0
2 0
2 1
2 0
2 0
2 0
2 1
0 0
0 0
0 0
0 1
1 0
1 0
1 0
1 1
4 0
4 0
4 0
4 1
6 0
6 0
6 0
6 1
2 0
2 0
2 0
2 1
0 0
0 0
0 0
0 1
7 0
7 0
7 0
7 1
2 0
2 0
2 0
2 1
9 0
9 0
9 0
9 1
2 0
2 0
2 0
2 1
0 0
0 0
0 0
0 1
1 0
1 0
1 0
1 1
4 0
4 0
4 0
4 1
0 0
0 0
0 0
0 1
2 0
2 0
2 0
2 1
2 0
2 0
2 0
2 1
2 0
2 0
2 0
2 1
0 0
0 0
0 0
0 1
2 0
2 0
2 0
2 1
2 0
2 0
2 0
2 1
0 0
0 0
0 0
0 1
2 0
2 0
2 0
2 1
0 0
0 0
0 0
0 1
2 0
2 0
2 0
2 1
