k= 1
d= 52
pi:
1.000000 
A:
1.000000 
mean:
0.000027 0.000364 -0.000006 0.000005 -0.000002 0.000003 -0.000005 0.000004 -0.000000 -0.000000 -0.000000 0.000001 -0.000004 -0.000017 -0.000001 -0.000001 0.000004 -0.000000 0.000265 0.000000 0.000009 0.000005 -0.000001 -0.000009 0.000017 -0.000000 -0.000000 0.000000 -0.000014 -0.000011 -0.000005 -0.000007 0.000005 0.000002 0.000001 -0.000008 0.000005 -0.000001 -0.000007 0.000001 -0.000016 0.000012 -0.000000 0.000000 -0.000000 0.000009 0.000003 -0.000002 0.000010 0.000002 -0.000002 -0.000001 
var:
0.997666 0.993836 1.004168 0.999019 1.005175 1.002276 0.993695 1.002154 1.000114 1.000555 1.000030 0.993946 0.996910 0.998450 0.996489 1.008489 1.006489 1.001642 1.001253 0.997632 1.002099 1.009433 1.006358 1.002573 1.002999 1.000134 1.000361 1.002449 1.005040 0.995160 1.002347 0.992551 1.001286 0.994225 1.000218 0.995906 1.007086 1.000129 1.008264 1.005949 1.000342 1.006423 1.000085 1.001840 1.000035 1.004453 1.001340 1.000065 0.994329 1.002454 1.003099 1.000175 
