k= 1
d= 52
pi:
1.000000 
A:
1.000000 
mean:
0.000057 -0.000130 0.000001 0.000003 0.000005 -0.000003 0.000006 -0.000031 0.000000 0.000000 -0.000000 -0.000005 0.000011 0.000013 -0.000003 -0.000001 -0.000004 0.000001 -0.000698 0.000001 -0.000006 0.000003 0.000000 -0.000010 0.000021 0.000000 0.000000 0.000001 0.000024 0.000004 0.000001 -0.000006 0.000008 -0.000000 0.000002 -0.000039 0.000008 -0.000000 0.000007 0.000005 -0.000008 -0.000017 -0.000000 -0.000000 0.000000 -0.000002 -0.000000 0.000001 0.000011 0.000001 0.000004 0.000001 
var:
1.003614 0.998924 0.995520 1.002359 1.011332 1.002083 1.005597 1.003511 1.000109 1.000260 1.000117 0.998882 1.001091 1.002608 0.995290 0.996104 1.000957 1.000280 1.003512 0.994553 1.002584 1.009360 1.009661 1.001669 1.003587 1.000108 1.000388 1.003178 1.007878 1.000148 1.003304 1.005220 0.995160 1.007531 1.006948 1.006014 1.005880 1.000741 0.994923 1.000055 1.000487 1.005633 1.000144 1.001445 1.000044 1.000223 1.000054 1.002395 0.995993 1.001951 0.990879 0.999978 
