k= 1
d= 52
pi:
1.000000 
A:
1.000000 
mean:
-0.000095 -0.000965 -0.000003 0.000002 0.000002 0.000006 0.000005 0.000005 0.000000 -0.000000 0.000000 -0.000001 -0.000001 0.000000 0.000020 0.000000 -0.000002 0.000002 0.001290 0.000000 -0.000013 -0.000001 -0.000000 0.000001 -0.000001 -0.000000 -0.000000 0.000000 -0.000003 0.000002 0.000003 -0.000022 -0.000000 0.000001 0.000001 -0.000364 -0.000005 0.000000 -0.000000 0.000019 -0.000015 0.000008 -0.000000 0.000000 -0.000000 -0.000005 -0.000004 0.000001 0.000007 -0.000000 -0.000010 -0.000000 
var:
1.000096 0.997321 0.991673 0.994530 0.989316 1.007698 0.995149 1.010285 1.000072 1.000611 1.000126 1.010086 1.003034 0.989692 0.997709 0.993621 0.999177 1.001015 0.996926 0.991767 1.006978 1.009239 1.007113 1.006521 1.002875 1.000074 1.000318 1.002372 1.000377 0.998557 1.003537 1.001341 0.991285 1.007052 0.987168 0.998795 0.996502 1.000127 0.987570 0.995502 1.000288 1.007387 1.000079 1.000980 1.000048 0.999924 1.003694 1.008575 1.000535 1.000103 1.005350 1.000358 
