k= 1
d= 52
pi:
1.000000 
A:
1.000000 
mean:
0.000000 0.000061 0.000001 0.000000 -0.000005 0.000009 -0.000003 0.000001 0.000000 0.000000 0.000000 -0.000004 -0.000001 0.000026 0.000003 -0.000000 -0.000001 -0.000001 -0.000538 -0.000000 0.000001 -0.000004 -0.000000 -0.000030 -0.000001 0.000000 -0.000000 -0.000000 -0.000008 -0.000002 0.000068 0.000006 0.000007 0.000001 0.000002 0.000116 -0.000001 -0.000003 0.000001 0.000042 -0.000013 0.000002 -0.000000 -0.000000 -0.000000 0.000008 0.000001 -0.000057 0.000003 -0.000001 -0.000003 -0.000011 
var:
1.003126 0.996611 1.002095 1.001993 1.004121 1.000866 1.003565 1.002941 1.000016 1.000122 1.000285 0.995082 1.008635 1.003132 1.002110 1.002467 1.002524 1.005255 1.001113 1.001080 1.001133 1.005297 0.996289 1.001228 0.998248 1.000092 1.000069 1.002309 1.005379 0.996194 0.995351 1.000219 1.001851 0.999979 1.002867 1.001535 0.999963 0.996332 1.000964 0.999846 0.994973 1.001106 1.000034 1.001044 1.000080 1.003311 0.999675 0.999708 1.001724 1.001164 1.004444 1.003761 
