k= 1
d= 52
pi:
1.000000 
A:
1.000000 
mean:
-0.000025 -0.000391 -0.000005 -0.000002 -0.000004 0.000003 0.000004 0.000003 -0.000000 -0.000000 0.000000 -0.000003 0.000001 0.000002 -0.000006 -0.000002 -0.000000 -0.000008 0.000571 0.000000 -0.000007 0.000003 -0.000000 -0.000017 0.000013 -0.000000 -0.000000 -0.000000 0.000003 -0.000003 -0.000000 0.000005 -0.000003 0.000001 0.000001 -0.001206 -0.000004 -0.000002 0.000004 0.000037 -0.000033 0.000006 0.000000 0.000000 0.000000 0.000028 0.000002 0.000012 0.000016 -0.000000 -0.000007 0.000002 
var:
0.994066 1.005429 0.995793 1.007277 0.991390 0.992761 1.008955 1.011980 1.001432 1.001646 1.000162 0.995374 1.002801 1.001173 0.994741 1.001652 0.996090 1.004631 1.000857 1.001243 1.001619 1.006730 0.992613 1.003133 1.001641 1.000036 1.000380 1.001336 1.001150 0.993297 1.009076 1.009127 0.991940 1.001373 1.000482 1.000120 1.000051 1.001919 0.996797 0.996390 1.001815 1.000710 1.000476 1.000220 1.000061 1.001365 0.992396 1.003412 0.998809 1.006175 1.000065 1.000965 
