k= 1
d= 52
pi:
1.000000 
A:
1.000000 
mean:
-0.000055 0.000079 -0.000012 0.000000 -0.000006 -0.000002 -0.000000 -0.000021 0.000000 0.000000 -0.000000 0.000021 0.000007 0.000033 0.000000 -0.000003 -0.000003 -0.000000 -0.000012 0.000000 0.000001 -0.000003 0.000000 -0.000019 0.000022 0.000000 -0.000000 -0.000001 0.000023 0.000006 0.000001 0.000019 -0.000003 0.000000 0.000000 -0.000803 -0.000002 0.000000 -0.000000 -0.000000 0.000020 -0.000003 0.000000 -0.000000 -0.000000 -0.000015 -0.000001 0.000005 0.000003 -0.000000 0.000003 0.000003 
var:
1.003657 0.996833 0.999575 1.006494 1.002402 0.995977 0.993992 0.994224 1.000197 1.000155 1.000043 0.998390 1.006184 1.006091 1.005813 1.011052 0.996178 1.001538 0.995750 1.006369 0.995513 1.002681 1.000291 0.995157 0.994615 1.000095 1.000318 1.003104 1.004035 0.997163 1.001195 1.001401 1.008276 1.000114 1.000652 1.003534 1.004984 1.004136 1.006557 1.004762 1.005774 0.997059 1.000145 1.005948 1.000085 1.002129 1.006362 0.994567 0.995577 0.991688 0.994271 0.995900 
