k= 1
d= 52
pi:
1.000000 
A:
1.000000 
mean:
-0.000299 0.000034 0.000004 -0.000007 0.000010 0.000002 0.000006 0.000000 0.000000 0.000000 -0.000000 -0.000010 0.000007 0.000010 0.000006 0.000000 -0.000002 0.000003 0.000556 0.000003 0.000000 -0.000008 0.000000 -0.000010 0.000008 -0.000000 -0.000000 0.000000 -0.000004 0.000002 0.000014 0.000008 -0.000000 -0.000000 0.000001 0.000283 0.000002 -0.000002 -0.000017 0.000041 0.000001 -0.000005 0.000000 0.000000 0.000000 -0.000003 0.000001 0.000038 0.000008 0.000003 -0.000001 0.000004 
var:
1.006729 0.996307 0.993232 0.994074 0.990249 0.990666 0.996116 1.000370 1.000357 1.000453 1.000095 1.004992 0.997830 0.994760 0.992340 0.993519 1.008348 1.003265 0.996824 1.007613 1.004403 1.003693 1.001996 1.003041 0.997640 1.000086 1.000093 1.000053 0.996070 1.000790 1.006086 0.996681 1.006250 1.007117 1.001453 0.998683 0.993730 1.003726 0.992674 0.994194 1.003880 1.008063 1.000279 1.001957 1.000037 0.999579 1.001371 1.003002 0.999138 1.000067 0.994572 1.006535 
