1 0
1 0
1 0
1 1
3 0
3 0
3 0
3 1
6 0
6 0
6 0
6 1
1 0
1 0
1 0
1 1
6 0
6 0
6 0
6 1
1 0
1 0
1 0
1 1
6 0
6 0
6 0
6 1
1 0
1 0
1 0
1 1
8 0
8 0
8 0
8 1
4 0
4 0
4 0
4 1
3 0
3 0
3 0
3 1
6 0
6 0
6 0
6 1
1 0
1 0
1 0
1 1
3 0
3 0
3 0
3 1
1 0
1 0
1 0
1 1
1 0
1 0
1 0
1 1
1 0
1 0
1 0
1 1
4 0
4 0
4 0
4 1
1 0
1 0
1 0
1 1
1 0
1 0
1 0
1 1
7 0
7 0
7 0
7 1
7 0
7 0
7 0
7 1
7 0
7 0
7 0
7 1
3 0
3 0
3 0
3 1
1 0
1 0
1 0
1 1
1 0
1 0
1 0
1 1
4 0
4 0
4 0
4 1
1 0
1 0
1 0
1 1
3 0
3 0
3 0
3 1
6 0
6 0
6 0
6 1
1 0
1 0
1 0
1 1
1 0
1 0
1 0
1 1
1 0
1 0
1 0
1 1
3 0
3 0
3 0
3 1
1 0
1 0
1 0
1 1
4 0
4 0
4 0
4 1
3 0
3 0
3 0
3 1
6 0
6 0
6 0
6 1
4 0
4 0
4 0
4 1
1 0
1 0
1 0
1 1
3 0
3 0
3 0
3 1
3 0
3 0
3 0
3 1
1 0
1 0
1 0
1 1
4 0
4 0
4 0
4 1
3 0
3 0
3 0
3 1
8 0
8 0
8 0
8 1
3 0
3 0
3 0
3 1
1 0
1 0
1 0
1 1
3 0
3 0
3 0
3 1
1 0
1 0
1 0
1 1
