k= 4
d= 4
pi:
0.000001 0.999997 0.000001 0.000001 
A:
0.990603 0.000004 0.009389 0.000004 
0.005415 0.987351 0.000003 0.007231 
0.000010 0.020480 0.979501 0.000010 
0.000004 0.010644 0.000004 0.989348 
mean:
1.981476 -0.276314 1.531554 -0.222035 
0.196620 -0.136319 0.732545 -0.225752 
0.908962 -1.464722 0.032963 -0.292180 
-1.141752 -0.822342 -0.052221 -1.127796 
var:
0.248437 0.246167 0.191031 0.211025 
0.044651 0.199002 0.313846 0.353682 
0.167109 0.040662 0.045708 0.101279 
0.280660 0.358334 0.614843 0.133348 
