k= 4
d= 4
pi:
0.000001 0.000001 0.000001 0.999997 
A:
0.995756 0.000005 0.000005 0.004233 
0.000004 0.985740 0.014253 0.000004 
0.000003 0.013589 0.972808 0.013600 
0.004415 0.000004 0.017663 0.977917 
mean:
-1.113362 1.374674 -0.070652 -1.604547 
-1.029529 -0.610938 0.888527 1.111409 
0.065214 -0.772239 0.857420 0.157756 
0.601080 -0.064304 -0.014500 -0.357619 
var:
0.540342 0.672049 0.417646 0.456110 
0.227022 0.087028 0.014049 0.113681 
0.307210 0.512293 0.339659 0.039310 
0.019494 0.326739 0.029999 0.017849 
