k= 4
d= 4
pi:
0.000001 0.000001 0.000001 0.999997 
A:
0.971111 0.000006 0.028878 0.000006 
0.000004 0.980987 0.019005 0.000004 
0.000288 0.013282 0.973153 0.013277 
0.027004 0.000005 0.000005 0.972986 
mean:
0.783542 0.503294 1.095404 -0.010033 
-0.398663 -1.312935 0.678950 -1.095750 
0.528385 -0.508853 1.059073 -0.657288 
-0.081358 0.252147 -0.218435 1.182360 
var:
0.046595 0.061966 0.044305 0.161483 
0.178970 0.072603 0.115097 0.034760 
0.058584 0.099205 0.058927 0.133864 
0.099353 0.223148 0.228836 0.105995 
