k= 5
d= 4
pi:
0.000001 0.499998 0.499999 0.000001 0.000001 
A:
0.989925 0.000004 0.010062 0.000004 0.000004 
0.000008 0.993887 0.006088 0.000008 0.000008 
0.000004 0.002165 0.982494 0.015335 0.000004 
0.011742 0.000005 0.009085 0.970357 0.008811 
0.000007 0.000007 0.000007 0.012786 0.987193 
mean:
0.008963 1.561056 -1.038881 -0.902735 
-0.992919 -0.003516 -1.008295 1.315421 
0.397283 0.275063 0.168275 -0.200029 
1.142446 0.881569 0.562267 -0.731638 
1.423543 -0.752212 1.627869 -1.526958 
var:
0.114343 0.204651 0.077327 0.201533 
0.214328 0.368036 0.275118 0.149768 
0.193383 0.043025 0.085522 0.060713 
0.301289 0.266656 0.245594 0.112987 
0.211521 0.146879 0.037757 0.084015 
