k= 5
d= 4
pi:
0.000001 0.000001 0.000001 0.000001 0.999996 
A:
0.982869 0.000009 0.000009 0.017104 0.000009 
0.000006 0.971176 0.010805 0.000006 0.018007 
0.000006 0.011375 0.988607 0.000006 0.000006 
0.008754 0.000005 0.000005 0.982484 0.008753 
0.000003 0.009273 0.000003 0.005563 0.985158 
mean:
0.372938 -1.829897 1.767879 0.980777 
0.059655 0.963285 -0.806536 0.679936 
-1.451626 1.146179 -0.352428 1.260651 
-0.591280 -1.186112 1.071571 -0.100665 
0.965436 0.137105 -0.017510 -0.166625 
var:
0.034642 0.008777 0.062156 0.259695 
0.309363 0.053422 0.147155 0.040315 
0.067900 0.076178 0.181160 0.122519 
0.459616 0.073801 0.277266 0.060796 
0.352243 0.209036 0.254571 0.280450 
