k= 9
d= 4
pi:
0.499964 0.000001 0.000001 0.000001 0.000001 0.000001 0.500029 0.000001 0.000001 
A:
0.974862 0.000005 0.000005 0.007386 0.000005 0.011816 0.005911 0.000005 0.000005 
0.000011 0.969700 0.000011 0.011033 0.000011 0.000011 0.005769 0.000011 0.013441 
0.000012 0.000012 0.989479 0.010438 0.000012 0.000012 0.000012 0.000012 0.000012 
0.012129 0.000007 0.006076 0.969021 0.000007 0.000007 0.008692 0.000007 0.004054 
0.000013 0.000013 0.000013 0.000013 0.980882 0.000013 0.000013 0.019028 0.000013 
0.012497 0.000008 0.000008 0.000009 0.012488 0.967476 0.000009 0.007497 0.000008 
0.024755 0.015949 0.000014 0.000014 0.000014 0.000014 0.959215 0.000014 0.000014 
0.000008 0.007217 0.000008 0.000008 0.000008 0.012023 0.000008 0.980710 0.000008 
0.000011 0.006333 0.000011 0.012651 0.000011 0.000011 0.000011 0.000011 0.980951 
mean:
-1.203775 0.807254 -0.224768 -0.277795 
0.744956 0.543975 0.862924 1.396869 
0.469707 -1.571858 0.902390 -1.975248 
-0.272983 0.159440 0.604083 -0.574446 
0.795670 -1.759617 -1.898393 -0.045656 
-0.498443 -0.085192 -1.564658 0.227013 
-0.908912 0.686042 0.136373 0.913572 
1.232400 -0.965219 -0.567917 1.164708 
1.178277 0.022921 1.181602 -0.304871 
var:
0.060390 0.200367 0.119273 0.069365 
0.222284 0.465428 0.074489 0.189235 
0.748941 0.089406 0.160706 0.126545 
0.132666 0.545352 0.068459 0.306990 
0.080219 0.085426 0.044027 0.096650 
0.071628 0.073648 0.353563 0.298367 
0.115205 0.235229 0.049621 0.113781 
0.182703 0.167947 0.171888 0.595902 
0.099496 0.285300 0.211927 0.272559 
