k= 5
d= 4
pi:
0.000001 0.999996 0.000001 0.000001 0.000001 
A:
0.989984 0.000004 0.010004 0.000004 0.000004 
0.014142 0.971700 0.000006 0.011319 0.002833 
0.000005 0.013247 0.986736 0.000005 0.000006 
0.000003 0.006595 0.000003 0.993395 0.000003 
0.000012 0.005950 0.000012 0.000012 0.994015 
mean:
0.693228 0.964995 1.437003 -0.777646 
0.196907 0.237984 -0.233799 0.026063 
0.445877 -0.308506 0.986923 -1.417580 
1.038537 1.334794 -0.495295 1.207157 
-1.406735 -0.270159 0.239139 0.795692 
var:
0.260909 0.083015 0.202035 0.185894 
0.229565 0.090783 0.104958 0.022523 
0.214251 0.120831 0.159493 0.184691 
0.148944 0.300923 0.417390 0.282458 
0.225902 0.611164 0.581230 0.560402 
