k= 9
d= 4
pi:
0.000001 0.000001 0.000001 0.000001 0.999992 0.000001 0.000001 0.000001 0.000001 
A:
0.987047 0.000009 0.000009 0.000009 0.000009 0.000009 0.000009 0.012893 0.000009 
0.000007 0.960594 0.000008 0.005622 0.026250 0.000007 0.007495 0.000007 0.000007 
0.008779 0.000006 0.966262 0.000006 0.014685 0.004393 0.000006 0.000006 0.005858 
0.000021 0.016032 0.000021 0.983819 0.000021 0.000021 0.000021 0.000021 0.000021 
0.000005 0.014543 0.017192 0.000005 0.968233 0.000005 0.000005 0.000005 0.000005 
0.000015 0.010985 0.000015 0.000015 0.000034 0.988893 0.000015 0.000015 0.000015 
0.000010 0.010459 0.000010 0.000010 0.000010 0.000010 0.989467 0.000010 0.000010 
0.000016 0.000016 0.023804 0.000016 0.000016 0.000016 0.000016 0.976085 0.000016 
0.000009 0.000009 0.008678 0.000009 0.000009 0.000009 0.000009 0.000009 0.991262 
mean:
1.178775 -1.665362 -0.431318 1.481940 
-0.848667 0.660203 -0.605500 0.154332 
0.268916 -0.320806 0.831385 -0.283626 
-2.416419 1.780536 -1.664897 -1.216841 
-0.739343 -0.145240 0.226957 0.086701 
-0.288107 0.414138 -0.407118 -1.587884 
0.705577 0.848552 -1.057561 1.282830 
0.361752 -1.459434 -0.815277 0.416497 
0.978346 0.755696 1.770318 -1.254736 
var:
0.072767 0.045389 0.207098 0.068641 
0.321812 0.155248 0.376669 0.117860 
0.223748 0.266332 0.124246 0.194798 
0.135510 0.041153 0.055150 0.066109 
0.057011 0.068746 0.086385 0.048522 
0.543754 0.374581 0.225475 0.102437 
0.152531 0.044795 0.049262 0.219576 
0.052991 0.017760 0.118806 0.237328 
0.159895 0.436984 0.063475 0.190860 
