k= 4
d= 4
pi:
0.000001 0.000001 0.999997 0.000001 
A:
0.982679 0.000003 0.000003 0.017314 
0.029214 0.970775 0.000006 0.000006 
0.000004 0.021408 0.978584 0.000004 
0.000003 0.000003 0.015869 0.984124 
mean:
1.641905 0.585089 1.109529 0.653210 
0.389050 -0.893078 0.887815 0.691814 
-0.576476 -0.026468 -1.095442 0.166257 
0.919275 0.908218 0.330041 -0.630141 
var:
0.092244 0.123416 0.207556 0.027325 
0.076858 0.052495 0.367426 0.006593 
0.057368 0.152445 0.089132 0.122965 
0.101338 0.014179 0.236943 0.057804 
