k= 4
d= 4
pi:
0.999997 0.000001 0.000001 0.000001 
A:
0.982801 0.000003 0.012039 0.005157 
0.000007 0.985233 0.014754 0.000007 
0.011789 0.007574 0.980634 0.000003 
0.005802 0.000004 0.000004 0.994190 
mean:
-0.332769 0.095263 -0.072935 -0.964006 
1.573872 -1.248463 1.302737 1.040860 
0.294545 -0.677468 0.514352 0.315354 
-0.892287 1.407571 -1.277296 0.108506 
var:
0.315510 0.093157 0.279862 0.218054 
0.214763 0.063336 0.064254 0.306259 
0.231858 0.108425 0.255091 0.894660 
0.634407 0.159157 0.275684 0.599348 
