k= 6
d= 4
pi:
0.000001 0.000001 0.000001 0.000001 0.999995 0.000001 
A:
0.988208 0.000007 0.000007 0.000007 0.000007 0.011766 
0.000006 0.981728 0.007005 0.000006 0.008449 0.002805 
0.000011 0.000011 0.980196 0.019759 0.000011 0.000011 
0.008474 0.007653 0.002425 0.956804 0.019799 0.004845 
0.000005 0.003185 0.000005 0.023094 0.973707 0.000005 
0.000006 0.006098 0.000006 0.013717 0.000006 0.980166 
mean:
0.938324 1.643534 1.380745 0.897375 
0.382819 -0.622224 -1.455472 -0.177425 
-0.804383 0.135785 -0.988675 1.708111 
-0.697733 0.138655 0.362267 0.024346 
-0.929269 -0.550162 -0.006994 -0.258918 
1.252322 -0.346673 0.418508 -1.237410 
var:
0.180176 0.044132 0.073182 0.081024 
0.234044 0.463148 0.149567 0.988142 
0.460751 1.190597 0.065693 0.084021 
0.410865 0.108609 0.509911 0.330868 
0.178057 0.098198 0.124285 0.060987 
0.067294 1.223352 0.122553 0.443955 
