k= 5
d= 4
pi:
0.000001 0.000001 0.000001 0.000001 0.999996 
A:
0.983707 0.000011 0.000011 0.016260 0.000011 
0.000005 0.972955 0.005031 0.004430 0.017580 
0.000004 0.005133 0.990752 0.004106 0.000004 
0.000006 0.013480 0.000006 0.977552 0.008957 
0.005046 0.006317 0.004206 0.001246 0.983185 
mean:
0.710510 1.310454 1.728068 1.460384 
0.297071 -0.699924 -1.229173 -0.076988 
-0.825160 0.677144 -0.052544 -1.225445 
-1.216962 0.364222 0.046305 0.941128 
0.941092 -0.697891 0.303356 0.073490 
var:
0.623185 0.034243 0.160432 0.125501 
0.215306 0.616705 0.325674 0.487187 
0.351038 0.202128 0.578673 0.183469 
0.188039 0.464599 0.629712 0.377636 
0.138359 0.712915 0.232099 0.233864 
