k= 7
d= 4
pi:
0.000001 0.000001 0.000001 0.000001 0.000001 0.999994 0.000001 
A:
0.969917 0.000012 0.000012 0.000012 0.000012 0.030023 0.000012 
0.000005 0.982793 0.007357 0.000005 0.000005 0.000005 0.009831 
0.002625 0.000005 0.989488 0.000005 0.000005 0.007865 0.000005 
0.000020 0.000020 0.000020 0.989701 0.010197 0.000020 0.000020 
0.011962 0.000006 0.000006 0.002995 0.975962 0.003046 0.006023 
0.000006 0.021683 0.000015 0.000006 0.005305 0.967816 0.005168 
0.000007 0.000008 0.003480 0.000007 0.018477 0.004756 0.973266 
mean:
-0.876361 0.020954 -0.885464 1.281898 
0.853160 0.794298 0.239267 -0.722230 
1.082160 -1.130861 -1.283977 0.662828 
-1.933986 1.644829 1.527653 -1.927228 
-1.046407 0.658504 0.003465 -0.249340 
-0.238276 -0.146412 0.148543 0.810490 
0.007846 -0.799830 1.183485 -0.559936 
var:
0.061885 0.708427 0.154002 0.128950 
0.349836 0.268283 0.140556 0.249571 
0.135859 0.285401 0.283417 0.855565 
0.180809 0.161436 0.564945 0.121504 
0.074611 0.265575 0.381937 0.122479 
0.054044 0.203450 0.116203 0.071441 
0.385549 0.505829 0.572892 0.457293 
