k= 4
d= 4
pi:
0.000001 0.000001 0.999997 0.000001 
A:
0.981549 0.000008 0.018435 0.000008 
0.011453 0.979396 0.009145 0.000007 
0.001558 0.004161 0.985961 0.008319 
0.000003 0.004601 0.005284 0.990112 
mean:
-1.252078 0.341670 0.660810 0.385191 
-0.784361 -1.022708 0.695595 1.371106 
-0.317503 -0.198068 -0.545947 0.343445 
-0.893937 -1.565785 -1.707283 1.363200 
var:
0.052637 0.068476 0.380374 0.234553 
0.195897 0.231736 0.294219 0.069549 
0.111266 0.057222 0.384268 0.283765 
0.210580 0.223444 0.101694 0.164733 
