k= 4
d= 4
pi:
0.999997 0.000001 0.000001 0.000001 
A:
0.984213 0.005262 0.010522 0.000003 
0.000005 0.990983 0.000005 0.009006 
0.000004 0.000004 0.987710 0.012283 
0.022041 0.000005 0.000005 0.977950 
mean:
-0.944983 1.350203 0.349008 -0.127905 
-0.311941 -0.828159 1.660966 0.217896 
0.257248 2.508997 1.478022 -1.900595 
1.109998 0.968312 0.363605 -0.996196 
var:
0.162330 0.444146 0.051687 0.133983 
0.949484 0.174734 0.162091 0.589065 
0.276332 0.171142 0.078149 0.141550 
0.093397 0.351157 0.033265 0.262690 
