k= 7
d= 4
pi:
0.000001 0.000001 0.000001 0.000001 0.000001 0.000001 0.999994 
A:
0.953089 0.000018 0.031216 0.000012 0.015637 0.000012 0.000015 
0.010031 0.987924 0.000008 0.000008 0.000008 0.000008 0.002013 
0.004446 0.000004 0.971049 0.004450 0.000004 0.011131 0.008916 
0.000020 0.000020 0.000020 0.979600 0.020299 0.000020 0.000020 
0.015370 0.002558 0.000010 0.000010 0.958613 0.000036 0.023402 
0.000007 0.000007 0.007406 0.000007 0.000007 0.981500 0.011064 
0.000003 0.004354 0.010449 0.000004 0.006230 0.000003 0.978956 
mean:
0.686377 -0.546757 0.179722 1.057697 
1.387911 1.530146 1.602732 0.379682 
-0.936776 -1.378359 -0.460143 -0.165172 
-1.192042 0.556016 0.539994 1.203037 
0.941111 0.768385 -0.254844 0.545151 
-0.100732 -0.128556 -1.349970 0.293079 
-0.128527 0.270791 0.245986 -0.860296 
var:
0.082217 0.309963 0.214730 0.108513 
0.310839 0.088748 0.127587 1.294171 
0.604937 0.194023 0.893092 0.497003 
0.119132 0.134554 0.054867 0.079799 
0.343439 0.051996 0.102584 0.281434 
0.379185 0.221523 0.164619 0.975628 
0.311423 0.136123 0.260532 0.402471 
