k= 4
d= 4
pi:
0.000001 0.000001 0.999997 0.000001 
A:
0.981753 0.000004 0.000004 0.018240 
0.030948 0.969040 0.000006 0.000006 
0.000005 0.024188 0.975802 0.000005 
0.000003 0.000003 0.012761 0.987233 
mean:
1.214037 -1.413829 1.870110 0.431526 
1.583898 0.387602 1.644723 -0.444719 
-0.104015 0.246946 0.181281 -0.875655 
-0.422667 -1.484867 0.842508 -0.686939 
var:
0.126758 0.376805 0.032970 0.039728 
0.051062 0.013176 0.101687 0.159128 
0.334422 0.141625 0.097336 0.055764 
0.060994 0.211275 0.138144 0.100525 
