k= 7
d= 4
pi:
0.000001 0.000001 0.999994 0.000001 0.000001 0.000001 0.000001 
A:
0.968217 0.000018 0.000018 0.031692 0.000018 0.000018 0.000018 
0.000016 0.983759 0.000016 0.016161 0.000016 0.000016 0.000016 
0.000003 0.000003 0.977649 0.008595 0.000003 0.005156 0.008591 
0.000004 0.004400 0.020078 0.968910 0.006598 0.000004 0.000004 
0.000012 0.000012 0.000012 0.000012 0.981511 0.018428 0.000012 
0.000012 0.000012 0.017277 0.018842 0.000012 0.963832 0.000012 
0.008778 0.000005 0.002512 0.001257 0.000005 0.000005 0.987438 
mean:
1.344834 -1.308216 0.703514 -0.252967 
1.450795 1.359020 0.569688 1.546940 
-0.855038 -0.915654 -0.339030 -0.391960 
-0.010982 0.058499 0.482552 0.566671 
0.696524 1.557250 -1.762565 1.421015 
0.586705 -0.111195 -1.668196 0.518321 
-0.091072 0.620766 0.987458 -1.280346 
var:
0.209510 0.300138 0.014399 0.492354 
0.106088 0.362047 0.063273 0.062647 
0.151168 0.067424 0.117762 0.088821 
0.145041 0.387150 0.397908 0.130853 
0.618848 0.205593 0.084412 0.074494 
0.447677 0.057580 0.089587 0.057766 
1.524646 0.513227 0.217344 0.596371 
