k= 6
d= 4
pi:
0.000001 0.000001 0.000001 0.000001 0.000001 0.999995 
A:
0.984292 0.000003 0.005235 0.010463 0.000003 0.000003 
0.000014 0.986170 0.006894 0.000014 0.000014 0.006894 
0.019463 0.003250 0.967540 0.009733 0.000007 0.000007 
0.006145 0.000004 0.000004 0.975417 0.000004 0.018426 
0.000010 0.000010 0.000010 0.000010 0.967817 0.032141 
0.000007 0.003351 0.020079 0.010044 0.020584 0.945935 
mean:
-0.363994 -0.633351 -0.721373 1.628238 
-0.244694 -0.608780 -0.244342 -0.967143 
0.404376 -0.528705 0.641381 0.880940 
-1.124060 0.552138 -0.492505 0.592229 
0.672146 1.813154 1.725825 0.093729 
-0.201774 0.912584 1.458166 -0.095171 
var:
0.108395 0.144231 0.123409 0.031967 
0.239271 0.586705 0.533811 0.203988 
0.133429 0.254577 0.198070 0.264102 
0.095969 0.073325 0.458343 0.147501 
0.059393 0.014329 0.013771 0.002319 
0.179956 0.121375 0.135908 0.028918 
