k= 8
d= 4
pi:
0.000001 0.000001 0.333332 0.000001 0.000001 0.666662 0.000001 0.000001 
A:
0.988299 0.000008 0.000008 0.011651 0.000008 0.000008 0.000008 0.000008 
0.008592 0.977058 0.000006 0.000006 0.000006 0.008595 0.005730 0.000006 
0.000007 0.000007 0.981857 0.000007 0.000007 0.018102 0.000007 0.000007 
0.000009 0.000009 0.023659 0.976289 0.000009 0.000009 0.000009 0.000009 
0.000009 0.000009 0.000009 0.011545 0.968195 0.007854 0.000009 0.012371 
0.000005 0.012122 0.000005 0.000005 0.014066 0.973786 0.000005 0.000005 
0.000019 0.000019 0.000019 0.000019 0.000019 0.000019 0.981989 0.017895 
0.000010 0.013418 0.000010 0.000010 0.008950 0.000010 0.000010 0.977584 
mean:
-0.235059 -1.517537 1.328972 1.004026 
0.644779 0.249208 0.769731 0.704652 
-0.659080 -0.553448 1.460230 -1.550766 
-1.660052 -1.404436 0.809411 -0.351360 
-0.881722 -0.729861 -0.389352 -0.077145 
0.444181 -0.349777 -0.206498 -0.583072 
0.439815 1.116735 -1.525059 1.476624 
-0.988667 0.317713 -0.762171 1.529511 
var:
0.532787 0.106979 0.208217 0.133459 
0.182402 0.130824 0.370695 0.037521 
0.552267 0.161791 0.114880 0.273500 
0.089552 0.281056 0.070163 0.088393 
0.217167 0.163017 0.092438 0.179650 
0.090484 0.163044 0.058349 0.183314 
0.042126 0.024499 0.229939 0.061512 
0.370648 0.285818 1.033690 0.116748 
