k= 8
d= 4
pi:
0.999993 0.000001 0.000001 0.000001 0.000001 0.000001 0.000001 0.000001 
A:
0.979065 0.011411 0.000004 0.000004 0.000004 0.000004 0.003803 0.005704 
0.006881 0.979362 0.000005 0.000005 0.000005 0.013732 0.000005 0.000005 
0.000019 0.000019 0.982633 0.017253 0.000019 0.000019 0.000019 0.000019 
0.000024 0.000024 0.000024 0.977670 0.000024 0.000024 0.022184 0.000024 
0.023463 0.000009 0.000009 0.000009 0.976485 0.000009 0.000009 0.000009 
0.000007 0.000007 0.000007 0.000007 0.018592 0.981367 0.000007 0.000007 
0.015711 0.000017 0.015710 0.000017 0.000017 0.000017 0.968492 0.000017 
0.000007 0.009077 0.000007 0.000007 0.000007 0.000007 0.000007 0.990883 
mean:
-0.070059 -1.048903 0.137836 -0.309214 
0.858088 -0.679979 0.377687 0.056252 
-1.671331 1.274738 2.314931 -2.505892 
-2.520638 0.011543 1.752324 -1.584057 
0.439529 -0.845108 -0.945968 1.438914 
1.265253 0.509541 -0.523035 0.788944 
-1.589516 -0.641594 1.011136 -1.552856 
0.894972 -0.228793 -1.489081 -1.206615 
var:
0.145643 0.216725 0.064855 0.197688 
0.103739 0.048490 0.358851 0.036201 
0.056403 0.025981 0.277390 0.098746 
0.018828 0.156508 0.052260 0.096499 
0.016661 0.382141 0.344768 0.088095 
0.132452 0.100457 0.398380 0.023911 
0.257764 0.401748 0.051462 0.060578 
0.173963 0.460627 0.306717 0.081556 
