k= 7
d= 4
pi:
0.000001 0.999994 0.000001 0.000001 0.000001 0.000001 0.000001 
A:
0.976291 0.011845 0.000007 0.000007 0.000007 0.011836 0.000007 
0.006163 0.981466 0.000777 0.000004 0.011583 0.000004 0.000004 
0.000006 0.013328 0.985445 0.000006 0.001203 0.000006 0.000006 
0.000009 0.000009 0.000009 0.979073 0.010444 0.000009 0.010445 
0.000005 0.005791 0.011593 0.005788 0.976812 0.000005 0.000005 
0.019714 0.000012 0.000012 0.000012 0.000012 0.980227 0.000012 
0.000027 0.000027 0.000027 0.030155 0.000027 0.000027 0.969709 
mean:
0.920417 0.402474 0.559380 0.064509 
-0.151263 -1.286601 0.124499 -0.440306 
-1.387682 -0.796541 -1.704813 -0.469811 
0.810833 1.244255 -1.209391 0.343600 
-0.757654 -0.704952 -0.512165 1.085850 
0.075879 0.111623 1.724863 0.579938 
0.254215 1.595459 -1.745209 -0.993977 
var:
0.128322 0.246145 0.134937 0.062116 
0.082454 0.429348 0.685683 0.295784 
0.233985 0.410683 0.041044 0.234963 
0.193676 0.156995 0.164575 0.268831 
0.201631 0.224698 0.340274 0.084522 
0.106163 0.112990 0.343132 0.196650 
0.091956 0.012940 0.042040 0.019602 
