k= 4
d= 4
pi:
0.000001 0.000001 0.000001 0.999997 
A:
0.963040 0.000004 0.018465 0.018490 
0.027924 0.972065 0.000006 0.000006 
0.014940 0.000003 0.985054 0.000003 
0.000004 0.019001 0.000004 0.980991 
mean:
1.001785 -0.232526 1.315845 1.040358 
-0.113471 0.480038 1.452037 0.791020 
0.577565 -1.832101 1.272865 1.528305 
0.446394 0.053858 0.528415 -0.132642 
var:
0.258242 0.494882 0.085611 0.143671 
0.034317 0.010865 0.067921 0.015584 
0.257322 0.062946 0.058174 0.071013 
0.110353 0.350405 0.194005 0.230959 
