k= 4
d= 4
pi:
0.666665 0.333333 0.000001 0.000001 
A:
0.979905 0.000004 0.020087 0.000004 
0.011803 0.988192 0.000003 0.000003 
0.000007 0.000007 0.965630 0.034357 
0.000005 0.024678 0.000005 0.975312 
mean:
0.074530 -1.410416 1.169952 0.832013 
0.653627 0.125001 -0.070711 -0.238715 
-0.210236 0.138023 1.744896 1.416695 
-1.007782 0.605782 0.691391 0.438074 
var:
0.290599 0.112385 0.077632 0.076518 
0.465521 0.094839 0.044953 0.048888 
0.049208 0.346387 0.014670 0.027965 
0.052695 0.043739 0.246476 0.080054 
