k= 5
d= 4
pi:
0.000001 0.499998 0.000001 0.499998 0.000001 
A:
0.980464 0.009764 0.000003 0.009765 0.000003 
0.009774 0.983243 0.006977 0.000003 0.000003 
0.000012 0.000012 0.975367 0.000012 0.024597 
0.013589 0.000004 0.000004 0.986398 0.000004 
0.000009 0.018986 0.000009 0.000009 0.980986 
mean:
-0.252829 -0.784775 -0.376859 -0.067246 
0.440242 0.197081 -1.746258 -0.010829 
1.968135 -0.509482 -1.821470 1.625728 
-0.275659 -1.810911 0.785514 1.059059 
2.042407 -1.476390 -2.184996 0.454637 
var:
0.992360 0.170793 0.146974 0.205881 
0.113750 0.048807 0.893357 0.248906 
0.115330 0.060288 0.033008 0.023889 
0.738580 0.084752 0.122055 0.254496 
0.375111 0.202281 0.021009 0.109973 
