k= 5
d= 4
pi:
0.666664 0.000001 0.000001 0.333333 0.000001 
A:
0.974490 0.000005 0.000005 0.004253 0.021246 
0.020492 0.979491 0.000005 0.000005 0.000005 
0.000007 0.000007 0.971522 0.000007 0.028457 
0.005835 0.000005 0.000005 0.994149 0.000005 
0.000003 0.013530 0.013532 0.000003 0.972932 
mean:
-0.343033 -0.323031 0.235497 0.502189 
0.736300 -0.968917 -1.030893 0.619903 
1.395295 0.356083 -0.600227 2.140606 
-1.282514 1.044094 -0.927101 0.248876 
0.462951 -0.606435 -0.195078 1.571291 
var:
0.177598 0.013269 0.034717 0.024897 
0.074722 0.027773 0.153909 0.229430 
0.070513 0.061144 0.237004 0.012789 
0.857727 0.231561 0.450916 0.386270 
0.057574 0.072305 0.095931 0.069022 
