k= 4
d= 4
pi:
0.000001 0.999997 0.000001 0.000001 
A:
0.988575 0.000002 0.000002 0.011420 
0.000005 0.976653 0.000005 0.023338 
0.026117 0.000005 0.973872 0.000005 
0.000006 0.028616 0.028555 0.942823 
mean:
0.523580 -1.715188 1.325305 1.252945 
-0.075249 -0.446850 0.284068 -0.706068 
1.399278 -0.991881 1.567540 -0.838114 
0.712649 -0.900363 0.534797 -0.504391 
var:
0.123446 0.206305 0.218228 0.345553 
0.114203 0.123895 0.050672 0.015828 
0.014338 0.051039 0.074684 0.013700 
0.111937 0.029480 0.077965 0.031640 
