k= 4
d= 4
pi:
0.333335 0.000001 0.000001 0.666663 
A:
0.965292 0.000007 0.001341 0.033360 
0.000005 0.974854 0.025136 0.000005 
0.016303 0.000003 0.983690 0.000003 
0.001134 0.014136 0.000003 0.984728 
mean:
0.220382 -0.543989 0.034322 -0.090721 
1.623074 -0.554035 -1.816097 0.106374 
-0.248572 0.281576 -0.725607 -0.548378 
0.260152 -0.853780 -0.825721 1.152978 
var:
0.054362 0.015381 0.020542 0.035030 
0.064468 0.010430 0.019590 0.088097 
0.272576 0.150646 0.240275 0.029126 
0.210130 0.046969 0.050504 0.100276 
