k= 4
d= 4
pi:
0.000001 0.000001 0.000001 0.999997 
A:
0.992894 0.001187 0.000003 0.005917 
0.000005 0.986876 0.011241 0.001879 
0.000007 0.000007 0.982830 0.017156 
0.008821 0.008818 0.000004 0.982358 
mean:
0.545395 -0.775270 -0.595516 1.029891 
-1.341299 0.066958 -0.490045 0.048396 
-1.223568 1.393759 -1.011253 -1.041048 
-0.043576 0.781500 0.665340 0.085194 
var:
0.557387 0.415968 0.823199 0.195061 
0.098363 0.451497 0.143601 0.150877 
0.077167 0.162847 0.721683 0.017512 
0.155003 0.102224 0.322749 0.319260 
