k= 4
d= 4
pi:
0.000001 0.000001 0.999997 0.000001 
A:
0.982292 0.000011 0.000011 0.017687 
0.000005 0.984874 0.015117 0.000005 
0.000002 0.007601 0.991634 0.000763 
0.006953 0.000004 0.001395 0.991648 
mean:
-0.586435 0.636397 1.047772 -0.119199 
-1.331423 1.591742 -2.437509 -1.486254 
0.321509 0.584954 -1.543551 -1.150527 
0.416788 -0.049506 0.241099 0.652072 
var:
0.047648 0.340205 0.150230 0.031266 
0.114702 0.318695 0.051988 0.238233 
0.212109 0.071283 0.302066 0.514986 
0.316899 0.290165 0.284175 0.388073 
