k= 4
d= 4
pi:
0.000001 0.000001 0.000001 0.999997 
A:
0.978676 0.021315 0.000004 0.000004 
0.000003 0.987600 0.000003 0.012393 
0.020955 0.000004 0.979037 0.000004 
0.000005 0.000005 0.025658 0.974332 
mean:
0.942219 -1.039660 -1.800052 -1.512231 
-0.219039 -0.334609 -0.963667 -0.656363 
1.666235 0.036970 -0.724074 -0.428555 
0.767646 0.266543 -0.406703 -0.068245 
var:
0.195392 0.080385 0.039472 0.053618 
0.032474 0.015946 0.061817 0.051543 
0.047839 0.117833 0.022056 0.115958 
0.041215 0.006668 0.056822 0.003404 
