k= 4
d= 4
pi:
0.000001 0.000001 0.000002 0.999996 
A:
0.980893 0.012732 0.006372 0.000004 
0.000004 0.986255 0.000004 0.013737 
0.017478 0.000005 0.973774 0.008744 
0.005433 0.000003 0.010872 0.983692 
mean:
-0.696634 -1.116720 -0.874778 -0.840351 
-1.247292 0.393896 0.905285 -1.311450 
0.744456 -0.048856 -0.878824 -0.852934 
-0.067342 0.302652 0.074281 0.235113 
var:
0.326148 0.163312 0.213729 0.159594 
0.323267 0.043871 0.051406 0.179882 
0.186125 0.072660 0.247033 0.187887 
0.050332 0.251305 0.066816 0.226486 
