k= 9
d= 4
pi:
0.999247 0.000001 0.000001 0.000001 0.000001 0.000746 0.000001 0.000001 0.000001 
A:
0.959323 0.001578 0.000006 0.000006 0.000006 0.018627 0.009456 0.010991 0.000006 
0.000010 0.970117 0.000010 0.000010 0.000010 0.014910 0.000010 0.000010 0.014914 
0.000013 0.000013 0.977475 0.000013 0.022436 0.000013 0.000013 0.000013 0.000013 
0.000018 0.027526 0.000018 0.972346 0.000018 0.000018 0.000018 0.000018 0.000018 
0.015126 0.000009 0.000009 0.000009 0.984809 0.000014 0.000009 0.000009 0.000009 
0.025489 0.000005 0.000005 0.000005 0.000005 0.966302 0.001367 0.000006 0.006814 
0.000009 0.000009 0.000009 0.000009 0.000009 0.002152 0.984901 0.012895 0.000009 
0.000010 0.000010 0.018298 0.015686 0.000010 0.000011 0.000010 0.965953 0.000010 
0.000010 0.013044 0.000010 0.000010 0.000010 0.015655 0.000010 0.000010 0.971238 
mean:
-0.372397 0.260958 -0.151191 -0.704801 
-0.499012 -0.681088 1.308796 0.626842 
0.028865 0.872235 0.169937 1.138724 
1.547748 0.167597 1.986052 0.796363 
-1.146664 1.212474 -1.611383 0.820687 
-0.252062 -0.795135 -0.658277 -0.350955 
0.923843 0.840081 0.121080 -1.715550 
1.375225 0.358511 0.636816 -0.180175 
-0.391168 -1.841950 0.032287 1.079540 
var:
0.200600 0.194439 0.200770 0.102213 
0.369436 0.067849 0.256048 0.170998 
0.080766 0.019766 0.079621 0.158421 
0.109242 0.102093 0.025798 0.013316 
0.154091 0.188457 0.152760 0.271334 
0.573074 0.358659 0.075204 0.293058 
0.406021 0.237032 0.408068 0.243465 
0.435119 0.027058 0.243247 0.160369 
0.726397 0.129528 0.189554 0.118419 
