k= 6
d= 4
pi:
0.000001 0.000001 0.000001 0.000001 0.999995 0.000001 
A:
0.976188 0.000012 0.000012 0.000012 0.023765 0.000012 
0.000005 0.960155 0.015677 0.005301 0.002959 0.015903 
0.000005 0.011431 0.976336 0.000005 0.007495 0.004728 
0.010362 0.000010 0.000010 0.989597 0.000010 0.000010 
0.000004 0.014032 0.003750 0.000004 0.981263 0.000947 
0.006574 0.008862 0.005745 0.000007 0.006612 0.972200 
mean:
1.021160 -0.140769 1.497893 1.108193 
0.540371 0.293214 -0.829624 0.195773 
-1.104822 0.579295 -1.159435 -0.495950 
1.526846 -2.204897 0.245200 0.640778 
-0.427489 -0.257595 0.540760 0.469938 
0.051808 0.792821 0.640184 -1.434394 
var:
0.431140 0.530653 0.243721 0.358386 
0.267878 0.616068 0.251662 0.799158 
0.162384 0.243059 0.255751 0.501379 
0.061149 0.088268 0.592904 0.650897 
0.218331 0.188576 0.092464 0.202366 
0.953461 0.385962 0.354343 0.153843 
