k= 6
d= 4
pi:
0.000001 0.000001 0.000001 0.000001 0.499900 0.500096 
A:
0.984075 0.000006 0.000006 0.015903 0.000006 0.000006 
0.018072 0.968350 0.000006 0.000006 0.013559 0.000006 
0.000012 0.000012 0.973644 0.000012 0.000012 0.026307 
0.000010 0.000010 0.000010 0.972384 0.000010 0.027577 
0.000005 0.015117 0.011337 0.000005 0.973531 0.000005 
0.000003 0.007252 0.000003 0.000003 0.010152 0.982586 
mean:
-1.436698 0.274854 0.803906 0.817353 
-0.685781 1.443952 -0.785461 -0.655647 
1.050251 1.292114 -1.704774 -1.521249 
-0.726289 -1.646369 0.302082 0.262706 
0.207061 0.134703 -1.347161 -0.162102 
-0.015202 -0.204701 0.312844 -1.289380 
var:
0.220720 0.665216 0.243847 0.121621 
0.033203 0.124472 0.124951 0.217630 
0.006771 0.456228 0.373275 0.277194 
0.446558 0.017066 0.042441 0.039496 
0.150672 0.138703 0.095794 0.052484 
0.107287 0.528438 0.277327 0.278324 
