k= 4
d= 4
pi:
0.999997 0.000001 0.000001 0.000001 
A:
0.975536 0.000005 0.024455 0.000005 
0.019604 0.980387 0.000004 0.000004 
0.000004 0.000004 0.979220 0.020772 
0.000003 0.015724 0.000003 0.984270 
mean:
-0.691388 0.431328 0.093735 -0.136883 
0.083271 0.729893 0.589093 1.420553 
-0.014235 1.374945 -0.863398 0.490812 
0.975354 1.722274 -0.519878 1.578847 
var:
0.015445 0.120401 0.050014 0.046004 
0.084306 0.076394 0.026754 0.157860 
0.099612 0.009938 0.060744 0.077403 
0.065988 0.076281 0.065991 0.127243 
