k= 4
d= 4
pi:
0.999997 0.000001 0.000001 0.000001 
A:
0.979571 0.020420 0.000004 0.000004 
0.000005 0.976393 0.000005 0.023598 
0.020469 0.000004 0.979523 0.000004 
0.000003 0.000003 0.016846 0.983147 
mean:
0.006215 0.055081 0.426185 0.881221 
0.253976 1.075137 1.575041 0.709758 
1.015979 0.641259 0.434827 1.894691 
1.474079 1.601547 1.430125 1.216770 
var:
0.005223 0.033675 0.051110 0.266919 
0.043228 0.028233 0.043623 0.113694 
0.171887 0.042384 0.144746 0.007725 
0.078191 0.051238 0.141978 0.027840 
