k= 4
d= 4
pi:
0.000001 0.000001 0.000001 0.999997 
A:
0.977551 0.000004 0.000004 0.022440 
0.000005 0.974464 0.000005 0.025526 
0.000003 0.015709 0.984285 0.000003 
0.019253 0.000004 0.019234 0.961509 
mean:
0.348834 1.634713 -0.151363 -0.190433 
-0.492097 0.460553 -1.269735 1.597810 
0.696373 0.176516 -0.690648 0.765032 
0.126537 0.504576 0.089665 0.263453 
var:
0.013500 0.058699 0.126005 0.025840 
0.124375 0.132898 0.073484 0.076018 
0.076369 0.013150 0.045718 0.100333 
0.021616 0.174903 0.089606 0.167732 
