k= 6
d= 4
pi:
0.000001 0.455042 0.000001 0.544954 0.000001 0.000001 
A:
0.960002 0.000016 0.039934 0.000016 0.000016 0.000016 
0.008767 0.982588 0.000003 0.006005 0.000003 0.002633 
0.000007 0.000007 0.983615 0.000007 0.016358 0.000007 
0.000004 0.002991 0.000004 0.988580 0.000004 0.008415 
0.000007 0.016948 0.000007 0.000007 0.983025 0.000007 
0.000008 0.015065 0.000008 0.005030 0.000008 0.979882 
mean:
-0.682137 1.864431 -0.167767 -0.765768 
0.328531 0.530854 -0.447949 0.142398 
0.917701 2.174344 -0.929921 -1.447925 
-0.907774 -1.115914 0.106633 -0.698328 
0.128954 1.108920 -1.956786 -0.160931 
-0.092653 -0.070386 0.788326 -0.851798 
var:
0.047297 0.036212 0.003713 0.080787 
0.171926 0.185377 0.053457 0.040234 
0.265230 0.025481 0.283348 0.094440 
0.268356 0.074140 0.538460 0.610299 
0.216409 0.142282 0.153016 0.058169 
0.899999 0.192961 0.167425 0.040173 
