k= 6
d= 4
pi:
0.000001 0.999994 0.000002 0.000001 0.000001 0.000001 
A:
0.989250 0.010728 0.000005 0.000005 0.000005 0.000005 
0.006635 0.978511 0.009503 0.003688 0.000003 0.001661 
0.000009 0.024913 0.963021 0.012040 0.000009 0.000009 
0.000004 0.005742 0.000004 0.990419 0.003828 0.000004 
0.000014 0.000014 0.014027 0.000014 0.985917 0.000014 
0.000016 0.001627 0.006302 0.000016 0.000016 0.992024 
mean:
1.424781 1.177612 -0.782197 0.452214 
0.274387 -0.141665 -0.149790 -0.680260 
-0.274852 -0.092258 1.559509 -0.474271 
-0.735416 -1.138268 -0.366961 0.913870 
-1.382830 1.210910 1.712084 1.020627 
-0.409444 0.709270 -0.238568 -2.150405 
var:
0.270093 0.203285 0.440116 0.342379 
0.302794 0.207611 0.169472 0.266665 
0.173386 0.221762 0.234413 0.140958 
0.351084 0.346587 0.461383 0.131614 
0.103088 0.104062 0.116765 0.133316 
0.636473 0.546921 0.962827 0.096707 
