k= 7
d= 4
pi:
0.499998 0.000001 0.499997 0.000001 0.000001 0.000001 0.000001 
A:
0.978582 0.003105 0.005894 0.000004 0.000004 0.009306 0.003104 
0.015159 0.979756 0.000007 0.000007 0.000007 0.005057 0.000007 
0.000014 0.000015 0.979254 0.000014 0.020674 0.000014 0.000014 
0.003233 0.009689 0.000005 0.987060 0.000005 0.000005 0.000005 
0.005591 0.000009 0.000009 0.000009 0.981756 0.012618 0.000009 
0.010004 0.000007 0.000007 0.014185 0.004195 0.971596 0.000007 
0.000014 0.000014 0.000014 0.009825 0.000014 0.000014 0.990107 
mean:
-0.060095 -0.018698 -0.380497 1.178687 
0.888963 0.496246 -0.062728 -0.577203 
-1.608492 0.724225 -1.128745 -0.063519 
1.352469 -0.986582 1.053983 -0.443021 
-1.670967 -0.780057 0.079989 -0.671529 
-0.219894 -0.079361 0.765963 -0.530637 
-0.501463 -1.817577 1.767264 2.026601 
var:
0.050162 0.152556 0.435153 0.149272 
0.134038 0.240263 0.138416 0.154621 
0.244832 0.057756 0.039076 0.039404 
0.214701 0.246323 0.160993 0.433836 
0.088206 0.138642 0.405593 0.470528 
0.143307 0.575016 0.138115 0.226105 
0.089329 0.176276 0.369881 0.662759 
