k= 7
d= 4
pi:
0.000001 0.000001 0.000001 0.000001 0.000001 0.999994 0.000001 
A:
0.978245 0.000364 0.000011 0.013566 0.000011 0.007793 0.000011 
0.000007 0.983294 0.005491 0.000007 0.005478 0.005714 0.000007 
0.000006 0.000006 0.987088 0.000006 0.000006 0.004304 0.008584 
0.000012 0.000012 0.000012 0.984459 0.000012 0.000015 0.015477 
0.007363 0.000010 0.000010 0.000010 0.992588 0.000010 0.000010 
0.004351 0.007834 0.005220 0.000003 0.000003 0.982585 0.000003 
0.000008 0.000008 0.000008 0.000008 0.000008 0.021940 0.978021 
mean:
0.084492 0.940594 0.356371 1.062225 
1.384081 0.038702 -0.556647 0.395564 
-0.807765 -1.431077 -0.400401 -0.209310 
-0.816392 -0.241959 2.000037 0.313865 
1.278534 1.752458 -1.477793 1.486465 
0.124736 0.219348 -0.002077 -0.367372 
-1.248876 -0.511111 0.822669 -1.490632 
var:
0.115060 0.151984 0.287876 0.158959 
0.427790 0.520858 0.940634 0.348756 
0.156392 0.115864 0.252878 0.741585 
0.180032 0.087696 0.088180 0.758772 
0.086271 0.213019 0.261619 0.232155 
0.221642 0.070603 0.165534 0.075827 
0.145835 0.324677 0.045713 0.136472 
