k= 4
d= 4
pi:
0.999997 0.000001 0.000001 0.000001 
A:
0.974869 0.000005 0.025121 0.000005 
0.000002 0.988898 0.000002 0.011098 
0.000005 0.024995 0.974995 0.000005 
0.035857 0.000007 0.000007 0.964128 
mean:
-0.059543 0.100275 0.378673 -0.181471 
-0.031852 -1.072633 -0.999015 1.519871 
-1.433114 -1.097221 -0.606186 1.552114 
1.114967 -0.675561 -0.665127 0.474331 
var:
0.448887 0.114469 0.036800 0.222528 
0.101531 0.055512 0.078245 0.020798 
0.120643 0.089798 0.074986 0.073605 
0.088605 0.107388 0.059308 0.063335 
