k= 4
d= 4
pi:
0.000001 0.008179 0.991819 0.000001 
A:
0.984295 0.015699 0.000003 0.000003 
0.000003 0.985643 0.014351 0.000003 
0.000007 0.000007 0.964925 0.035061 
0.021470 0.000004 0.000004 0.978521 
mean:
-1.857776 0.768053 0.401110 0.095455 
-0.157293 0.087357 0.737651 -1.032450 
0.206301 0.654129 -0.117249 -1.684041 
-0.958627 1.682117 -1.098763 -1.418215 
var:
0.022806 0.058362 0.110876 0.229133 
0.506286 0.009841 0.020134 0.031639 
0.088621 0.039199 0.091548 0.050236 
0.252075 0.102589 0.113651 0.017820 
