k= 4
d= 4
pi:
0.333333 0.000001 0.666665 0.000001 
A:
0.974627 0.000005 0.000005 0.025363 
0.000005 0.974510 0.025480 0.000005 
0.012952 0.000003 0.987043 0.000003 
0.000004 0.021259 0.000004 0.978732 
mean:
-1.114903 0.361238 1.085994 0.328754 
-0.137888 -0.779382 0.843661 -0.431920 
0.333377 0.061642 0.073960 -1.118132 
-1.404815 -1.304943 1.593081 -0.085647 
var:
0.039016 0.161557 0.065573 0.181112 
0.040637 0.119538 0.054202 0.049837 
0.225746 0.128297 0.032552 0.128589 
0.141068 0.110007 0.009214 0.094870 
