k= 5
d= 4
pi:
0.999996 0.000001 0.000001 0.000001 0.000001 
A:
0.986785 0.009986 0.000003 0.000003 0.003224 
0.019185 0.968049 0.012756 0.000005 0.000005 
0.000957 0.019261 0.959563 0.020211 0.000008 
0.000007 0.000007 0.016406 0.983575 0.000007 
0.008810 0.000007 0.000007 0.000007 0.991169 
mean:
-0.101441 -0.364381 0.526808 0.182237 
-0.364308 0.792067 0.359092 0.724274 
-0.872050 0.059616 -0.812532 0.028408 
-1.378665 -0.535934 -1.519158 -1.510940 
0.998140 0.887609 -0.545987 0.752729 
var:
0.528778 0.553678 0.225025 0.382291 
0.083477 0.068464 0.044319 0.059690 
0.094851 0.175982 0.070571 0.106563 
0.022812 0.263689 0.051261 0.097507 
0.257525 0.778109 0.513447 0.687333 
