k= 4
d= 4
pi:
0.999997 0.000001 0.000001 0.000001 
A:
0.983542 0.008225 0.008229 0.000003 
0.000006 0.986102 0.013887 0.000006 
0.019802 0.000004 0.970289 0.009905 
0.000004 0.000004 0.009356 0.990636 
mean:
0.841010 -0.057584 -0.279518 0.688767 
0.140897 -1.110506 -1.889375 -0.686811 
-0.660981 0.374633 -0.456876 0.098762 
-1.129996 -0.555344 0.875505 -1.105223 
var:
0.228756 0.035414 0.047675 0.097706 
0.254214 0.146552 0.432951 0.272568 
0.083592 0.061036 0.314409 0.187255 
0.160172 0.557903 0.209186 0.184385 
