k= 4
d= 4
pi:
0.000001 0.000001 0.999997 0.000001 
A:
0.984125 0.015869 0.000003 0.000003 
0.000005 0.973947 0.000005 0.026042 
0.016738 0.000003 0.983256 0.000003 
0.000005 0.000005 0.026784 0.973205 
mean:
0.305883 -1.885540 -0.793399 1.607697 
0.195450 -0.362206 -1.374179 1.870444 
0.673747 -0.661734 0.060342 0.285747 
1.113598 0.188179 -0.546367 1.736693 
var:
0.523994 0.028821 0.380593 0.079404 
0.182952 0.184736 0.059843 0.011126 
0.257740 0.219364 0.053520 0.116592 
0.172543 0.009550 0.013375 0.118377 
