k= 8
d= 4
pi:
0.000001 0.000001 0.000001 0.000001 0.000001 0.000001 0.000001 0.999993 
A:
0.981825 0.000010 0.000010 0.000010 0.018114 0.000010 0.000010 0.000010 
0.000010 0.975421 0.000010 0.024517 0.000010 0.000010 0.000010 0.000010 
0.000016 0.000016 0.990431 0.000016 0.000016 0.000016 0.009473 0.000016 
0.000008 0.000008 0.000008 0.979910 0.000008 0.020039 0.000008 0.000008 
0.000009 0.000009 0.000009 0.000009 0.984564 0.000009 0.015384 0.000009 
0.000009 0.021702 0.000009 0.000009 0.000009 0.956534 0.000009 0.021718 
0.000006 0.000006 0.000006 0.000006 0.000006 0.000006 0.983883 0.016081 
0.007458 0.000004 0.002489 0.000004 0.000004 0.009950 0.001247 0.978843 
mean:
-0.369745 -0.328965 -0.446082 -1.120753 
0.944034 -1.743046 0.127617 1.292549 
0.489469 0.443338 2.197839 1.410242 
1.292653 -0.879697 0.748467 -0.156594 
0.834159 0.721499 -1.599948 -1.530683 
0.250952 -1.167475 -0.503531 0.149319 
0.329909 0.973237 -0.442704 0.721138 
-0.747450 -0.103212 -0.101021 0.303579 
var:
0.105323 0.061878 0.090052 0.026265 
0.072414 0.086079 0.098607 0.073011 
0.797605 0.138209 0.195880 0.469178 
0.036606 0.075868 0.139675 0.108645 
0.267862 0.243195 0.049942 0.106520 
0.052891 0.114415 0.220188 0.050417 
0.497656 0.185110 0.493854 0.628771 
0.169949 0.048744 0.359053 0.120164 
