k= 6
d= 4
pi:
0.999995 0.000001 0.000001 0.000001 0.000001 0.000001 
A:
0.973116 0.000004 0.005946 0.005080 0.000965 0.014889 
0.000007 0.984043 0.000007 0.008847 0.007085 0.000010 
0.015700 0.000010 0.981376 0.000455 0.000010 0.002449 
0.010826 0.000007 0.000007 0.982287 0.006866 0.000007 
0.011752 0.007361 0.000006 0.000006 0.980869 0.000006 
0.008607 0.005314 0.002042 0.000005 0.005364 0.978668 
mean:
0.574194 0.036965 0.296396 0.256730 
-0.389672 -0.440851 -1.139184 -1.624727 
0.628929 1.185406 0.267694 1.579861 
0.619044 -1.012533 -0.636713 0.776582 
-1.475753 -0.884097 -0.447202 -0.248231 
0.037987 1.226884 1.211488 -0.353033 
var:
0.158237 0.105496 0.344609 0.083222 
0.949296 0.312439 0.589971 0.175963 
0.390313 0.097293 0.014196 0.368839 
0.400956 0.195193 0.602085 0.397798 
0.236419 0.634845 0.281954 0.402787 
0.613456 0.246376 0.583340 0.132279 
