k= 4
d= 4
pi:
0.000001 0.999997 0.000001 0.000001 
A:
0.980083 0.000005 0.019907 0.000005 
0.009871 0.987657 0.000002 0.002470 
0.000003 0.012013 0.987980 0.000003 
0.000014 0.014326 0.000014 0.985645 
mean:
-1.882606 0.463207 1.746920 0.653442 
-0.525100 0.355589 0.451578 0.009112 
0.142754 1.561506 1.928161 -0.794102 
0.893490 -0.549425 -0.358740 -1.186998 
var:
0.060014 0.191238 0.065412 0.139649 
0.277241 0.157772 0.124147 0.141327 
0.318892 0.022208 0.122446 0.229849 
0.039178 0.024249 0.110416 0.087066 
