k= 4
d= 4
pi:
0.000001 0.999997 0.000001 0.000001 
A:
0.975242 0.000005 0.024748 0.000005 
0.000004 0.982234 0.000004 0.017759 
0.000003 0.016005 0.983989 0.000003 
0.025084 0.000005 0.000005 0.974906 
mean:
-1.659561 -0.168046 -0.328946 -1.855714 
0.144898 -0.334486 0.058137 -0.389499 
-1.236503 -1.486650 -0.859468 -0.292561 
-0.151193 -0.410953 -0.938216 -1.742298 
var:
0.079997 0.016235 0.053386 0.223809 
0.160377 0.198200 0.130380 0.120017 
0.046548 0.168178 0.076548 0.032716 
0.067223 0.123943 0.021612 0.100596 
