k= 5
d= 4
pi:
0.000001 0.000001 0.999996 0.000001 0.000001 
A:
0.973141 0.000005 0.000005 0.000005 0.026843 
0.040684 0.959291 0.000008 0.000008 0.000008 
0.000005 0.023375 0.976611 0.000005 0.000005 
0.000006 0.000006 0.032615 0.967365 0.000006 
0.000003 0.000003 0.000003 0.015701 0.984290 
mean:
-2.087907 0.082456 1.483850 0.931896 
-1.736843 0.613073 0.887442 -0.120549 
-0.442538 -0.297659 0.173328 0.107531 
-0.681376 0.895427 1.122997 1.492183 
-1.543011 1.721922 1.630548 1.080830 
var:
0.027703 0.151169 0.013090 0.066391 
0.038574 0.063008 0.097642 0.106678 
0.087155 0.059452 0.060155 0.374173 
0.035490 0.144099 0.062672 0.039441 
0.050130 0.065240 0.025695 0.054791 
