k= 8
d= 4
pi:
0.000001 0.000001 0.000001 0.000001 0.000001 0.999993 0.000001 0.000001 
A:
0.984117 0.015757 0.000021 0.000021 0.000021 0.000021 0.000021 0.000021 
0.000006 0.960555 0.000006 0.005841 0.004382 0.029199 0.000006 0.000006 
0.000020 0.000020 0.980153 0.019729 0.000020 0.000020 0.000020 0.000020 
0.000008 0.008262 0.000008 0.983436 0.008261 0.000008 0.000008 0.000008 
0.000007 0.000007 0.000007 0.000007 0.987353 0.000007 0.012604 0.000007 
0.003434 0.008025 0.004577 0.000005 0.000005 0.977087 0.000005 0.006863 
0.000007 0.022871 0.000007 0.000007 0.000007 0.000007 0.977087 0.000007 
0.000009 0.000009 0.000009 0.000009 0.000009 0.000009 0.013749 0.986196 
mean:
-0.472120 -0.523895 0.589952 -2.181673 
0.347471 0.175075 -0.142129 0.095062 
2.155245 -0.451512 0.418990 -0.981770 
1.247211 -0.993358 1.121441 1.047424 
-0.598677 -1.381977 -0.153810 0.339584 
0.168580 0.546963 -1.293505 -0.785779 
-1.072972 0.093291 0.980299 0.975079 
-0.904184 1.807325 0.037391 -0.030448 
var:
0.053539 0.221750 0.592458 0.172560 
0.087285 0.200381 0.249735 0.252893 
0.040992 0.253063 0.365177 0.091343 
0.390699 0.284664 0.111056 0.077984 
0.139427 0.097007 0.732752 0.629946 
0.442175 0.055760 0.096845 0.274142 
0.229269 0.183046 0.504813 0.267588 
0.182900 0.175529 0.135597 0.478405 
