k= 3
d= 10
pi:
0.000001 0.999998 0.000001 
A:
0.984592 0.015370 0.000038 
0.041336 0.958425 0.000240 
0.000081 0.000042 0.999877 
mean:
-0.614873 -0.422713 0.697564 0.199832 -0.041855 -0.002918 -0.631497 -0.619276 0.381843 -0.022664 
-0.433756 -0.443721 0.355565 -0.589193 0.133128 -0.029110 -0.574839 -0.616341 0.041407 0.013310 
1.239509 0.937989 -1.325183 0.030481 -0.012151 0.021965 1.349790 1.354929 -0.634463 0.028300 
var:
0.138784 0.212011 0.100845 0.814377 0.523340 1.019037 0.127384 0.083223 0.513384 1.025705 
0.778982 2.081511 0.526675 2.657682 3.812699 0.917061 0.225156 0.325627 0.566258 1.846456 
0.254925 0.334565 0.108547 0.042100 0.079192 1.018147 0.198765 0.190748 1.398382 0.454817 
