1 0
1 0
1 0
1 0
1 1
9 0
9 0
9 0
9 1
1 0
1 0
1 0
1 0
1 1
2 0
2 0
2 0
2 1
2 0
2 0
2 0
2 1
9 0
9 0
9 0
9 1
0 0
0 0
0 0
0 1
6 0
6 0
6 0
6 1
0 0
0 0
0 0
0 1
6 0
6 0
6 0
6 1
9 0
9 0
9 0
9 1
1 0
1 0
1 0
1 1
6 0
6 0
6 0
6 1
5 0
5 0
5 0
5 1
0 0
0 0
0 0
0 1
2 0
2 0
2 0
2 1
1 0
1 0
1 0
1 1
1 0
1 0
1 0
1 1
0 0
0 0
0 0
0 1
0 0
0 0
0 0
0 1
0 0
0 0
0 0
0 1
2 0
2 0
2 0
2 1
0 0
0 0
0 0
0 1
1 0
1 0
1 0
1 1
2 0
2 0
2 0
2 1
1 0
1 0
1 0
1 1
1 0
1 0
1 0
1 1
1 0
1 0
1 0
1 1
1 0
1 0
1 0
1 1
1 0
1 0
1 0
1 1
2 0
2 0
2 0
2 1
2 0
2 0
2 0
2 1
6 0
6 0
6 0
6 1
2 0
2 0
2 0
2 1
1 0
1 0
1 0
1 1
0 0
0 0
0 0
0 1
1 0
1 0
1 0
1 1
