6 0
6 0
6 0
6 1
9 0
9 0
9 0
9 1
0 0
0 0
0 0
0 1
11 0
11 0
11 0
11 0
11 1
1 0
1 0
1 0
1 1
0 0
0 0
0 0
0 1
0 0
0 0
0 0
0 1
6 0
6 0
6 0
6 1
6 0
6 0
6 0
6 1
2 0
2 0
2 0
2 1
2 0
2 0
2 0
2 1
1 0
1 0
1 0
1 1
11 0
11 0
11 0
11 1
0 0
0 0
0 0
0 1
2 0
2 0
2 0
2 1
9 0
9 0
9 0
9 1
1 0
1 0
1 0
1 1
6 0
6 0
6 0
6 1
2 0
2 0
2 0
2 1
0 0
0 0
0 0
0 1
2 0
2 0
2 0
2 1
6 0
6 0
6 0
6 1
0 0
0 0
0 0
0 1
10 0
10 0
10 0
10 1
9 0
9 0
9 0
9 1
0 0
0 0
0 0
0 1
0 0
0 0
0 0
0 1
2 0
2 0
2 0
2 1
11 0
11 0
11 0
11 1
11 0
11 0
11 0
11 1
11 0
11 0
11 0
11 1
10 0
10 0
10 0
10 1
0 0
0 0
0 0
0 1
6 0
6 0
6 0
6 1
11 0
11 0
11 0
11 1
0 0
0 0
0 0
0 1
9 0
9 0
9 0
9 1
2 0
2 0
2 0
2 1
1 0
1 0
1 0
1 1
0 0
0 0
0 0
0 1
10 0
10 0
10 0
10 1
1 0
1 0
1 0
1 1
0 0
0 0
0 0
0 1
0 0
0 0
0 0
0 1
0 0
0 0
0 0
0 1
2 0
2 0
2 0
2 1
2 0
2 0
2 0
2 1
0 0
0 0
0 0
0 1
0 0
0 0
0 0
0 1
0 0
0 0
0 0
0 1
1 0
1 0
1 0
1 1
0 0
0 0
0 0
0 1
0 0
0 0
0 0
0 1
10 0
10 0
10 0
10 1
0 0
0 0
0 0
0 1
0 0
0 0
0 0
0 1
6 0
6 0
6 0
6 1
0 0
0 0
0 0
0 1
2 0
2 0
2 0
2 1
0 0
0 0
0 0
0 1
11 0
11 0
11 0
11 1
10 0
10 0
10 0
10 1
0 0
0 0
0 0
0 1
2 0
2 0
2 0
2 1
2 0
2 0
2 0
2 1
2 0
2 0
2 0
2 1
6 0
6 0
6 0
6 1
6 0
6 0
6 0
6 1
0 0
0 0
0 0
0 1
0 0
0 0
0 0
0 1
0 0
0 0
0 0
0 1
6 0
6 0
6 0
6 1
2 0
2 0
2 0
2 1
8 0
8 0
8 0
8 1
9 0
9 0
9 0
9 1
2 0
2 0
2 0
2 1
0 0
0 0
0 0
0 1
6 0
6 0
6 0
6 1
6 0
6 0
6 0
6 1
8 0
8 0
8 0
8 1
2 0
2 0
2 0
2 1
6 0
6 0
6 0
6 1
0 0
0 0
0 0
0 1
0 0
0 0
0 0
0 1
0 0
0 0
0 0
0 1
2 0
2 0
2 0
2 1
11 0
11 0
11 0
11 1
0 0
0 0
0 0
0 1
