1 0
1 0
1 0
1 0
1 1
3 0
3 0
3 0
3 0
3 1
5 0
5 0
5 0
5 1
3 0
3 0
3 0
3 0
3 1
1 0
1 0
1 0
1 1
0 0
0 0
0 0
0 1
3 0
3 0
3 0
3 1
5 0
5 0
5 0
5 1
4 0
4 0
4 0
4 1
1 0
1 0
1 0
1 1
4 0
4 0
4 0
4 1
3 0
3 0
3 0
3 1
3 0
3 0
3 0
3 1
1 0
1 0
1 0
1 1
8 0
8 0
8 0
8 1
7 0
7 0
7 0
7 1
3 0
3 0
3 0
3 1
0 0
0 0
0 0
0 1
11 0
11 0
11 0
11 1
14 0
14 0
14 0
14 1
3 0
3 0
3 0
3 1
7 0
7 0
7 0
7 1
9 0
9 0
9 0
9 1
8 0
8 0
8 0
8 1
8 0
8 0
8 0
8 1
1 0
1 0
1 0
1 1
8 0
8 0
8 0
8 1
0 0
0 0
0 0
0 1
0 0
0 0
0 0
0 1
11 0
11 0
11 0
11 1
3 0
3 0
3 0
3 1
8 0
8 0
8 0
8 1
3 0
3 0
3 0
3 1
3 0
3 0
3 0
3 1
0 0
0 0
0 0
0 1
8 0
8 0
8 0
8 1
0 0
0 0
0 0
0 1
0 0
0 0
0 0
0 1
1 0
1 0
1 0
1 1
3 0
3 0
3 0
3 1
3 0
3 0
3 0
3 1
13 0
13 0
13 0
13 1
5 0
5 0
5 0
5 1
0 0
0 0
0 0
0 1
8 0
8 0
8 0
8 1
1 0
1 0
1 0
1 1
5 0
5 0
5 0
5 1
8 0
8 0
8 0
8 1
3 0
3 0
3 0
3 1
3 0
3 0
3 0
3 1
0 0
0 0
0 0
0 1
6 0
6 0
6 0
6 1
9 0
9 0
9 0
9 1
7 0
7 0
7 0
7 1
3 0
3 0
3 0
3 1
10 0
10 0
10 0
10 1
8 0
8 0
8 0
8 1
8 0
8 0
8 0
8 1
9 0
9 0
9 0
9 1
8 0
8 0
8 0
8 1
3 0
3 0
3 0
3 1
1 0
1 0
1 0
1 1
9 0
9 0
9 0
9 1
0 0
0 0
0 0
0 1
3 0
3 0
3 0
3 1
8 0
8 0
8 0
8 1
3 0
3 0
3 0
3 1
0 0
0 0
0 0
0 1
3 0
3 0
3 0
3 1
0 0
0 0
0 0
0 1
8 0
8 0
8 0
8 1
1 0
1 0
1 0
1 1
1 0
1 0
1 0
1 1
7 0
7 0
7 0
7 1
10 0
10 0
10 0
10 1
3 0
3 0
3 0
3 1
3 0
3 0
3 0
3 1
3 0
3 0
3 0
3 1
0 0
0 0
0 0
0 1
3 0
3 0
3 0
3 1
0 0
0 0
0 0
0 1
0 0
0 0
0 0
0 1
0 0
0 0
0 0
0 1
1 0
1 0
1 0
1 1
12 0
12 0
12 0
12 1
0 0
0 0
0 0
0 1
8 0
8 0
8 0
8 1
3 0
3 0
3 0
3 1
0 0
0 0
0 0
0 1
0 0
0 0
0 0
0 1
0 0
0 0
0 0
0 1
3 0
3 0
3 0
3 1
8 0
8 0
8 0
8 1
0 0
0 0
0 0
0 1
0 0
0 0
0 0
0 1
0 0
0 0
0 0
0 1
8 0
8 0
8 0
8 1
0 0
0 0
0 0
0 1
1 0
1 0
1 0
1 1
0 0
0 0
0 0
0 1
3 0
3 0
3 0
3 1
3 0
3 0
3 0
3 1
12 0
12 0
12 0
12 1
3 0
3 0
3 0
3 1
4 0
4 0
4 0
4 1
8 0
8 0
8 0
8 1
3 0
3 0
3 0
3 1
9 0
9 0
9 0
9 1
5 0
5 0
5 0
5 1
1 0
1 0
1 0
1 1
8 0
8 0
8 0
8 1
3 0
3 0
3 0
3 1
1 0
1 0
1 0
1 1
8 0
8 0
8 0
8 1
7 0
7 0
7 0
7 1
1 0
1 0
1 0
1 1
10 0
10 0
10 0
10 1
3 0
3 0
3 0
3 1
0 0
0 0
0 0
0 1
0 0
0 0
0 0
0 1
0 0
0 0
0 0
0 1
8 0
8 0
8 0
8 1
8 0
8 0
8 0
8 1
14 0
14 0
14 0
14 1
0 0
0 0
0 0
0 1
3 0
3 0
3 0
3 1
7 0
7 0
7 0
7 1
3 0
3 0
3 0
3 1
1 0
1 0
1 0
1 1
0 0
0 0
0 0
0 1
