3 0
3 0
3 0
3 1
2 0
2 0
2 0
2 1
7 0
7 0
7 0
7 1
2 0
2 0
2 0
2 1
7 0
7 0
7 0
7 1
1 0
1 0
1 0
1 1
4 0
4 0
4 0
4 1
0 0
0 0
0 0
0 1
3 0
3 0
3 0
3 1
3 0
3 0
3 0
3 1
2 0
2 0
2 0
2 1
2 0
2 0
2 0
2 1
0 0
0 0
0 0
0 1
3 0
3 0
3 0
3 1
0 0
0 0
0 0
0 1
0 0
0 0
0 0
0 1
1 0
1 0
1 0
1 1
7 0
7 0
7 0
7 1
4 0
4 0
4 0
4 1
9 0
9 0
9 0
9 1
0 0
0 0
0 0
0 1
2 0
2 0
2 0
2 1
0 0
0 0
0 0
0 1
0 0
0 0
0 0
0 1
0 0
0 0
0 0
0 1
2 0
2 0
2 0
2 1
1 0
1 0
1 0
1 1
4 0
4 0
4 0
4 1
0 0
0 0
0 0
0 1
2 0
2 0
2 0
2 1
4 0
4 0
4 0
4 1
1 0
1 0
1 0
1 1
8 0
8 0
8 0
8 1
1 0
1 0
1 0
1 1
0 0
0 0
0 0
0 1
0 0
0 0
0 0
0 1
2 0
2 0
2 0
2 1
1 0
1 0
1 0
1 1
0 0
0 0
0 0
0 1
0 0
0 0
0 0
0 1
9 0
9 0
9 0
9 1
0 0
0 0
0 0
0 1
2 0
2 0
2 0
2 1
1 0
1 0
1 0
1 1
2 0
2 0
2 0
2 1
1 0
1 0
1 0
1 1
3 0
3 0
3 0
3 1
2 0
2 0
2 0
2 1
0 0
0 0
0 0
0 1
1 0
1 0
1 0
1 1
