0 0
0 0
0 0
0 1
0 0
0 0
0 0
0 1
9 0
9 0
9 0
9 1
0 0
0 0
0 0
0 1
4 0
4 0
4 0
4 1
9 0
9 0
9 0
9 1
4 0
4 0
4 0
4 1
4 0
4 0
4 0
4 1
4 0
4 0
4 0
4 1
2 0
2 0
2 0
2 1
9 0
9 0
9 0
9 1
9 0
9 0
9 0
9 1
4 0
4 0
4 0
4 1
0 0
0 0
0 0
0 1
17 0
17 0
17 0
17 1
5 0
5 0
5 0
5 1
9 0
9 0
9 0
9 1
4 0
4 0
4 0
4 1
0 0
0 0
0 0
0 1
2 0
2 0
2 0
2 1
3 0
3 0
3 0
3 1
4 0
4 0
4 0
4 1
0 0
0 0
0 0
0 1
5 0
5 0
5 0
5 1
15 0
15 0
15 0
15 1
0 0
0 0
0 0
0 1
0 0
0 0
0 0
0 1
0 0
0 0
0 0
0 1
17 0
17 0
17 0
17 1
0 0
0 0
0 0
0 1
16 0
16 0
16 0
16 1
1 0
1 0
1 0
1 1
14 0
14 0
14 0
14 1
5 0
5 0
5 0
5 1
7 0
7 0
7 0
7 1
11 0
11 0
11 0
11 1
0 0
0 0
0 0
0 1
5 0
5 0
5 0
5 1
9 0
9 0
9 0
9 1
4 0
4 0
4 0
4 1
11 0
11 0
11 0
11 1
11 0
11 0
11 0
11 1
0 0
0 0
0 0
0 1
4 0
4 0
4 0
4 1
1 0
1 0
1 0
1 1
4 0
4 0
4 0
4 1
14 0
14 0
14 0
14 1
2 0
2 0
2 0
2 1
0 0
0 0
0 0
0 1
14 0
14 0
14 0
14 1
7 0
7 0
7 0
7 1
0 0
0 0
0 0
0 1
4 0
4 0
4 0
4 1
11 0
11 0
11 0
11 1
4 0
4 0
4 0
4 1
16 0
16 0
16 0
16 1
1 0
1 0
1 0
1 1
9 0
9 0
9 0
9 1
1 0
1 0
1 0
1 1
11 0
11 0
11 0
11 1
11 0
11 0
11 0
11 1
0 0
0 0
0 0
0 1
0 0
0 0
0 0
0 1
3 0
3 0
3 0
3 1
4 0
4 0
4 0
4 1
2 0
2 0
2 0
2 1
11 0
11 0
11 0
11 1
4 0
4 0
4 0
4 1
4 0
4 0
4 0
4 1
3 0
3 0
3 0
3 1
4 0
4 0
4 0
4 1
4 0
4 0
4 0
4 1
14 0
14 0
14 0
14 1
4 0
4 0
4 0
4 1
4 0
4 0
4 0
4 1
