k= 4
d= 4
pi:
0.000001 0.000001 0.999997 0.000001 
A:
0.986382 0.000003 0.013612 0.000003 
0.000013 0.989196 0.010744 0.000047 
0.015566 0.002878 0.967555 0.014000 
0.000003 0.000003 0.013120 0.986874 
mean:
0.442651 -0.679239 1.396231 -0.820383 
1.062550 0.932373 -1.368660 -1.604034 
-0.166940 -0.422530 -0.099197 -0.293422 
-0.387568 -0.025312 -0.974255 1.181837 
var:
0.255191 0.062611 0.237744 0.033965 
2.975838 2.409475 1.026143 0.746423 
0.113258 0.245817 0.212154 0.132252 
0.085409 0.401481 0.050451 0.265801 
