k= 6
d= 4
pi:
0.000001 0.000001 0.000001 0.000001 0.999995 0.000001 
A:
0.990382 0.000009 0.000009 0.000009 0.006710 0.002881 
0.000004 0.987526 0.002144 0.008343 0.001979 0.000004 
0.000014 0.001588 0.988913 0.000014 0.009456 0.000014 
0.000433 0.006663 0.000004 0.986448 0.006447 0.000004 
0.002439 0.005426 0.000808 0.004503 0.986820 0.000004 
0.005931 0.000018 0.000018 0.000018 0.000018 0.993996 
mean:
1.553351 1.703911 0.514925 0.468325 
-0.648997 -0.379566 -0.549462 0.477556 
-1.074490 1.278205 -0.373242 0.487388 
0.248198 -0.773440 0.466269 -0.715733 
-0.369075 -0.388477 0.571198 0.456778 
1.872302 1.888242 -2.879959 -2.917946 
var:
0.109469 0.121511 0.308427 0.348951 
0.065710 0.044035 0.172727 0.249093 
0.054435 0.138673 0.108296 0.047589 
0.850997 0.093656 0.475267 0.245336 
0.217128 0.310339 0.045217 0.075350 
0.009692 0.010657 1.355691 1.235921 
