0 0
0 0
0 0
0 1
0 0
0 0
0 0
0 1
9 0
9 0
9 0
9 1
0 0
0 0
0 0
0 1
3 0
3 0
3 0
3 1
0 0
0 0
0 0
0 1
4 0
4 0
4 0
4 1
0 0
0 0
0 0
0 1
0 0
0 0
0 0
0 1
7 0
7 0
7 0
7 1
4 0
4 0
4 0
4 1
0 0
0 0
0 0
0 1
4 0
4 0
4 0
4 1
4 0
4 0
4 0
4 1
4 0
4 0
4 0
4 1
4 0
4 0
4 0
4 1
4 0
4 0
4 0
4 1
1 0
1 0
1 0
1 1
10 0
10 0
10 0
10 1
1 0
1 0
1 0
1 1
1 0
1 0
1 0
1 1
4 0
4 0
4 0
4 1
0 0
0 0
0 0
0 1
0 0
0 0
0 0
0 1
0 0
0 0
0 0
0 1
0 0
0 0
0 0
0 1
0 0
0 0
0 0
0 1
11 0
11 0
11 0
11 1
0 0
0 0
0 0
0 1
0 0
0 0
0 0
0 1
0 0
0 0
0 0
0 1
0 0
0 0
0 0
0 1
4 0
4 0
4 0
4 1
10 0
10 0
10 0
10 1
0 0
0 0
0 0
0 1
0 0
0 0
0 0
0 1
4 0
4 0
4 0
4 1
4 0
4 0
4 0
4 1
0 0
0 0
0 0
0 1
0 0
0 0
0 0
0 1
0 0
0 0
0 0
0 1
0 0
0 0
0 0
0 1
4 0
4 0
4 0
4 1
9 0
9 0
9 0
9 1
0 0
0 0
0 0
0 1
4 0
4 0
4 0
4 1
0 0
0 0
0 0
0 1
0 0
0 0
0 0
0 1
12 0
12 0
12 0
12 1
4 0
4 0
4 0
4 1
