2 0
2 0
2 0
2 0
2 1
1 0
1 0
1 0
1 1
3 0
3 0
3 0
3 0
3 1
0 0
0 0
0 0
0 0
0 1
2 0
2 0
2 0
2 1
3 0
3 0
3 0
3 1
0 0
0 0
0 0
0 1
6 0
6 0
6 0
6 1
4 0
4 0
4 0
4 1
7 0
7 0
7 0
7 1
6 0
6 0
6 0
6 1
2 0
2 0
2 0
2 1
0 0
0 0
0 0
0 1
5 0
5 0
5 0
5 1
0 0
0 0
0 0
0 1
3 0
3 0
3 0
3 1
2 0
2 0
2 0
2 1
7 0
7 0
7 0
7 1
7 0
7 0
7 0
7 1
3 0
3 0
3 0
3 1
7 0
7 0
7 0
7 1
7 0
7 0
7 0
7 1
3 0
3 0
3 0
3 1
2 0
2 0
2 0
2 1
0 0
0 0
0 0
0 1
2 0
2 0
2 0
2 1
0 0
0 0
0 0
0 1
3 0
3 0
3 0
3 1
7 0
7 0
7 0
7 1
12 0
12 0
12 0
12 1
1 0
1 0
1 0
1 1
3 0
3 0
3 0
3 1
3 0
3 0
3 0
3 1
14 0
14 0
14 0
14 1
3 0
3 0
3 0
3 1
2 0
2 0
2 0
2 1
1 0
1 0
1 0
1 1
6 0
6 0
6 0
6 1
0 0
0 0
0 0
0 1
3 0
3 0
3 0
3 1
0 0
0 0
0 0
0 1
6 0
6 0
6 0
6 1
6 0
6 0
6 0
6 1
7 0
7 0
7 0
7 1
3 0
3 0
3 0
3 1
3 0
3 0
3 0
3 1
6 0
6 0
6 0
6 1
4 0
4 0
4 0
4 1
6 0
6 0
6 0
6 1
7 0
7 0
7 0
7 1
6 0
6 0
6 0
6 1
7 0
7 0
7 0
7 1
2 0
2 0
2 0
2 1
1 0
1 0
1 0
1 1
0 0
0 0
0 0
0 1
3 0
3 0
3 0
3 1
6 0
6 0
6 0
6 1
0 0
0 0
0 0
0 1
1 0
1 0
1 0
1 1
5 0
5 0
5 0
5 1
0 0
0 0
0 0
0 1
7 0
7 0
7 0
7 1
7 0
7 0
7 0
7 1
0 0
0 0
0 0
0 1
0 0
0 0
0 0
0 1
3 0
3 0
3 0
3 1
1 0
1 0
1 0
1 1
0 0
0 0
0 0
0 1
2 0
2 0
2 0
2 1
