5 0
5 0
5 0
5 1
3 0
3 0
3 0
3 1
4 0
4 0
4 0
4 1
5 0
5 0
5 0
5 1
1 0
1 0
1 0
1 1
1 0
1 0
1 0
1 1
3 0
3 0
3 0
3 1
1 0
1 0
1 0
1 1
3 0
3 0
3 0
3 1
5 0
5 0
5 0
5 1
4 0
4 0
4 0
4 1
3 0
3 0
3 0
3 1
3 0
3 0
3 0
3 1
3 0
3 0
3 0
3 1
4 0
4 0
4 0
4 1
5 0
5 0
5 0
5 1
5 0
5 0
5 0
5 1
13 0
13 0
13 0
13 1
1 0
1 0
1 0
1 1
3 0
3 0
3 0
3 1
3 0
3 0
3 0
3 1
3 0
3 0
3 0
3 1
3 0
3 0
3 0
3 1
14 0
14 0
14 0
14 1
3 0
3 0
3 0
3 1
3 0
3 0
3 0
3 1
6 0
6 0
6 0
6 1
3 0
3 0
3 0
3 1
3 0
3 0
3 0
3 1
8 0
8 0
8 0
8 1
3 0
3 0
3 0
3 1
0 0
0 0
0 0
0 1
5 0
5 0
5 0
5 1
0 0
0 0
0 0
0 1
5 0
5 0
5 0
5 1
3 0
3 0
3 0
3 1
3 0
3 0
3 0
3 1
8 0
8 0
8 0
8 1
5 0
5 0
5 0
5 1
3 0
3 0
3 0
3 1
5 0
5 0
5 0
5 1
3 0
3 0
3 0
3 1
3 0
3 0
3 0
3 1
3 0
3 0
3 0
3 1
3 0
3 0
3 0
3 1
1 0
1 0
1 0
1 1
3 0
3 0
3 0
3 1
0 0
0 0
0 0
0 1
3 0
3 0
3 0
3 1
1 0
1 0
1 0
1 1
5 0
5 0
5 0
5 1
5 0
5 0
5 0
5 1
3 0
3 0
3 0
3 1
3 0
3 0
3 0
3 1
6 0
6 0
6 0
6 1
6 0
6 0
6 0
6 1
5 0
5 0
5 0
5 1
3 0
3 0
3 0
3 1
3 0
3 0
3 0
3 1
3 0
3 0
3 0
3 1
3 0
3 0
3 0
3 1
14 0
14 0
14 0
14 1
6 0
6 0
6 0
6 1
3 0
3 0
3 0
3 1
3 0
3 0
3 0
3 1
3 0
3 0
3 0
3 1
3 0
3 0
3 0
3 1
3 0
3 0
3 0
3 1
4 0
4 0
4 0
4 1
0 0
0 0
0 0
0 1
4 0
4 0
4 0
4 1
3 0
3 0
3 0
3 1
1 0
1 0
1 0
1 1
3 0
3 0
3 0
3 1
3 0
3 0
3 0
3 1
