4 0
4 0
4 0
4 1
2 0
2 0
2 0
2 1
12 0
12 0
12 0
12 1
5 0
5 0
5 0
5 1
5 0
5 0
5 0
5 1
3 0
3 0
3 0
3 1
5 0
5 0
5 0
5 1
9 0
9 0
9 0
9 1
9 0
9 0
9 0
9 1
4 0
4 0
4 0
4 1
7 0
7 0
7 0
7 1
2 0
2 0
2 0
2 1
9 0
9 0
9 0
9 1
2 0
2 0
2 0
2 1
1 0
1 0
1 0
1 1
3 0
3 0
3 0
3 1
1 0
1 0
1 0
1 1
1 0
1 0
1 0
1 1
3 0
3 0
3 0
3 1
10 0
10 0
10 0
10 1
4 0
4 0
4 0
4 1
1 0
1 0
1 0
1 1
12 0
12 0
12 0
12 1
1 0
1 0
1 0
1 1
9 0
9 0
9 0
9 1
5 0
5 0
5 0
5 1
3 0
3 0
3 0
3 1
1 0
1 0
1 0
1 1
2 0
2 0
2 0
2 1
4 0
4 0
4 0
4 1
5 0
5 0
5 0
5 1
7 0
7 0
7 0
7 1
1 0
1 0
1 0
1 1
1 0
1 0
1 0
1 1
1 0
1 0
1 0
1 1
7 0
7 0
7 0
7 1
2 0
2 0
2 0
2 1
1 0
1 0
1 0
1 1
4 0
4 0
4 0
4 1
5 0
5 0
5 0
5 1
5 0
5 0
5 0
5 1
1 0
1 0
1 0
1 1
0 0
0 0
0 0
0 1
5 0
5 0
5 0
5 1
