10 0
10 0
10 0
10 1
0 0
0 0
0 0
0 1
0 0
0 0
0 0
0 1
0 0
0 0
0 0
0 1
4 0
4 0
4 0
4 1
1 0
1 0
1 0
1 1
4 0
4 0
4 0
4 1
4 0
4 0
4 0
4 1
4 0
4 0
4 0
4 1
0 0
0 0
0 0
0 1
7 0
7 0
7 0
7 1
7 0
7 0
7 0
7 1
5 0
5 0
5 0
5 1
0 0
0 0
0 0
0 1
0 0
0 0
0 0
0 1
5 0
5 0
5 0
5 1
5 0
5 0
5 0
5 1
1 0
1 0
1 0
1 1
4 0
4 0
4 0
4 1
1 0
1 0
1 0
1 1
0 0
0 0
0 0
0 1
1 0
1 0
1 0
1 1
4 0
4 0
4 0
4 1
4 0
4 0
4 0
4 1
1 0
1 0
1 0
1 1
5 0
5 0
5 0
5 1
0 0
0 0
0 0
0 1
7 0
7 0
7 0
7 1
5 0
5 0
5 0
5 1
0 0
0 0
0 0
0 1
0 0
0 0
0 0
0 1
0 0
0 0
0 0
0 1
0 0
0 0
0 0
0 1
4 0
4 0
4 0
4 1
5 0
5 0
5 0
5 1
0 0
0 0
0 0
0 1
5 0
5 0
5 0
5 1
0 0
0 0
0 0
0 1
0 0
0 0
0 0
0 1
1 0
1 0
1 0
1 1
4 0
4 0
4 0
4 1
0 0
0 0
0 0
0 1
4 0
4 0
4 0
4 1
5 0
5 0
5 0
5 1
5 0
5 0
5 0
5 1
0 0
0 0
0 0
0 1
5 0
5 0
5 0
5 1
0 0
0 0
0 0
0 1
7 0
7 0
7 0
7 1
0 0
0 0
0 0
0 1
