0 0
0 0
0 0
0 1
2 0
2 0
2 0
2 1
2 0
2 0
2 0
2 1
2 0
2 0
2 0
2 1
0 0
0 0
0 0
0 1
6 0
6 0
6 0
6 1
5 0
5 0
5 0
5 1
2 0
2 0
2 0
2 1
2 0
2 0
2 0
2 1
2 0
2 0
2 0
2 1
0 0
0 0
0 0
0 1
0 0
0 0
0 0
0 1
2 0
2 0
2 0
2 1
2 0
2 0
2 0
2 1
11 0
11 0
11 0
11 1
6 0
6 0
6 0
6 1
1 0
1 0
1 0
1 1
9 0
9 0
9 0
9 1
2 0
2 0
2 0
2 1
0 0
0 0
0 0
0 1
0 0
0 0
0 0
0 1
2 0
2 0
2 0
2 1
0 0
0 0
0 0
0 1
0 0
0 0
0 0
0 1
0 0
0 0
0 0
0 1
0 0
0 0
0 0
0 1
0 0
0 0
0 0
0 1
0 0
0 0
0 0
0 1
0 0
0 0
0 0
0 1
2 0
2 0
2 0
2 1
2 0
2 0
2 0
2 1
7 0
7 0
7 0
7 1
2 0
2 0
2 0
2 1
6 0
6 0
6 0
6 1
7 0
7 0
7 0
7 1
1 0
1 0
1 0
1 1
5 0
5 0
5 0
5 1
2 0
2 0
2 0
2 1
0 0
0 0
0 0
0 1
2 0
2 0
2 0
2 1
0 0
0 0
0 0
0 1
2 0
2 0
2 0
2 1
11 0
11 0
11 0
11 1
2 0
2 0
2 0
2 1
9 0
9 0
9 0
9 1
0 0
0 0
0 0
0 1
0 0
0 0
0 0
0 1
0 0
0 0
0 0
0 1
0 0
0 0
0 0
0 1
0 0
0 0
0 0
0 1
