0 0
0 0
0 0
0 0
0 1
0 0
0 0
0 0
0 1
1 0
1 0
1 0
1 1
3 0
3 0
3 0
3 0
3 1
1 0
1 0
1 0
1 1
1 0
1 0
1 0
1 1
0 0
0 0
0 0
0 1
0 0
0 0
0 0
0 1
0 0
0 0
0 0
0 1
0 0
0 0
0 0
0 1
3 0
3 0
3 0
3 1
7 0
7 0
7 0
7 1
0 0
0 0
0 0
0 1
0 0
0 0
0 0
0 1
1 0
1 0
1 0
1 1
1 0
1 0
1 0
1 1
3 0
3 0
3 0
3 1
3 0
3 0
3 0
3 1
0 0
0 0
0 0
0 1
1 0
1 0
1 0
1 1
0 0
0 0
0 0
0 1
7 0
7 0
7 0
7 1
0 0
0 0
0 0
0 1
5 0
5 0
5 0
5 1
1 0
1 0
1 0
1 1
0 0
0 0
0 0
0 1
3 0
3 0
3 0
3 1
3 0
3 0
3 0
3 1
1 0
1 0
1 0
1 1
3 0
3 0
3 0
3 1
0 0
0 0
0 0
0 1
3 0
3 0
3 0
3 1
6 0
6 0
6 0
6 1
1 0
1 0
1 0
1 1
0 0
0 0
0 0
0 1
3 0
3 0
3 0
3 1
7 0
7 0
7 0
7 1
