5 0
5 0
5 0
5 1
10 0
10 0
10 0
10 1
3 0
3 0
3 0
3 0
3 1
12 0
12 0
12 0
12 0
12 1
3 0
3 0
3 0
3 1
2 0
2 0
2 0
2 1
5 0
5 0
5 0
5 1
0 0
0 0
0 0
0 1
5 0
5 0
5 0
5 1
2 0
2 0
2 0
2 1
2 0
2 0
2 0
2 1
5 0
5 0
5 0
5 1
3 0
3 0
3 0
3 1
5 0
5 0
5 0
5 1
5 0
5 0
5 0
5 1
3 0
3 0
3 0
3 1
3 0
3 0
3 0
3 1
0 0
0 0
0 0
0 1
3 0
3 0
3 0
3 1
2 0
2 0
2 0
2 1
2 0
2 0
2 0
2 1
4 0
4 0
4 0
4 1
2 0
2 0
2 0
2 1
4 0
4 0
4 0
4 1
1 0
1 0
1 0
1 1
5 0
5 0
5 0
5 1
5 0
5 0
5 0
5 1
1 0
1 0
1 0
1 1
3 0
3 0
3 0
3 1
5 0
5 0
5 0
5 1
0 0
0 0
0 0
0 1
5 0
5 0
5 0
5 1
3 0
3 0
3 0
3 1
0 0
0 0
0 0
0 1
2 0
2 0
2 0
2 1
1 0
1 0
1 0
1 1
5 0
5 0
5 0
5 1
3 0
3 0
3 0
3 1
10 0
10 0
10 0
10 1
0 0
0 0
0 0
0 1
5 0
5 0
5 0
5 1
1 0
1 0
1 0
1 1
11 0
11 0
11 0
11 1
5 0
5 0
5 0
5 1
3 0
3 0
3 0
3 1
0 0
0 0
0 0
0 1
0 0
0 0
0 0
0 1
1 0
1 0
1 0
1 1
1 0
1 0
1 0
1 1
1 0
1 0
1 0
1 1
5 0
5 0
5 0
5 1
1 0
1 0
1 0
1 1
3 0
3 0
3 0
3 1
10 0
10 0
10 0
10 1
3 0
3 0
3 0
3 1
2 0
2 0
2 0
2 1
2 0
2 0
2 0
2 1
0 0
0 0
0 0
0 1
5 0
5 0
5 0
5 1
3 0
3 0
3 0
3 1
3 0
3 0
3 0
3 1
2 0
2 0
2 0
2 1
6 0
6 0
6 0
6 1
0 0
0 0
0 0
0 1
2 0
2 0
2 0
2 1
5 0
5 0
5 0
5 1
0 0
0 0
0 0
0 1
2 0
2 0
2 0
2 1
3 0
3 0
3 0
3 1
0 0
0 0
0 0
0 1
5 0
5 0
5 0
5 1
5 0
5 0
5 0
5 1
4 0
4 0
4 0
4 1
0 0
0 0
0 0
0 1
5 0
5 0
5 0
5 1
7 0
7 0
7 0
7 1
0 0
0 0
0 0
0 1
3 0
3 0
3 0
3 1
0 0
0 0
0 0
0 1
3 0
3 0
3 0
3 1
