1 0
1 0
1 0
1 1
0 0
0 0
0 0
0 1
3 0
3 0
3 0
3 1
8 0
8 0
8 0
8 1
4 0
4 0
4 0
4 1
0 0
0 0
0 0
0 1
0 0
0 0
0 0
0 1
0 0
0 0
0 0
0 1
1 0
1 0
1 0
1 1
1 0
1 0
1 0
1 1
0 0
0 0
0 0
0 1
0 0
0 0
0 0
0 1
1 0
1 0
1 0
1 1
0 0
0 0
0 0
0 1
0 0
0 0
0 0
0 1
0 0
0 0
0 0
0 1
1 0
1 0
1 0
1 1
0 0
0 0
0 0
0 1
5 0
5 0
5 0
5 1
1 0
1 0
1 0
1 1
1 0
1 0
1 0
1 1
0 0
0 0
0 0
0 1
0 0
0 0
0 0
0 1
1 0
1 0
1 0
1 1
0 0
0 0
0 0
0 1
3 0
3 0
3 0
3 1
1 0
1 0
1 0
1 1
0 0
0 0
0 0
0 1
3 0
3 0
3 0
3 1
3 0
3 0
3 0
3 1
1 0
1 0
1 0
1 1
1 0
1 0
1 0
1 1
0 0
0 0
0 0
0 1
1 0
1 0
1 0
1 1
1 0
1 0
1 0
1 1
1 0
1 0
1 0
1 1
0 0
0 0
0 0
0 1
0 0
0 0
0 0
0 1
3 0
3 0
3 0
3 1
0 0
0 0
0 0
0 1
1 0
1 0
1 0
1 1
3 0
3 0
3 0
3 1
0 0
0 0
0 0
0 1
0 0
0 0
0 0
0 1
3 0
3 0
3 0
3 1
0 0
0 0
0 0
0 1
4 0
4 0
4 0
4 1
4 0
4 0
4 0
4 1
8 0
8 0
8 0
8 1
0 0
0 0
0 0
0 1
