0.068359
0.064697
0.032959
-0.0048828
-0.05249
-0.073242
-0.072021
-0.047607
-0.0097656
-0.0036621
-0.031738
-0.050049
-0.05249
-0.047607
-0.040283
-0.031738
-0.028076
-0.0354
-0.047607
0.015869
0.058594
0.070801
0.061035
0.048828
0.043945
0.018311
0.037842
0.01709
0.0048828
-0.028076
-0.076904
-0.091553
-0.079346
-0.059814
-0.047607
-0.039063
-0.0354
-0.024414
-0.023193
-0.021973
-0.029297
-0.047607
0.015869
0.056152
0.067139
0.040283
0.010986
0.0073242
0.0048828
-0.010986
-0.056152
-0.078125
-0.079346
-0.074463
-0.063477
-0.054932
-0.045166
-0.037842
-0.030518
-0.026855
-0.023193
-0.023193
-0.023193
-0.020752
-0.023193
-0.020752
-0.023193
-0.021973
-0.021973
-0.020752
-0.020752
-0.020752
-0.021973
-0.021973
-0.019531
-0.019531
-0.020752
-0.020752
-0.020752
-0.021973
-0.019531
-0.028076
-0.042725
-0.0036621
0.037842
0.039063
0.020752
0.0048828
-0.018311
-0.01709
0.026855
0.026855
0.0073242
-0.025635
-0.083008
-0.10376
-0.097656
-0.078125
-0.058594
-0.026855
-0.0048828
-0.021973
-0.046387
-0.056152
-0.050049
-0.054932
-0.065918
-0.014648
0.048828
0.064697
0.058594
0.042725
0.054932
0.03418
-0.029297
-0.072021
-0.083008
-0.072021
0.015869
0.043945
0.0073242
-0.026855
-0.032959
-0.019531
-0.023193
-0.028076
-0.029297
-0.032959
-0.046387
0.024414
0.053711
0.068359
0.091553
0.089111
0.0097656
-0.032959
-0.039063
-0.037842
-0.03418
-0.019531
-0.018311
-0.023193
-0.021973
-0.021973
-0.024414
-0.020752
-0.021973
-0.020752
-0.020752
-0.019531
-0.019531
-0.021973
-0.039063
-0.021973
0.040283
0.062256
0.068359
0.064697
0.041504
0.0048828
-0.031738
-0.059814
-0.076904
-0.073242
-0.061035
-0.045166
-0.039063
-0.031738
-0.026855
-0.025635
-0.020752
-0.020752
-0.021973
-0.021973
-0.023193
-0.045166
-0.021973
0.036621
0.065918
0.073242
0.045166
-0.013428
-0.0097656
0.045166
0.01709
-0.042725
-0.067139
-0.064697
-0.05127
-0.041504
-0.0354
-0.026855
-0.024414
-0.021973
-0.020752
-0.020752
-0.020752
-0.040283
-0.030518
0.032959
0.062256
0.072021
0.050049
0.026855
0.0048828
-0.046387
-0.085449
-0.090332
-0.062256
0.037842
0.023193
-0.025635
-0.048828
-0.05127
-0.045166
-0.037842
-0.030518
-0.028076
-0.026855
-0.021973
-0.021973
-0.023193
-0.019531
-0.020752
-0.019531
-0.020752
-0.019531
-0.018311
-0.018311
-0.021973
-0.01709
-0.026855
-0.037842
-0.012207
0.032959
0.045166
0.024414
0.0024414
-0.013428
-0.029297
-0.015869
-0.039063
-0.075684
-0.084229
-0.076904
-0.065918
-0.056152
-0.047607
-0.03418
-0.029297
-0.025635
-0.030518
-0.029297
-0.031738
-0.029297
-0.023193
-0.024414
-0.021973
-0.018311
-0.020752
-0.03418
-0.045166
0.029297
0.059814
0.057373
0.029297
-0.0024414
0.0024414
-0.025635
-0.072021
-0.079346
-0.070801
-0.054932
-0.040283
-0.029297
-0.019531
-0.021973
-0.046387
-0.043945
-0.030518
-0.025635
-0.05127
-0.048828
0.029297
0.046387
0.056152
0.019531
0.0085449
-0.0012207
-0.0354
-0.06958
-0.075684
-0.072021
-0.061035
-0.054932
-0.045166
-0.045166
-0.039063
-0.03418
-0.029297
-0.025635
-0.028076
-0.029297
-0.029297
-0.025635
-0.023193
-0.026855
-0.028076
-0.026855
-0.025635
-0.020752
-0.025635
-0.048828
-0.021973
0.040283
0.061035
0.045166
-0.0024414
-0.020752
0.030518
0.040283
0.0354
0
-0.040283
-0.056152
-0.05249
-0.042725
-0.01709
0.050049
0.020752
0.032959
0.048828
0.010986
-0.024414
-0.036621
-0.031738
-0.037842
-0.037842
0.018311
0.041504
0.037842
0.023193
0.012207
-0.014648
-0.053711
-0.064697
-0.062256
-0.050049
-0.037842
-0.036621
-0.037842
-0.041504
-0.037842
-0.03418
-0.026855
-0.021973
-0.023193
-0.025635
-0.026855
-0.030518
-0.028076
-0.030518
-0.029297
-0.025635
-0.029297
-0.026855
-0.028076
-0.025635
-0.020752
-0.03418
-0.046387
0.0073242
0.039063
0.059814
0.031738
-0.013428
-0.024414
-0.0097656
-0.03418
-0.078125
-0.085449
-0.075684
-0.065918
-0.05249
-0.045166
-0.039063
-0.029297
-0.028076
-0.047607
-0.015869
0.05127
0.072021
0.083008
0.057373
-0.0012207
-0.050049
-0.058594
-0.048828
-0.031738
-0.023193
-0.015869
-0.014648
-0.013428
-0.019531
-0.048828
0
0.05249
0.074463
0.081787
0.068359
0.029297
-0.03418
-0.073242
-0.079346
-0.070801
-0.057373
-0.050049
-0.048828
-0.046387
-0.042725
0.0097656
0.029297
-0.0073242
-0.026855
-0.032959
-0.058594
-0.05249
0.018311
0.054932
0.067139
0.063477
0.039063
-0.0036621
-0.056152
-0.067139
-0.057373
-0.045166
-0.03418
-0.029297
-0.021973
-0.018311
-0.01709
-0.0354
-0.040283
0.023193
0.062256
0.059814
0.050049
0.031738
0.0048828
-0.045166
-0.06958
-0.063477
-0.048828
-0.040283
-0.03418
-0.029297
-0.028076
-0.025635
-0.025635
-0.028076
-0.036621
-0.039063
-0.045166
-0.048828
-0.050049
-0.05127
-0.050049
-0.046387
-0.041504
-0.036621
-0.036621
-0.05127
-0.018311
0.053711
0.076904
0.073242
0.078125
0.076904
0.043945
-0.025635
-0.080566
-0.079346
-0.059814
-0.040283
-0.025635
-0.019531
-0.01709
-0.010986
-0.0073242
-0.021973
-0.0354
0.030518
0.056152
0.061035
0.0354
0.013428
-0.0085449
-0.036621
-0.020752
-0.037842
-0.084229
-0.096436
-0.092773
-0.079346
-0.070801
-0.058594
-0.046387
-0.036621
-0.029297
-0.025635
-0.023193
-0.020752
-0.048828
0.010986
0.063477
0.081787
0.065918
0.029297
-0.0354
-0.062256
-0.026855
-0.0061035
-0.026855
-0.05249
-0.053711
-0.048828
-0.0354
-0.029297
-0.026855
-0.029297
-0.030518
-0.029297
-0.032959
-0.031738
-0.025635
-0.025635
-0.025635
-0.028076
-0.029297
-0.030518
-0.031738
-0.03418
-0.05249
-0.063477
0.0073242
0.045166
0.048828
0.013428
-0.023193
-0.068359
-0.08667
-0.036621
-0.0012207
-0.039063
-0.056152
-0.058594
-0.06958
-0.064697
0.015869
0.065918
0.089111
0.076904
0.06958
0.025635
-0.037842
-0.061035
-0.053711
-0.043945
-0.036621
-0.026855
-0.026855
-0.047607
-0.067139
0.0024414
0.057373
0.075684
0.081787
0.075684
0.059814
0.029297
-0.031738
-0.065918
-0.067139
-0.057373
-0.046387
-0.0354
-0.048828
-0.010986
0.059814
0.095215
0.12085
0.090332
0.01709
-0.010986
-0.014648
-0.014648
-0.013428
-0.01709
-0.01709
-0.024414
-0.030518
-0.031738
-0.029297
-0.030518
-0.0354
-0.045166
-0.05127
-0.056152
-0.058594
-0.076904
-0.05249
0.025635
0.064697
0.078125
0.063477
0.020752
-0.0073242
-0.0085449
-0.037842
-0.063477
-0.063477
-0.05249
-0.048828
-0.043945
-0.045166
-0.05249
-0.0073242
0.053711
0.084229
0.091553
0.061035
0.030518
-0.020752
-0.059814
-0.059814
-0.046387
-0.032959
-0.024414
-0.014648
-0.010986
-0.023193
-0.032959
0.043945
0.070801
0.070801
0.041504
0.01709
-0.019531
-0.067139
-0.045166
-0.03418
-0.063477
-0.083008
-0.089111
-0.081787
-0.070801
-0.065918
-0.067139
-0.067139
-0.085449
-0.085449
0.0073242
0.056152
0.06958
0.064697
0.045166
0.05249
0.061035
0.057373
0.032959
-0.03418
-0.056152
-0.059814
-0.047607
-0.03418
-0.020752
-0.013428
-0.012207
-0.031738
-0.0048828
0.054932
0.079346
0.076904
0.072021
0.039063
0.0036621
-0.057373
-0.087891
-0.080566
-0.059814
-0.05127
-0.040283
-0.0354
-0.03418
-0.032959
-0.037842
-0.040283
-0.039063
-0.048828
-0.058594
0.0073242
0.054932
0.076904
0.074463
0.065918
0.068359
0.064697
0.025635
-0.019531
-0.03418
-0.036621
-0.028076
-0.020752
-0.015869
-0.012207
-0.013428
-0.01709
-0.024414
0.043945
0.075684
0.11597
0.13428
0.12695
0.11353
0.075684
0.030518
0.025635
0.01709
0.014648
0.010986
0.0085449
0.012207
0.010986
0.0085449
0.0036621
-0.0097656
-0.010986
0.029297
0.053711
0.06958
0.046387
-0.0036621
-0.043945
-0.067139
-0.072021
-0.067139
-0.05127
-0.046387
-0.040283
-0.039063
-0.037842
-0.037842
-0.039063
-0.037842
-0.042725
0.026855
0.067139
0.10864
0.12817
0.11719
0.081787
0.078125
0.045166
0.0085449
-0.0073242
-0.0085449
0.0024414
0.0036621
0.0061035
0.010986
0.010986
0.013428
0.0097656
0
0.0061035
0.054932
0.080566
0.092773
0.065918
0.018311
0.015869
-0.0024414
-0.040283
-0.05127
-0.040283
-0.03418
-0.021973
-0.020752
-0.031738
-0.014648
0.040283
0.061035
0.057373
0.031738
0.012207
-0.0085449
-0.053711
-0.1001
-0.10864
-0.091553
-0.079346
-0.065918
-0.059814
-0.058594
-0.067139
0.0085449
0.062256
0.078125
0.081787
0.065918
0.015869
-0.059814
-0.089111
-0.084229
-0.068359
-0.057373
-0.042725
-0.041504
-0.029297
-0.029297
-0.029297
0.0097656
0.056152
0.074463
0.075684
0.042725
0.018311
-0.010986
-0.043945
-0.023193
-0.041504
-0.075684
-0.081787
-0.070801
-0.053711
-0.045166
-0.05249
-0.058594
-0.045166
-0.024414
0.032959
0.040283
0.023193
0.0036621
-0.032959
-0.065918
-0.075684
-0.075684
-0.068359
-0.059814
-0.067139
-0.08667
-0.037842
0.0354
0.047607
0.030518
0.032959
0.012207
-0.0097656
-0.045166
-0.08667
-0.087891
-0.075684
-0.053711
0.0048828
0.054932
0.076904
0.084229
0.10986
0.10132
0.070801
0.030518
-0.029297
-0.061035
-0.056152
-0.042725
-0.029297
-0.024414
-0.023193
-0.021973
-0.019531
-0.037842
-0.019531
0.040283
0.048828
0.0354
-0.0024414
-0.0354
-0.036621
-0.042725
-0.085449
-0.10864
-0.1062
-0.095215
-0.08667
-0.074463
-0.063477
-0.054932
-0.068359
-0.059814
0.028076
0.058594
0.065918
0.043945
0.053711
0.036621
-0.019531
-0.072021
-0.095215
-0.080566
-0.059814
-0.041504
-0.030518
-0.028076
-0.05127
-0.024414
0.047607
0.05249
0.058594
0.063477
0.061035
0.015869
0.023193
-0.0048828
-0.05249
-0.070801
-0.067139
-0.058594
-0.05249
-0.043945
-0.042725
-0.047607
-0.045166
-0.050049
-0.05127
-0.059814
-0.050049
-0.013428
0.039063
0.067139
0.068359
0.076904
0.074463
0.030518
-0.041504
-0.026855
0.040283
0.020752
0.0354
0.0097656
-0.013428
-0.01709
-0.020752
-0.010986
0.072021
0.10376
0.11841
0.10498
0.050049
-0.0036621
-0.019531
-0.028076
-0.026855
-0.021973
-0.019531
-0.026855
-0.026855
-0.030518
-0.03418
-0.03418
-0.036621
-0.029297
-0.039063
-0.026855
0.040283
0.059814
0.057373
0.074463
0.072021
0.028076
-0.045166
-0.085449
-0.053711
-0.048828
-0.043945
-0.036621
-0.0354
-0.040283
-0.037842
-0.03418
-0.028076
-0.024414
-0.030518
0.043945
0.062256
0.087891
0.12573
0.1355
0.10742
0.10376
0.076904
0.024414
0
0.015869
0.028076
0.010986
0
-0.0085449
-0.0085449
-0.0036621
-0.0061035
0.036621
0.074463
0.072021
0.037842
0.084229
0.095215
0.11108
0.1123
0.095215
0.040283
0.0085449
-0.0024414
-0.0073242
-0.010986
-0.025635
-0.019531
0.025635
0.025635
0.0073242
-0.023193
-0.036621
0.010986
0.065918
0.089111
0.10864
0.13062
0.12451
0.1062
0.083008
0.06958
0.075684
0.053711
0.013428
-0.0024414
-0.0036621
0.0012207
-0.0012207
0.024414
0.057373
0.10254
0.089111
0.072021
0.10742
0.11963
0.13672
0.1416
0.12329
0.12207
0.12817
0.1355
0.12085
0.1062
0.11597
0.12207
0.12329
0.11963
0.078125
0.05249
0.048828
0.042725
0.040283
0.01709
0.021973
0.015869
0.013428
0.020752
0.028076
0.046387
0.041504
0.084229
0.092773
0.078125
0.06958
0.062256
0.026855
-0.012207
-0.037842
-0.045166
-0.050049
-0.059814
-0.064697
-0.06958
-0.074463
-0.05127
0.014648
0.075684
0.10376
0.067139
-0.012207
-0.047607
-0.054932
-0.065918
-0.068359
-0.05127
-0.054932
-0.019531
0.0354
0.064697
0.018311
-0.056152
-0.074463
-0.076904
-0.074463
-0.058594
-0.061035
-0.046387
-0.047607
-0.0073242
0.015869
-0.0048828
-0.063477
-0.065918
-0.068359
-0.085449
-0.12085
-0.12573
-0.11841
-0.12451
-0.10864
-0.070801
-0.028076
0.0036621
-0.010986
-0.056152
-0.06958
-0.091553
-0.12451
-0.13672
-0.11475
-0.090332
-0.039063
-0.0024414
0.024414
-0.0048828
-0.054932
-0.10254
-0.13184
-0.097656
-0.0048828
0.0036621
-0.03418
-0.046387
-0.064697
-0.10742
-0.11841
-0.12207
-0.11353
-0.091553
-0.092773
-0.097656
-0.020752
-0.043945
-0.075684
-0.078125
-0.093994
-0.13184
-0.15991
-0.15625
-0.14404
-0.12817
-0.11841
-0.10986
-0.1062
-0.087891
-0.024414
-0.0073242
-0.0073242
0.020752
0.0036621
-0.019531
-0.030518
-0.067139
-0.11963
-0.12817
-0.11719
-0.097656
-0.092773
-0.074463
-0.054932
-0.067139
-0.13306
-0.16602
-0.15259
-0.15869
-0.16479
-0.14771
-0.13184
-0.03418
0.0097656
0.050049
0.057373
0.048828
0.026855
-0.040283
-0.10376
-0.10986
-0.087891
-0.068359
-0.05249
-0.041504
-0.039063
-0.01709
-0.014648
-0.068359
-0.12207
-0.1355
-0.11963
-0.11108
-0.098877
-0.097656
-0.11475
-0.15503
-0.16113
-0.15137
-0.13306
-0.11597
-0.10498
-0.095215
-0.091553
-0.085449
-0.075684
-0.068359
-0.040283
-0.03418
0.0085449
-0.0036621
-0.029297
-0.012207
0.015869
-0.010986
-0.081787
-0.10132
-0.040283
-0.039063
-0.042725
-0.036621
-0.024414
0.015869
0.043945
0.015869
-0.025635
-0.039063
-0.05127
-0.048828
-0.01709
-0.067139
-0.11963
-0.12939
-0.1062
-0.067139
-0.015869
0.0354
0.050049
0.03418
0.025635
0.036621
0.0097656
0.0073242
-0.0048828
-0.061035
-0.079346
-0.06958
-0.063477
-0.05249
-0.048828
-0.046387
-0.010986
0.061035
0.061035
0.053711
0.073242
0.075684
0.048828
0.043945
0.073242
0.0061035
-0.085449
-0.10498
-0.079346
-0.058594
-0.042725
-0.031738
-0.036621
-0.010986
0.0012207
-0.047607
-0.046387
-0.064697
-0.072021
-0.070801
-0.073242
-0.092773
-0.063477
-0.053711
0.0036621
0.041504
0.084229
0.10498
0.06958
0.015869
-0.0097656
-0.057373
-0.10864
-0.1123
-0.093994
-0.075684
-0.061035
-0.053711
-0.050049
-0.053711
-0.0036621
0.061035
0.0354
-0.015869
-0.050049
-0.056152
-0.064697
-0.090332
-0.13428
-0.14038
-0.13428
-0.11719
-0.074463
-0.020752
0.028076
0.047607
0.05127
0.053711
0.041504
0.015869
-0.018311
-0.08667
-0.13184
-0.12573
-0.084229
-0.050049
-0.065918
-0.10498
-0.10986
-0.054932
-0.0048828
-0.0073242
-0.046387
-0.10132
-0.11108
-0.12329
-0.1416
-0.095215
-0.05127
-0.056152
-0.030518
-0.057373
-0.10986
-0.080566
-0.058594
-0.072021
-0.091553
-0.10986
-0.0012207
0.018311
-0.023193
-0.042725
-0.074463
-0.13428
-0.17456
-0.15381
-0.1123
-0.092773
-0.089111
0.0012207
0.040283
0.0354
0.010986
-0.0085449
-0.074463
-0.11108
-0.13672
-0.14771
-0.047607
0.026855
0.032959
0.0354
0.015869
-0.020752
-0.053711
-0.11108
-0.13062
0.0085449
0.064697
0.06958
0.06958
0.079346
0.037842
0.019531
0.046387
0.024414
-0.073242
-0.14038
-0.13306
-0.10254
-0.076904
-0.062256
-0.058594
-0.039063
-0.0097656
0.020752
0.028076
-0.015869
0.0073242
0.0073242
-0.0073242
-0.029297
-0.11353
-0.14893
-0.11841
-0.08667
-0.1062
-0.032959
-0.0024414
-0.023193
0.013428
0.0036621
0.029297
-0.018311
-0.10498
-0.14282
-0.13916
-0.11597
0.0024414
0.06958
0.064697
0.070801
0.075684
0.058594
0.030518
0.0061035
-0.062256
-0.11719
-0.11719
-0.091553
-0.064697
-0.058594
-0.030518
0.012207
0.064697
0.064697
0.045166
0.013428
0.05249
0.048828
-0.0073242
-0.097656
-0.1416
-0.12817
-0.098877
-0.074463
-0.056152
-0.040283
-0.010986
0.042725
0.047607
0.019531
0.0012207
-0.015869
-0.023193
-0.040283
-0.085449
-0.10986
-0.03418
-0.0036621
0.03418
0.05249
0.045166
0.0097656
-0.0061035
-0.01709
-0.061035
-0.098877
-0.10132
-0.097656
-0.078125
0.0036621
0.059814
0.065918
0.045166
0
-0.010986
-0.03418
-0.079346
-0.025635
-0.047607
0.018311
0.068359
0.064697
0.083008
0.078125
0.073242
0.06958
0.037842
-0.048828
-0.085449
-0.075684
-0.054932
-0.040283
-0.028076
-0.0012207
0.05127
0.067139
0.058594
0.078125
0.058594
0.043945
0.0354
-0.020752
-0.090332
-0.11475
-0.096436
-0.073242
-0.062256
-0.029297
0.065918
0.085449
0.064697
0.018311
0.014648
-0.01709
-0.064697
-0.090332
-0.058594
-0.019531
0.0061035
0.019531
0.046387
0.072021
0.097656
0.073242
-0.0073242
-0.065918
-0.030518
-0.013428
0.0073242
0.010986
-0.03418
-0.040283
-0.046387
-0.078125
-0.10376
-0.10254
-0.089111
-0.080566
-0.042725
0.032959
0.047607
0.039063
-0.0024414
-0.036621
-0.084229
-0.10864
-0.097656
-0.081787
-0.067139
-0.05127
-0.042725
-0.0354
0.018311
0.10132
0.10498
0.10864
0.063477
-0.013428
-0.046387
-0.043945
-0.026855
-0.015869
-0.010986
-0.015869
0.015869
0.031738
0.047607
0.098877
0.12695
0.13184
0.10742
0.042725
0.023193
-0.020752
-0.029297
-0.025635
-0.01709
-0.012207
-0.0097656
-0.0097656
-0.010986
-0.0024414
0.042725
0.08667
0.083008
0.083008
0.10498
0.063477
-0.020752
-0.047607
-0.036621
-0.010986
0.0097656
0.01709
-0.0036621
0.014648
0.0354
0.080566
0.11475
0.10864
0.090332
0.12695
0.11353
0.073242
0.015869
-0.019531
-0.019531
-0.014648
-0.029297
0.041504
0.1416
0.14282
0.15503
0.14893
0.11719
0.12817
0.10742
0.081787
0.015869
-0.0024414
0.0024414
0.0097656
0.020752
0.031738
0.087891
0.11719
0.12207
0.1416
0.14038
0.177
0.17822
0.17212
0.15625
0.12573
0.13184
0.11719
0.059814
0.014648
0.0061035
0.0024414
0.014648
0.021973
0.024414
0.074463
0.11108
0.15625
0.19531
0.18677
0.17212
0.16724
0.17212
0.12085
0.095215
0.15259
0.16235
0.17822
0.18188
0.2063
0.21973
0.2002
0.18799
0.19409
0.17944
0.15747
0.13916
0.08667
0.078125
0.10254
0.11108
0.061035
0.0073242
-0.0024414
0.029297
0.01709
0.040283
0.072021
0.079346
0.061035
0.0036621
-0.054932
-0.062256
-0.042725
-0.012207
0.012207
0.025635
0.012207
0.029297
-0.0061035
-0.045166
-0.05249
-0.043945
-0.0061035
0.0024414
-0.039063
-0.061035
-0.048828
-0.031738
-0.029297
-0.046387
-0.083008
-0.10132
-0.078125
-0.095215
-0.10742
-0.098877
-0.083008
-0.072021
-0.05127
-0.015869
0.061035
0.11841
0.14282
0.1001
0.053711
0.0012207
-0.013428
-0.0048828
0.010986
0.024414
0.05249
0.058594
-0.0012207
-0.039063
-0.039063
-0.026855
-0.019531
-0.026855
-0.040283
-0.032959
-0.05127
-0.021973
-0.041504
-0.041504
-0.020752
-0.024414
-0.026855
-0.028076
-0.057373
-0.083008
-0.072021
-0.037842
-0.021973
-0.015869
-0.024414
0
0.012207
-0.019531
-0.036621
-0.032959
-0.024414
-0.030518
-0.031738
-0.025635
-0.030518
-0.075684
-0.089111
-0.06958
-0.039063
-0.026855
-0.040283
-0.031738
-0.015869
-0.029297
-0.056152
-0.042725
-0.018311
-0.0036621
0.0085449
0.0085449
0.010986
-0.023193
-0.020752
-0.0048828
-0.010986
0.0061035
0.030518
0.0048828
-0.06958
-0.056152
-0.036621
-0.020752
-0.026855
-0.0097656
-0.015869
-0.0354
-0.056152
-0.050049
-0.030518
-0.010986
-0.012207
-0.037842
-0.053711
-0.074463
-0.053711
-0.023193
0.0024414
0.03418
0.0024414
-0.053711
-0.081787
-0.041504
-0.0061035
0.0097656
0.0048828
-0.013428
-0.042725
-0.057373
-0.0085449
0.042725
0.075684
0.074463
0.06958
0.058594
-0.0061035
-0.05249
-0.0085449
0.010986
0.012207
0.01709
0.01709
0.018311
0.010986
0.010986
0.014648
0.018311
0.024414
0.024414
0.014648
0.01709
0.024414
0.025635
0.020752
0.013428
0.015869
0.015869
0.030518
0.046387
0.0097656
0
0.0024414
0.013428
0.015869
0.025635
0.039063
0.053711
0.039063
0.018311
0.012207
0.012207
0.014648
0.012207
0.0097656
0.013428
0.01709
0.0085449
0.0085449
0.0085449
0.0085449
0.015869
0.013428
0.015869
0.014648
0.0097656
0.010986
0.0085449
0.015869
0.01709
0.020752
0.019531
0.019531
0.019531
0.01709
0.019531
0.015869
0.01709
0.020752
0.018311
0.012207
0.012207
0.018311
0.018311
0.019531
0.0024414
0.0061035
0.0024414
0.0061035
0.0073242
0.0073242
0.012207
0.023193
0.025635
0.037842
-0.0036621
-0.018311
-0.014648
-0.0036621
0.0061035
0.015869
0.0085449
0.010986
0.019531
0.042725
0.031738
-0.0036621
0.013428
0.074463
0.047607
0.023193
0.026855
0.048828
0.091553
0.056152
0.056152
0.023193
0.021973
-0.023193
-0.0085449
-0.014648
-0.03418
0.014648
0.020752
0.0061035
0.0048828
0.070801
0.013428
-0.01709
-0.043945
-0.024414
-0.0073242
0.0073242
0.023193
0.013428
0.010986
0.0012207
0.012207
0.0097656
0.012207
0.020752
0.026855
0.012207
0.0036621
0.013428
0.013428
0.020752
0.020752
0.024414
0.026855
0.047607
0.043945
0.0048828
-0.01709
-0.013428
-0.023193
-0.010986
-0.0024414
0.0036621
0.0085449
0.0073242
-0.015869
-0.041504
-0.039063
-0.042725
-0.043945
-0.032959
-0.023193
-0.023193
-0.024414
-0.015869
-0.012207
-0.010986
-0.0036621
0.0036621
0.012207
0.029297
0.013428
0.0085449
0.0061035
0.0036621
0.0085449
0.0036621
-0.0024414
-0.0024414
0.0012207
0.0061035
0.010986
0.0061035
0.0097656
0.012207
0.0085449
0.0048828
-0.0012207
-0.0012207
-0.0061035
0.0048828
0.0024414
-0.0024414
0.018311
0.013428
0.0097656
0.0061035
0.0036621
0.0036621
0.020752
0.080566
0.1001
0.059814
0.032959
0.024414
0.0097656
0.010986
0.0097656
0.012207
0.014648
0.0085449
0.0012207
0.0036621
-0.0024414
0.0024414
0.0012207
0.0097656
0.0061035
-0.0012207
0.0024414
0.010986
0.019531
0.020752
0.021973
0.032959
0.026855
0.024414
0.029297
0.045166
0.053711
0.039063
0.037842
0.029297
0.020752
0.020752
0.019531
0.020752
0.028076
0.040283
0.042725
0.042725
0.0354
0.015869
0.012207
0.0061035
-0.0024414
-0.010986
-0.024414
-0.043945
-0.040283
-0.0354
-0.026855
-0.023193
-0.024414
-0.0036621
-0.0061035
-0.023193
-0.014648
-0.0036621
-0.0012207
-0.0036621
0
-0.0048828
-0.0048828
-0.0097656
-0.019531
-0.023193
-0.018311
-0.0048828
0.0012207
-0.015869
-0.01709
-0.0097656
-0.0061035
-0.031738
-0.020752
-0.0061035
-0.028076
-0.023193
-0.015869
0
0.019531
0.023193
0.012207
0.0085449
-0.020752
-0.0036621
-0.026855
-0.010986
-0.0036621
-0.0024414
-0.0048828
0.0085449
0.024414
0.036621
0.030518
0.0354
0.018311
-0.0048828
-0.010986
-0.010986
-0.012207
-0.0073242
-0.013428
-0.010986
-0.0073242
-0.0097656
-0.021973
-0.031738
-0.024414
-0.021973
-0.015869
-0.01709
-0.015869
-0.0048828
-0.0073242
0
0.0012207
-0.0024414
-0.0073242
-0.0061035
0.0073242
0.010986
0.018311
0.018311
0.0061035
0.0024414
0
-0.0024414
0
-0.0036621
-0.0085449
-0.0024414
0.0036621
0.0085449
0.010986
0.0048828
0.014648
0.021973
0.019531
0.023193
0.053711
0.057373
0.026855
0.023193
0.014648
0.0036621
-0.010986
-0.0061035
-0.0097656
-0.012207
0
0.0048828
0.0097656
-0.0036621
0.0024414
-0.0024414
-0.013428
-0.014648
-0.0036621
0
-0.0097656
-0.014648
-0.019531
-0.014648
-0.0073242
0
-0.0024414
-0.0048828
-0.0024414
0
-0.0024414
-0.0073242
-0.0036621
-0.0024414
0
0
-0.0036621
-0.0036621
-0.0061035
0.0012207
-0.0036621
-0.0036621
-0.0036621
0.0012207
0.0036621
0.0085449
0.01709
0.014648
0.0073242
0.014648
0.01709
0.023193
0.018311
0.036621
0.093994
0.15015
0.15503
0.14404
0.18066
0.068359
0.020752
0.059814
0.10254
0.026855
0.0073242
0
0.020752
0.036621
0.032959
0.029297
0.015869
-0.026855
-0.031738
-0.023193
-0.013428
-0.023193
0.0024414
-0.018311
0.0061035
0.01709
-0.053711
-0.079346
-0.054932
-0.039063
-0.028076
-0.025635
-0.015869
-0.0061035
-0.0024414
-0.0024414
0.0012207
0.0036621
-0.0024414
-0.0061035
-0.0073242
-0.012207
-0.013428
-0.015869
-0.01709
-0.010986
-0.0012207
0.0036621
0.0048828
-0.0024414
-0.0048828
0.0061035
0.0061035
0.018311
0.029297
0.018311
0.010986
0.0036621
0.0012207
0.0085449
0.0097656
0.013428
0.015869
0.014648
0.023193
0.039063
0.059814
0.11719
0.05127
0.021973
0.0097656
0.0048828
0.0024414
0.0048828
-0.0024414
-0.024414
-0.0085449
0.0012207
-0.012207
-0.0061035
0.010986
0.021973
0.01709
0.0097656
0.0073242
0.0061035
0.0061035
0.0085449
0.0012207
-0.013428
-0.0048828
-0.015869
-0.0024414
0.010986
0.015869
0.0012207
-0.0061035
0.0012207
0
0.0097656
0.0085449
0.01709
0.012207
0.010986
0.023193
0.029297
0.01709
0.0073242
0.0036621
0.0061035
0.0048828
0.0036621
-0.0036621
0.0036621
0.0024414
-0.012207
0.0048828
0.0036621
0.0061035
0.019531
0.019531
0.014648
0.0073242
-0.0073242
-0.0097656
0.0085449
0.0085449
-0.021973
-0.010986
-0.0097656
0.0036621
0
0.0036621
0.01709
0.018311
0.020752
0.014648
-0.0024414
0
0.0097656
0.0073242
0.0085449
0.0061035
0.0024414
0.0085449
0.010986
0.010986
0.012207
0.010986
0.0061035
-0.0061035
-0.0024414
0.0012207
0.0061035
0.0073242
0.0073242
0.0085449
0.0061035
0.0061035
0.0048828
0.0048828
0.0073242
0.0061035
0.0061035
0.0048828
0.0085449
0.0085449
0.0036621
0.0036621
0.0024414
0.0036621
0.010986
0.0085449
0.0097656
0.013428
0.013428
0.014648
0.010986
0.0085449
0.0097656
0.0024414
0
-0.013428
-0.0085449
-0.0073242
0
0.0048828
0.0085449
0.0097656
0.0085449
0.0061035
0.013428
0.01709
0.024414
0.021973
0.010986
0.010986
0.0085449
0.0061035
0.0024414
0.0073242
0.010986
0.019531
0.028076
0.03418
0.040283
0.0354
0.026855
0.019531
0.010986
0.021973
0.03418
0.050049
0.045166
0.028076
0.018311
0.019531
0.010986
0.010986
0.0097656
0.0061035
0.0097656
0.021973
0.024414
0.025635
0.039063
0.031738
0.05127
0.13794
0.13794
0.058594
0.028076
0.010986
0.0061035
0.0048828
0.0024414
-0.0048828
-0.0061035
0.0024414
0.0012207
0.0097656
-0.0061035
-0.024414
-0.021973
-0.015869
-0.010986
-0.012207
0.0048828
0.0097656
0.014648
0.0097656
0.012207
0.015869
0.031738
0.05127
0.03418
0.014648
-0.012207
-0.028076
-0.021973
-0.028076
-0.014648
-0.0073242
0.0048828
0.0048828
0.0012207
-0.012207
-0.014648
-0.028076
-0.045166
-0.041504
-0.019531
0.0048828
-0.0024414
0.010986
0.0085449
0.013428
0.16479
0.092773
0.030518
0.015869
0.0048828
0.0012207
-0.0036621
-0.0036621
0
-0.0061035
-0.019531
-0.018311
-0.030518
-0.0354
-0.036621
-0.039063
-0.029297
-0.019531
-0.015869
-0.015869
-0.0048828
-0.0097656
-0.0097656
-0.015869
-0.0097656
-0.0085449
0.0061035
0.024414
0.050049
0.05127
0.025635
0.015869
0.013428
0
0.0024414
0.0048828
0
-0.0073242
-0.012207
-0.0048828
0.010986
-0.0036621
-0.0061035
0.0048828
0.0097656
0.015869
0.024414
0.01709
-0.0048828
0.0024414
0.0048828
0.0036621
0.021973
0.021973
0.043945
0.076904
0.074463
0.10132
0.095215
0.070801
0.15869
0.093994
0.043945
0.028076
0.021973
0.010986
0.010986
0.0085449
0.014648
0.018311
0.0073242
0.013428
0.021973
0.0024414
-0.0097656
-0.020752
-0.024414
-0.020752
-0.0073242
0.0024414
0
0
-0.0012207
0.0024414
0.0073242
0.0073242
0.0097656
0.012207
0.01709
0.021973
0.012207
0.012207
0.023193
0.0085449
0.026855
0.023193
0.029297
0.047607
0.040283
0.019531
0.013428
0.0097656
0.0085449
0.0024414
0.0024414
0.0036621
-0.0024414
-0.0012207
-0.0036621
0.0012207
-0.0036621
-0.012207
-0.018311
-0.0097656
-0.0012207
-0.0048828
0.0012207
-0.0024414
-0.0048828
-0.0024414
-0.0061035
-0.0012207
0.0048828
0.0061035
0.0036621
0.0036621
0.012207
0.0085449
0.015869
0.021973
0.023193
0.010986
0.013428
-0.0097656
-0.023193
0.020752
0.0061035
-0.0036621
-0.0097656
-0.010986
-0.0073242
-0.0012207
0.0012207
0.031738
0.023193
0.0012207
0.0024414
-0.012207
-0.030518
-0.0048828
0
0.010986
0
0.0073242
0.0073242
0.0012207
-0.0048828
-0.015869
-0.026855
-0.018311
-0.012207
-0.0012207
0.0024414
-0.0024414
-0.0048828
-0.0012207
0.0012207
-0.0073242
-0.010986
-0.0085449
-0.018311
-0.030518
-0.030518
-0.021973
-0.0085449
-0.0073242
-0.0036621
0.0036621
0.015869
0.013428
0.0048828
0.0097656
0.0085449
0.0097656
0.0073242
0.0061035
0.0085449
0.021973
0.018311
0.0097656
0.0061035
0.010986
0.0073242
0.021973
0.028076
0.029297
0.05127
0.057373
0.059814
0.057373
0.046387
0.0354
0.023193
0.014648
0.024414
0.090332
0.039063
0.0036621
0.0073242
-0.0061035
-0.01709
0.0024414
0.012207
0.019531
0.029297
0.031738
0.026855
0.021973
0.020752
0.031738
0.026855
0.010986
0.028076
0.021973
0.024414
0.010986
-0.0012207
-0.021973
-0.0061035
0.01709
0.020752
0.032959
0.0354
0.021973
0.01709
0.0061035
0.072021
0.013428
-0.010986
-0.010986
-0.018311
-0.010986
0.0073242
0.021973
0.03418
0.028076
0.030518
-0.03418
-0.015869
0.06958
0.050049
0.037842
-0.05127
0.0073242
0.11719
0.076904
0.03418
0.0097656
0.025635
0.0061035
0.0048828
0.01709
-0.045166
-0.039063
0
0.0012207
-0.0097656
-0.024414
-0.014648
-0.024414
-0.010986
0.015869
0.03418
-0.050049
-0.039063
-0.029297
-0.015869
-0.012207
-0.015869
-0.0048828
-0.0048828
0.0012207
0.0012207
-0.0024414
0
0
0.0012207
0.0061035
0.0085449
0.0048828
0
-0.0012207
-0.0024414
-0.0036621
0
-0.0048828
-0.0073242
-0.0036621
-0.0012207
0
0
-0.0024414
-0.0048828
-0.0036621
0.0085449
0.0085449
0.018311
0.023193
0.012207
0.024414
0.0354
0.046387
0.046387
0.065918
0.045166
0.023193
0.026855
0.020752
0.015869
0.029297
0.023193
0.0085449
0.0097656
0.0024414
-0.010986
0.0048828
0.068359
0.065918
0.029297
-0.0012207
-0.0048828
0.0061035
-0.0024414
-0.0085449
0
0.0061035
0.010986
0.010986
-0.0012207
-0.014648
-0.015869
-0.0024414
-0.0036621
-0.0024414
0.010986
0.014648
0.010986
0.015869
0.020752
0.030518
0.032959
0.01709
-0.0012207
-0.0036621
-0.0073242
-0.0061035
0.0073242
0.013428
0.020752
0.028076
0.021973
0.024414
0.021973
0.021973
0.046387
0.032959
0.026855
0.039063
-0.0036621
-0.03418
-0.015869
0.0036621
0.014648
0.013428
0.028076
0.03418
0.020752
0.0024414
-0.0061035
0.0012207
0.015869
0.018311
0.026855
0.040283
0.064697
0.01709
0.0036621
-0.013428
-0.030518
-0.012207
0.0073242
0.01709
0.021973
0.014648
0.010986
0.0085449
0.0097656
0.014648
0.090332
0.073242
0.0354
0.018311
0.0073242
0.0085449
0.0024414
0.0048828
0.0085449
0.0061035
0.0061035
0.0024414
-0.0097656
-0.015869
-0.01709
-0.026855
-0.0036621
0.0097656
0.018311
0.0085449
-0.0097656
-0.0073242
0
0.0061035
0.0097656
0.0085449
0.0073242
0.0061035
0.0097656
0.012207
0.015869
0.019531
0.015869
0.01709
0.025635
0.031738
0.040283
0.070801
0.18433
0.10254
0.037842
0.010986
-0.0036621
-0.012207
-0.0061035
0.0024414
0.0024414
-0.0097656
-0.024414
-0.013428
-0.0061035
0.0061035
0.010986
0.010986
0.0048828
0.0012207
-0.0036621
-0.0061035
-0.0036621
0.0036621
0.013428
0.012207
0.0097656
0.0097656
0.0048828
0.010986
0.0085449
-0.0036621
0.0085449
0.01709
0.023193
0.030518
0.031738
0.025635
0.029297
0.039063
0.058594
0.089111
0.039063
0.01709
0.01709
0.018311
0.0024414
-0.019531
-0.030518
-0.014648
-0.0048828
-0.0024414
-0.0048828
0.0012207
-0.0048828
-0.0097656
-0.025635
-0.047607
-0.067139
-0.078125
-0.061035
-0.061035
-0.053711
-0.030518
-0.021973
-0.014648
-0.0085449
0.0036621
0
0.0024414
-0.0024414
-0.0073242
-0.0097656
-0.012207
-0.0085449
-0.0073242
-0.0073242
-0.0085449
-0.0061035
-0.0024414
0.0024414
0.0024414
0.0024414
-0.0073242
-0.0036621
0
0.0012207
0.0024414
0.0024414
-0.0036621
0.0048828
0.0048828
0.0073242
0.0048828
0.0061035
0.0073242
0.0085449
0.0061035
0.0061035
0.0073242
0.010986
0.01709
0.018311
0.025635
0.018311
0.01709
0.015869
0.01709
0.010986
0.015869
0.01709
0.023193
0.026855
0.029297
0.029297
0.012207
-0.0085449
-0.0024414
-0.0036621
-0.0048828
-0.0012207
0.0036621
0
0.0085449
0.012207
0.018311
0.018311
0.018311
0.013428
0.0024414
0.0012207
-0.0036621
-0.0048828
0.0024414
0.0061035
0.0085449
0.012207
0.019531
0.026855
0.054932
0.068359
0.065918
0.05249
0.043945
0.03418
0.021973
0.015869
0.018311
0.025635
0.026855
0.026855
0.039063
0.042725
0.039063
0.090332
0.075684
0.040283
0.025635
0.020752
0.010986
0.010986
0.012207
0.0061035
0.0085449
0.01709
0.021973
0.0073242
0.0024414
0
-0.0024414
-0.0036621
-0.0048828
0.0036621
0.0061035
0.013428
0.014648
0.018311
0.018311
0.015869
0.010986
0.010986
0.0073242
0
0.0012207
-0.0061035
0.0085449
0.015869
0.018311
0.012207
0.0097656
0.0024414
0.0097656
0.0097656
0.012207
0.010986
0.013428
0.0048828
0.0085449
0.015869
0.013428
0.0085449
0.0012207
0.0036621
0.0097656
0.0085449
0.010986
0.010986
0.0097656
0.012207
0.010986
0.0085449
0.012207
0.015869
0.01709
0.026855
0.029297
0.026855
0.030518
0.03418
0.0354
0.025635
0.021973
0.0073242
0.0036621
0.0085449
0.013428
0.023193
0.019531
0.024414
0.012207
0.0024414
-0.0036621
-0.0097656
0.037842
0.29419
0.15625
0.078125
0.045166
0.020752
0.0085449
0.0012207
-0.0097656
-0.0024414
-0.010986
-0.0036621
-0.0036621
0.010986
-0.0024414
-0.0085449
0.063477
0.10376
0.11719
0.10376
0.073242
0.064697
0.059814
0.036621
0.0073242
0.013428
0.0354
0.040283
0.040283
0.030518
0.019531
0.042725
0.024414
0.036621
0.05127
0.046387
0.045166
0.067139
0.079346
0.074463
0.062256
0.0354
0.043945
0.053711
0.0354
0.041504
0.048828
0.036621
0.021973
0.0048828
0.0048828
-0.0012207
0.0048828
0.0061035
0.0073242
0.0048828
0.0354
0.048828
0.045166
0.054932
0.048828
0.046387
0.05249
0.057373
0.047607
0.028076
0.013428
0.0097656
0.0073242
0.0073242
0.013428
0.024414
0.057373
0.05249
0.048828
0.0354
0.015869
0.010986
0.014648
0.0061035
0.0061035
-0.0061035
-0.0097656
0.0048828
0.013428
0.015869
0.024414
0.01709
0.014648
0.021973
0.015869
0.0073242
0.0024414
-0.0085449
-0.0097656
-0.019531
0.0085449
0.03418
0.029297
0.024414
0.11475
0.20508
0.22949
0.22705
0.20752
0.20142
0.17212
0.22583
0.10742
0.03418
0.0085449
0.019531
0.021973
0.026855
0.0061035
0.0024414
-0.010986
0.0085449
0.0048828
-0.0061035
-0.0036621
0.0012207
-0.0048828
-0.010986
-0.012207
-0.031738
-0.0354
-0.014648
-0.010986
-0.0085449
0.0036621
0.0012207
0.0024414
0.0048828
0.0085449
0.0061035
-0.0012207
-0.0048828
-0.0036621
-0.0085449
0.0085449
0.0073242
0.0085449
0.0061035
0.0097656
0.012207
0.0097656
0.014648
0.015869
0.029297
0.029297
0.030518
0.024414
0.021973
0.032959
0.024414
0.0097656
0.031738
0.045166
0.018311
0.0073242
0.010986
0.021973
0.042725
0.06958
0
-0.053711
-0.039063
0.019531
0.036621
0.031738
0.03418
0.029297
0.029297
0.024414
0.0036621
0.018311
0.023193
-0.045166
-0.041504
-0.032959
-0.021973
-0.014648
-0.0024414
0.0073242
0.014648
0.019531
0.014648
0.01709
0.015869
0.01709
0.014648
0.020752
0.029297
0.030518
0.014648
0.020752
0.028076
0.03418
0.050049
0.057373
0.057373
0.050049
0.047607
0.041504
0.03418
0.0354
0.036621
0.019531
0.0048828
0.0048828
0.015869
0.021973
0.032959
0.018311
0.029297
0.032959
0.15137
0.1123
0.041504
0.010986
0.0012207
0.0048828
0.0061035
0.0073242
0.0085449
0.0073242
0.014648
0.0097656
0.013428
0.0097656
0.012207
0.010986
0.0085449
0.0048828
0.0097656
0.020752
0.020752
0.021973
0.021973
0.018311
0.014648
0.010986
0.0097656
0.01709
0.014648
0.015869
0.012207
-0.0061035
-0.0036621
-0.029297
-0.023193
-0.021973
-0.026855
-0.023193
-0.023193
-0.023193
-0.029297
-0.01709
-0.0024414
0.0061035
0.0073242
0.0097656
0.0073242
0.013428
0.0048828
0.0036621
0.0012207
0.0085449
0.0097656
0.0061035
0.0061035
0.0073242
0.0097656
0.0097656
0.0097656
0.0036621
-0.0024414
0.0048828
0.0036621
0
0.0061035
0.0073242
0.0073242
0.0048828
0.0085449
0.012207
0.013428
0.015869
0.015869
0.013428
0.018311
0.015869
0.013428
0.015869
0.01709
0.018311
0.0097656
0.0073242
0.013428
0.018311
0.019531
0.018311
0.019531
0.020752
0.021973
0.014648
0.018311
0.018311
0.014648
0.01709
0.023193
0.021973
0.023193
0.031738
0.025635
0.024414
0.021973
0.024414
0.023193
0.01709
0.013428
0.014648
0.014648
0.020752
0.01709
0.012207
0.014648
0.018311
0.019531
0.015869
0.014648
0.012207
0.010986
0.012207
0.0097656
0.010986
0.010986
0.0097656
0.015869
0.0073242
0.0061035
0.0048828
0.0061035
0.0097656
0.0061035
0.0048828
0.0061035
0.010986
0.0097656
0.012207
0.015869
0.01709
0.01709
0.020752
0.019531
0.019531
0.01709
0.01709
0.019531
0.025635
0.013428
0.01709
0.01709
0.020752
0.019531
0.024414
0.015869
0.015869
0.0097656
0.0085449
0.010986
0.010986
0.012207
0.014648
0.013428
0.013428
0.014648
0.015869
0.020752
0.019531
0.018311
0.015869
0.013428
0.010986
0.0073242
-0.0024414
-0.0012207
0.0024414
0.0061035
0.0085449
0
0.0061035
0.0073242
0.0085449
0.0073242
0.0073242
0.0061035
0.0012207
0.0085449
0.0097656
0.0048828
0.012207
0.015869
0.013428
0.010986
0.014648
0.014648
0.014648
0.014648
0.0073242
0.0012207
-0.0048828
-0.0085449
-0.010986
-0.0097656
-0.0073242
-0.0036621
0
0.0036621
0.0048828
0.0073242
0.0048828
0.0024414
0.0024414
0
0
0.0036621
0.0073242
0.0061035
0.0061035
0.0024414
0.0024414
0.0061035
0.0024414
0.0036621
0.0048828
0.0073242
0.0061035
0.0061035
0.0085449
0.0085449
0.010986
0.014648
0.018311
0.010986
0.0061035
0.0061035
0.0048828
0.0085449
0.0085449
0.0048828
0.0012207
0.0036621
0.0036621
0.0036621
0.0048828
0.0073242
0.0085449
0.012207
0.0073242
0.0085449
0.0073242
0.0073242
0.0073242
0.0097656
0.0097656
0.010986
0.0097656
0.013428
0.010986
0.012207
0.0097656
0.012207
0.012207
0.0097656
0.010986
0.010986
0.012207
0.010986
0.0073242
0.010986
0.010986
0.0073242
0.012207
0.010986
0.013428
0.014648
0.010986
0.015869
0.010986
0.012207
0.010986
0.0097656
0.0097656
0.0097656
0.010986
0.0085449
0.010986
0.010986
0.0085449
0.012207
0.0097656
0.014648
0.013428
0.010986
0.0097656
0.010986
0.012207
0.012207
0.0073242
0.0097656
0.010986
0.013428
0.013428
0.010986
0.010986
0.010986
0.013428
0.012207
0.0097656
0.012207
0.012207
0.015869
0.01709
0.015869
0.013428
0.01709
0.01709
0.015869
0.020752
0.024414
0.026855
0.010986
-0.0073242
-0.0097656
0.0024414
0.0024414
-0.0036621
-0.0061035
-0.0024414
0
0.0012207
0.0024414
0.0048828
0.0085449
0.0073242
0.0097656
0.012207
0.013428
0.015869
0.014648
0.018311
0.014648
0.012207
0.012207
0.012207
0.0085449
0.010986
0.0085449
0.0073242
0.0073242
0.0085449
0.0073242
0.012207
0.014648
0.015869
0.0097656
-0.0036621
0
0.0012207
0.0024414
-0.0085449
-0.0048828
-0.0012207
0.0012207
0.0012207
0.0036621
0.0061035
0.0085449
0.0061035
0.0097656
0.0073242
0.0073242
0.013428
0.010986
0.012207
0.010986
0.0097656
0.0085449
0.0097656
0.0097656
0.0073242
0.010986
0.0097656
0.0085449
0.0085449
0.0061035
0.0085449
0.0073242
0.014648
0.012207
0.013428
0.012207
0.015869
0.014648
0.013428
0.010986
0.0097656
0.012207
0.0097656
0.0097656
0.013428
0.01709
0.020752
0.018311
0.012207
0.0073242
0.0048828
0.0048828
0
-0.0012207
-0.0012207
0.0024414
0.0073242
0.0097656
0.0073242
0.0097656
0.0085449
0.0073242
0.0061035
0.0085449
0.0085449
0.0097656
0.012207
0.012207
0.0097656
0.0061035
0.0085449
0.0097656
0.012207
0.010986
0.0085449
0.0085449
0.0073242
0.012207
0.010986
0.0061035
0.0061035
0.0061035
0.0061035
0.0048828
0.0085449
-0.0073242
0.0024414
0.0036621
0.0036621
0.0036621
0.0048828
0.0085449
0.0085449
0.0073242
0.010986
0.012207
0.013428
0.010986
0.0097656
0.0097656
0.013428
0.015869
0.013428
0.012207
0.014648
0.0097656
0.010986
0.010986
0.0085449
0.0061035
0.0085449
0.0097656
0.0061035
0.0097656
0.013428
0.012207
0.013428
0.0097656
0.0061035
0.0097656
0.012207
0.010986
0.012207
0.0085449
0.0097656
0.010986
0.012207
0.014648
0.012207
0.010986
0.0061035
0.0073242
0.0048828
0.0048828
0.0073242
0.010986
0.013428
0.012207
0.013428
0.012207
0.0085449
0.0061035
0.0048828
0.0085449
0.0085449
0.0036621
0.0012207
0.0048828
0.0061035
0.0073242
0.0073242
0.0097656
0.013428
0.013428
0.014648
0.012207
0.010986
0.0085449
0.0048828
0.0085449
0.013428
0.013428
0.014648
0.013428
0.019531
0.020752
0.019531
0.0061035
0.0036621
0.0061035
0.012207
0.0085449
0.012207
0.0097656
0.012207
0.013428
0.021973
0.021973
0.0097656
0.0061035
0.0061035
0.019531
0.019531
0.019531
0.024414
0.021973
0.018311
0.0061035
-0.0061035
-0.0024414
0.0048828
0.0085449
0.0024414
0.0061035
0.023193
0.031738
0.030518
0.036621
0.05249
0.061035
0.039063
0.03418
0.039063
-0.028076
-0.029297
-0.0073242
0.019531
0.032959
0.042725
0.037842
0.042725
0.031738
0.023193
0.03418
0.024414
0.0061035
-0.0097656
-0.018311
-0.012207
-0.0024414
0.0036621
0.012207
0.013428
0.014648
0.0073242
0.0097656
0.012207
0.039063
0.064697
0.062256
0.023193
0.067139
0.0097656
0.0061035
0.01709
0.031738
0.012207
0.0085449
0.0048828
0.0024414
-0.0024414
-0.0036621
0
0.0024414
0.010986
0.026855
0.025635
0.026855
0.026855
0.025635
0.023193
0.024414
0.037842
0.039063
0.020752
0.01709
0.013428
0.021973
0.043945
0.054932
0.013428
-0.014648
-0.013428
-0.01709
-0.013428
-0.0036621
0.0024414
0.0048828
0.0073242
0.0036621
0.0036621
0.0061035
0.0097656
0.0097656
0.019531
0.023193
0.0097656
-0.0024414
0
0.0036621
0.0073242
0.0073242
0.0036621
0.0048828
0
0.0036621
0.0073242
0.0048828
0.0048828
0.0012207
0.0036621
0.0061035
0.0012207
0
0
0.0048828
0.0036621
0.0073242
0.0085449
0.010986
0.015869
0.024414
0.021973
0.01709
0.01709
0.019531
0.021973
0.024414
0.030518
0.028076
0.030518
0.032959
0.037842
0.039063
0.040283
0.039063
0.037842
0.037842
0.039063
0.03418
0.037842
0.031738
0.029297
0.025635
0.031738
0.028076
0.019531
0.019531
0.013428
0.0097656
0.013428
0.015869
0.019531
0.018311
0.014648
0.015869
0.015869
0.01709
0.019531
0.015869
0.013428
0.012207
0.012207
0.015869
0.018311
0.015869
0.019531
0.019531
0.01709
0.01709
0.018311
0.018311
0.020752
0.021973
0.023193
0.026855
0.018311
0.018311
0.01709
0.021973
0.01709
0.0061035
0.0061035
0.0097656
0.015869
0.024414
0.023193
0.024414
0.03418
0.036621
0.050049
0.024414
0.0354
-0.020752
-0.0085449
-0.0012207
0.0073242
0.012207
0.012207
0.010986
0.015869
0.019531
0.024414
0.013428
0.0085449
0.0061035
0.012207
0.0085449
0.0085449
0.0073242
0.0061035
0.0048828
0.0097656
0.012207
0.013428
0.018311
0.010986
0.0097656
0.014648
0.015869
0.019531
0.013428
0.0085449
0.0097656
0.0073242
0.010986
0.014648
0.015869
0.0085449
0.012207
0.0097656
0.010986
0.0085449
0.0097656
0.010986
0.0085449
0.0097656
0.018311
0.021973
0.032959
0.0073242
-0.0036621
-0.0085449
-0.0012207
0.0048828
0.0097656
0.0085449
0.013428
0.012207
0.0073242
0.0085449
0.013428
0.0085449
0.0097656
0.013428
0.020752
0.014648
0.013428
0.014648
0.015869
0.013428
0.013428
0.010986
0.0085449
0.012207
0.0085449
0.0012207
0.0024414
0.010986
0.0085449
0.0036621
0.0061035
0.010986
0.010986
0.010986
0.012207
0.018311
0.020752
0.018311
0.015869
0.026855
0.029297
0.024414
0.024414
0.020752
-0.0048828
-0.0085449
0
0.0048828
0.0097656
0.015869
0.021973
0.023193
0.015869
0.0097656
0.0073242
-0.0012207
0.0061035
0.0024414
0.0061035
0.0073242
0.0085449
0.012207
0.0048828
0.0061035
0.0073242
0.0073242
0.0085449
0.013428
0.010986
0.0085449
0.014648
0.014648
0.012207
0.012207
0.0036621
0.0024414
-0.013428
-0.015869
-0.0097656
-0.0036621
0.0012207
0.0012207
0.0024414
0.0024414
0.0024414
0.0048828
0.0036621
0.0061035
0.0061035
0.0048828
0.0097656
0.0048828
0.0073242
0.010986
0.0085449
0.0097656
0.0097656
0.010986
0.0097656
0.012207
0.014648
0.01709
0.01709
0.010986
0.0097656
0.012207
0.0085449
0.0061035
0.0061035
0.0036621
0.0073242
0.0073242
0.012207
0.0073242
0.0097656
0.0085449
0.0097656
0.0073242
0.0061035
0.010986
0.012207
0.014648
0.018311
0.010986
0.012207
0.0061035
0.012207
0.010986
0.015869
0.010986
0.0085449
0.012207
0.0097656
0.010986
0.012207
0.010986
0.013428
0.012207
0.010986
0.014648
0.0097656
0.0097656
0.013428
0.012207
0.0085449
0.0097656
0.010986
0.013428
0.012207
0.014648
0.013428
0.013428
0.015869
0.0097656
0.0061035
0.0036621
0.0085449
0.0061035
0.014648
0.015869
0.01709
0.01709
0.012207
0.015869
0.015869
0.020752
0.023193
0.025635
0.014648
0.0085449
0.0097656
0.012207
0.0097656
0.0097656
0.010986
0.013428
0.013428
0.010986
0.0085449
0.012207
0.015869
0.015869
0.012207
0.014648
0.01709
0.019531
0.020752
0.021973
0.021973
0.015869
0.01709
0.013428
0.0097656
0.014648
0.01709
0.019531
0.019531
0.021973
0.024414
0.030518
0.029297
0.031738
0.023193
0.019531
0.014648
0.014648
0.015869
0.0097656
0.013428
0.010986
0.0097656
0.013428
0.0085449
0.0097656
0.0061035
0.0073242
0.010986
0.0073242
0.0085449
0.012207
0.014648
0.019531
0.019531
0.026855
0.032959
0.0073242
0.0048828
0.0073242
0.010986
0.0073242
0.0036621
0.0061035
0.0085449
0.0085449
0.010986
0.010986
0.0097656
0.0085449
0.0073242
0.0061035
0.0061035
0.0048828
0.0073242
0.010986
0.0097656
0.012207
0.0097656
0.0061035
0.0097656
0.013428
0.0097656
0.0097656
0.0061035
0.0073242
0.0097656
0.012207
0.0097656
0.0097656
0.0085449
0.0036621
0.0012207
0.0073242
0.0048828
0.0085449
0.012207
0.0085449
0.012207
0.010986
0.0085449
0.0048828
0.010986
0.0073242
0.0012207
0.0085449
0.014648
0.013428
0.019531
0.018311
0.019531
0.015869
0.013428
0.015869
0.010986
0.0085449
0.0073242
0.013428
0.0073242
0.0073242
0.010986
0.013428
0.013428
0.010986
0.010986
0.010986
0.0048828
0.0036621
0.0073242
0.010986
0.010986
0.014648
0.020752
0.023193
0.010986
0.0024414
0.0073242
0.042725
0.029297
0.014648
0.019531
0.019531
0.020752
0.041504
0.043945
0.025635
0.019531
0.015869
0.01709
0.014648
0.014648
0.0097656
0.012207
0.0097656
0.0097656
0.0097656
0.0085449
0.010986
0.012207
0.010986
0.0097656
0.0097656
0.0048828
0.0097656
0.0085449
0.0061035
0.0061035
0.0097656
0.0085449
0.0085449
0.0073242
0.0097656
0.0048828
0.0085449
0.0085449
0.0097656
0.014648
0.014648
0.013428
0.012207
0.014648
0.014648
0.015869
0.018311
0.010986
0.015869
0.018311
0.019531
0.01709
0.013428
0.013428
0.012207
0.015869
0.015869
0.020752
0.018311
0.018311
0.019531
0.021973
0.01709
0.01709
0.0048828
0.0061035
0.018311
0.015869
0.013428
0.018311
0.014648
0.018311
0.0085449
0.010986
0.013428
0.01709
0.018311
0.012207
0.01709
0.01709
0.0085449
0.0024414
0.0024414
0.0012207
0.0012207
0.0073242
0.010986
0.010986
0.014648
0.015869
0.014648
0.01709
0.018311
0.021973
0.028076
0.023193
0.019531
0.019531
0.01709
0.013428
0.014648
0.021973
0.021973
0.021973
0.019531
0.018311
0.014648
0.014648
0.013428
0.015869
0.015869
0.015869
0.015869
0.014648
0.020752
0.018311
0.01709
0.014648
0.0085449
0.013428
0.013428
0.01709
0.018311
0.020752
0.015869
0.018311
0.019531
0.018311
0.020752
0.019531
0.028076
0.029297
0.025635
0.019531
0.019531
0.019531
0.021973
0.021973
0.01709
0.020752
0.024414
0.020752
0.018311
0.023193
0.026855
0.021973
0.021973
0.020752
0.021973
0.026855
0.025635
0.028076
0.021973
0.021973
0.029297
0.025635
0.026855
0.021973
0.023193
0.024414
0.023193
0.026855
0.026855
0.024414
0.025635
0.028076
0.029297
0.029297
0.026855
0.025635
0.024414
0.026855
0.026855
0.030518
0.024414
0.024414
0.020752
0.023193
0.023193
0.021973
0.021973
0.019531
0.019531
0.023193
0.024414
0.023193
0.024414
0.024414
0.020752
0.024414
0.028076
0.028076
0.024414
0.024414
0.023193
0.021973
0.026855
0.024414
0.020752
0.024414
0.023193
0.028076
0.026855
0.024414
0.025635
0.028076
0.024414
0.024414
0.028076
0.025635
0.024414
0.023193
0.019531
0.015869
0.01709
0.021973
0.020752
0.020752
0.019531
0.020752
0.01709
0.019531
0.01709
0.020752
0.025635
0.028076
0.024414
0.021973
0.024414
0.025635
0.025635
0.025635
0.021973
0.023193
0.024414
0.024414
0.023193
0.021973
0.021973
0.024414
0.023193
0.020752
0.021973
0.024414
0.023193
0.019531
0.023193
0.019531
0.01709
0.01709
0.019531
0.018311
0.019531
0.023193
0.021973
0.021973
0.020752
0.014648
0.015869
0.01709
0.015869
0.013428
0.015869
0.015869
0.018311
0.019531
0.014648
0.01709
0.015869
0.01709
0.015869
0.013428
0.018311
0.018311
0.019531
0.018311
0.018311
0.013428
0.01709
0.018311
0.019531
0.021973
0.019531
0.019531
0.023193
0.028076
0.026855
0.025635
0.024414
0.025635
0.020752
0.019531
0.014648
0.01709
0.018311
0.020752
0.021973
0.018311
0.018311
0.01709
0.015869
0.015869
0.012207
0.010986
0.012207
0.010986
0.013428
0.013428
0.013428
0.012207
0.01709
0.019531
0.019531
0.013428
0.012207
0.012207
0.0073242
0.0097656
0.0073242
0.0097656
0.0085449
0.012207
0.012207
0.013428
0.015869
0.01709
0.012207
0.012207
0.015869
0.015869
0.013428
0.013428
0.013428
0.014648
0.012207
0.014648
0.012207
0.010986
0.010986
0.0073242
0.0097656
0.013428
0.012207
0.0085449
0.0085449
0.0085449
0.012207
0.010986
0.0061035
0.013428
0.012207
0.010986
0.0073242
0.0097656
0.0085449
0.0085449
0.0073242
0.010986
0.013428
0.014648
0.012207
0.013428
0.0085449
0.010986
0.014648
0.010986
0.010986
0.023193
0.036621
0.046387
0.058594
0.057373
0.05127
0.054932
0.076904
0.050049
0.05127
0.031738
0.028076
0.040283
0.046387
0.030518
0.021973
0.014648
0.010986
0.0061035
0.0085449
0.0048828
0
0.0012207
-0.0036621
-0.0036621
-0.0048828
-0.0024414
-0.0036621
0
0.0048828
0.0024414
0.0048828
0.0012207
0.0024414
0.0073242
0.0073242
0.0036621
0.0012207
0.0012207
-0.0012207
-0.0012207
0
0.0012207
0.0024414
0.0036621
0.0012207
0.0012207
0.0024414
0.0036621
0.0085449
0.0073242
0.0036621
0.0024414
0.0012207
0.0061035
0.0085449
0.0048828
0.0073242
0.012207
0.0097656
0.0048828
0.0073242
0.012207
0.0061035
0.0073242
0.0048828
0.0036621
0.0061035
0.0073242
0.0085449
0.0085449
0.010986
0.012207
0.013428
0.013428
0.010986
0.0085449
0.010986
0.0085449
0.012207
0.012207
0.0085449
0.012207
0.0097656
0.014648
0.01709
0.014648
0.013428
0.015869
0.014648
0.015869
0.015869
0.014648
0.0085449
0.013428
0.0097656
0.0048828
0.0097656
0.0036621
0.0061035
0.0097656
0.0097656
0.0073242
0.0073242
0.0061035
0.0048828
0.0024414
0.0085449
0.0085449
0.0061035
0.0036621
0.0024414
0.0048828
0.0036621
0.0061035
0.0048828
0.0048828
0.0048828
0.0048828
0.0085449
0.0097656
0.0097656
0.0097656
0.010986
0.0073242
0.0036621
0.0061035
0.0048828
0.0085449
0.0073242
0.0073242
0.0097656
0.012207
0.010986
0.012207
0.012207
0.0097656
0.012207
0.010986
0.012207
0.010986
0.013428
0.01709
0.014648
0.015869
0.010986
0.012207
0.013428
0.013428
0.014648
0.014648
0.012207
0.014648
0.012207
0.0097656
0.0085449
0.0085449
0.0097656
0.010986
0.010986
0.010986
0.0097656
0.013428
0.010986
0.010986
0.0085449
0.0097656
0.0097656
0.012207
0.0085449
0.010986
0.010986
0.010986
0.0097656
0.010986
0.013428
0.010986
0.0097656
0.012207
0.015869
0.014648
0.013428
0.012207
0.010986
0.012207
0.013428
0.0097656
0.015869
0.01709
0.015869
0.012207
0.010986
0.012207
0.014648
0.013428
0.012207
0.012207
0.0097656
0.013428
0.014648
0.010986
0.0073242
0.0097656
0.010986
0.0073242
0.0061035
0.0097656
0.0097656
0.012207
0.0073242
0.0097656
0.010986
0.010986
0.014648
0.013428
0.010986
0.013428
0.015869
0.01709
0.015869
0.013428
0.010986
0.015869
0.010986
0.010986
0.0097656
0.012207
0.013428
0.0073242
0.0097656
0.0073242
0.0073242
0.015869
0.013428
0.014648
0.0097656
0.0085449
0.0048828
0.0024414
0.0061035
0.0048828
0.0061035
0.0073242
0.0061035
0.0085449
0.0085449
0.013428
0.013428
0.014648
0.018311
0.013428
0.015869
0.014648
0.0073242
0.012207
0.013428
0.014648
0.013428
0.013428
0.0073242
0.0061035
0.0073242
0.010986
0.012207
0.012207
0.010986
0.010986
0.0097656
0.0012207
0.0048828
0.0048828
0.0073242
0.0097656
0.014648
0.0085449
0.013428
0.014648
0.0085449
0.013428
0.014648
0.015869
0.0097656
0.0097656
0.015869
0.014648
0.014648
0.012207
0.013428
0.010986
0.0085449
0.012207
0.010986
0.012207
0.014648
0.019531
0.023193
0.023193
0.020752
0.021973
0.01709
0.021973
0.014648
0.014648
0.01709
0.021973
0.020752
0.023193
0.029297
0.026855
0.023193
0.023193
0.023193
0.014648
0.0036621
0.0048828
0.0036621
0.0097656
0.010986
0.012207
0.023193
0.018311
0.023193
0.014648
0.01709
0.01709
0.010986
0.0097656
0.010986
0.012207
0.013428
0.014648
0.024414
0.028076
0.028076
0.018311
0.010986
0.0048828
0.010986
0.0097656
0.0061035
0.018311
0.021973
0.0097656
0.015869
0.019531
0.021973
0.026855
0.041504
0.0097656
-0.0085449
-0.0085449
-0.0061035
-0.0061035
-0.0061035
-0.0024414
-0.0024414
0.0012207
0.010986
0.014648
0.015869
-0.0048828
-0.013428
-0.0085449
-0.0061035
0
-0.0012207
-0.0012207
0.0012207
0.0036621
0.0036621
0.0048828
0.0036621
0
-0.0097656
-0.0085449
-0.013428
-0.0085449
-0.0048828
-0.0012207
0.0036621
0.0036621
0.0024414
0.0036621
0.0085449
0.0073242
0.0085449
0.0036621
0.0061035
0.0061035
0.0048828
0.0085449
0.0085449
0
-0.0024414
0
-0.0036621
0.0012207
0.0024414
0.0085449
0.0073242
0.0061035
0.0024414
0.0061035
0.0073242
0.0061035
0.0036621
0.0048828
0.0097656
0.014648
0.012207
0.010986
0.0097656
0.010986
0.010986
0.010986
0.0097656
0.010986
0.0097656
0.012207
0.0073242
0.013428
0.018311
0.024414
0.026855
0.032959
0.028076
0.028076
0.025635
0.024414
0.020752
0.021973
0.019531
0.018311
0.018311
0.020752
0.024414
0.018311
0.018311
0.021973
0.021973
0.021973
0.020752
0.031738
0.030518
0.036621
0.028076
0.028076
0.0354
0.032959
0.020752
0.01709
0.013428
0.020752
0.012207
0.014648
0.019531
0.0073242
0.0048828
0.0097656
0.013428
0.012207
0.010986
0.010986
0.018311
0.031738
0.056152
0.0354
0.029297
0.015869
0.014648
0.015869
0.029297
0.029297
0.019531
0.013428
0.0097656
0.0097656
0.0061035
0.012207
0.0085449
0.012207
0.013428
0.0085449
0.013428
0.01709
0.012207
0.018311
0.013428
0.015869
0.023193
0.015869
0.019531
0.021973
0.0097656
0.0085449
0.0024414
0.0073242
0.0061035
0.012207
0.014648
0.015869
0.019531
0.025635
0.024414
0.021973
0.015869
0.010986
0.0073242
0.010986
0.0073242
-0.0061035
-0.010986
-0.010986
-0.0097656
0.0024414
0.0012207
0.0036621
0.0061035
0.012207
0.013428
0.014648
0.0061035
0.01709
0.023193
0.028076
0.030518
0.023193
0.028076
0.030518
0.029297
0.026855
0.029297
0.032959
0.039063
0.031738
0.014648
0.013428
0.0061035
0.012207
0.0085449
0.010986
0.0097656
0.013428
0.0061035
0.0048828
0.0097656
0.0097656
0.01709
0.018311
0.026855
0.03418
0.03418
0.037842
0.040283
0.015869
0.0097656
0.029297
0.0061035
0.0097656
0.023193
0.0073242
0.0061035
-0.0012207
0.0048828
-0.0061035
-0.0024414
-0.0036621
-0.0024414
0
-0.0073242
-0.0073242
0.0061035
0.010986
0.0048828
0.0048828
0.0073242
0.0073242
0.012207
0.0097656
0.0048828
0.0085449
0.014648
0.015869
0.012207
0.014648
0.0085449
0.010986
0.0073242
-0.0048828
-0.0036621
0
-0.019531
-0.024414
-0.023193
-0.010986
0.0073242
0.0024414
-0.0024414
-0.013428
-0.010986
-0.0024414
0.0097656
0.012207
0.012207
0.010986
0.020752
-0.013428
-0.020752
-0.012207
-0.0036621
-0.0024414
0.0012207
0.0036621
0.0036621
-0.0036621
0
-0.0012207
0.0024414
0.0036621
0.0036621
0.0097656
0.0061035
0.0097656
0.012207
0.015869
0.023193
0.020752
0.014648
0.018311
0.023193
0.039063
0.064697
0.014648
0.014648
0.0073242
0.0024414
0.0024414
0.0085449
0.013428
0.021973
0.025635
0.03418
0.05249
0.024414
0.0097656
0.0097656
0.013428
0.021973
0.020752
0.012207
0.0097656
0.014648
0.020752
0.028076
0.039063
0.030518
-0.010986
0
0.0073242
0.0073242
0.010986
0.014648
0.019531
0.018311
-0.0097656
-0.0036621
0.0012207
0.0073242
0.015869
0.023193
0.023193
0.0097656
0.032959
-0.0024414
0.012207
-0.012207
0
-0.012207
-0.0085449
-0.0097656
-0.0048828
-0.0024414
0.0085449
0.015869
0.0024414
-0.0061035
-0.0085449
0.0012207
0.0061035
0.015869
0.018311
0.0073242
0.0073242
0.0036621
0.0048828
0.018311
-0.01709
-0.024414
-0.023193
-0.021973
-0.026855
-0.029297
-0.041504
-0.041504
-0.029297
-0.014648
-0.0061035
0.0012207
-0.0024414
0.0097656
0.021973
0.021973
0.012207
-0.0061035
-0.013428
-0.0085449
-0.0036621
-0.0036621
-0.0061035
-0.0085449
-0.0036621
0.0012207
0.0036621
0.0012207
0.0036621
0
0.0024414
0.01709
0.021973
-0.0036621
-0.0036621
-0.0012207
-0.0085449
-0.015869
-0.0097656
0.0024414
0.0061035
0.0061035
-0.0085449
-0.0073242
0.0097656
0.014648
0.020752
0.020752
0.0048828
-0.0024414
-0.0097656
-0.014648
-0.0085449
0.0024414
0.0061035
0.0061035
0.0012207
0.014648
0.048828
0.032959
0.012207
-0.0085449
-0.030518
-0.039063
-0.057373
0
0.013428
0.0024414
0.0012207
-0.014648
-0.0048828
-0.0061035
-0.0048828
0.0012207
0.03418
0.029297
0.010986
-0.0085449
0.015869
0.025635
0.010986
0.015869
-0.021973
-0.010986
-0.024414
0
0.0036621
-0.018311
-0.021973
0.0036621
-0.0061035
-0.0061035
-0.014648
-0.03418
0.0048828
0.015869
0.018311
0.041504
0.05249
0.023193
-0.062256
-0.093994
-0.010986
0.024414
0.0085449
-0.029297
-0.05127
-0.063477
-0.020752
-0.0024414
-0.013428
0.015869
0.05127
0.025635
0.026855
0.021973
0.025635
0.018311
0.015869
0.031738
0.073242
0.031738
0.025635
0.032959
0.026855
-0.046387
-0.08667
-0.15747
-0.10986
-0.054932
-0.087891
-0.028076
-0.031738
-0.080566
-0.081787
-0.043945
-0.056152
-0.093994
-0.06958
-0.13916
-0.11963
-0.0354
-0.11353
-0.16968
-0.097656
-0.043945
-0.030518
0.020752
-0.040283
-0.056152
-0.081787
-0.046387
-0.065918
-0.096436
-0.065918
-0.045166
-0.063477
-0.084229
-0.084229
-0.078125
-0.043945
-0.032959
0.013428
0.037842
0.097656
0.042725
0.047607
0.098877
0.081787
0.014648
-0.0024414
-0.019531
-0.015869
-0.013428
-0.0085449
0
0
0.0036621
0
-0.014648
-0.014648
-0.0354
-0.043945
-0.045166
-0.039063
-0.0354
-0.0354
-0.032959
-0.021973
-0.024414
-0.030518
-0.028076
-0.019531
-0.0097656
-0.0036621
-0.0024414
0.0073242
0.0073242
0.0012207
-0.0061035
-0.0061035
-0.0024414
-0.0012207
-0.0048828
-0.0036621
-0.0012207
-0.0012207
-0.0048828
0.0024414
0
0.0012207
-0.0024414
0.0012207
-0.0012207
0
0.0012207
0.0036621
0
0.0036621
0.0085449
0.0061035
0.0036621
0.0036621
0.0061035
0.0085449
0.012207
0.013428
0.0085449
0.0036621
0.0073242
-0.0024414
-0.012207
-0.0048828
-0.0048828
0.0012207
-0.0012207
-0.0012207
-0.0048828
0.0012207
0.0024414
0.0073242
0.0061035
0.0073242
0.0085449
0.0036621
0.0085449
0.0085449
0.0048828
0.0085449
-0.0012207
0
0.0036621
0.010986
0.01709
0.028076
0.032959
0.0036621
-0.013428
-0.019531
-0.0085449
0
0.0061035
0.0048828
-0.0048828
0.0073242
0.0048828
0.0048828
0.0085449
0.0073242
0.0085449
0.0012207
0.0036621
0.0036621
-0.0061035
0.0024414
-0.0024414
-0.0036621
-0.0012207
-0.0012207
-0.0073242
-0.0048828
-0.0073242
0.0036621
0.0048828
0.0073242
0.0048828
0
0.0048828
0.015869
0.012207
0.012207
0.024414
0.019531
0.020752
0.021973
0.018311
0.0085449
0.0073242
0.013428
0.0048828
0.0024414
0.0061035
-0.0048828
-0.013428
-0.0061035
-0.0024414
0.0048828
0.0073242
0.0097656
0.0097656
0.0085449
0.012207
0.0085449
0.0097656
0.0085449
0.014648
0.023193
0.021973
0.0354
0.046387
0.048828
0.037842
0.032959
0.028076
0.018311
0.012207
0.014648
0.01709
0.014648
0.01709
0.023193
0.030518
0.028076
0.026855
0.020752
0.01709
0.018311
0.014648
0.012207
0.0036621
0.0085449
0.010986
0.012207
0.013428
0.0073242
0.0097656
0.015869
0.013428
0.0097656
0.0097656
0.0061035
0.0048828
0.0073242
0.0061035
0.0073242
0.0085449
0.0085449
0.012207
0.015869
0.012207
0.013428
0.010986
0.0097656
0.018311
0.012207
0.014648
0.019531
0.01709
0.01709
0.012207
0.014648
0.015869
0.014648
0.015869
0.015869
0.018311
0.015869
0.013428
0.012207
0.0061035
0.0048828
0.0061035
0.0048828
0.0024414
0.0024414
0.0036621
0.0024414
0.0012207
0.0036621
0.0048828
0.0073242
0.0073242
0.0097656
0.010986
0.010986
0.0085449
0.013428
0.0097656
0.0085449
0.0085449
0.0061035
0.0097656
0.0085449
0.0085449
0.0061035
0.0073242
0.0073242
0.0036621
0.0085449
0.0036621
0.0073242
0.0085449
0.0097656
0.0085449
0.0085449
0.0097656
0.0085449
0.0097656
0.0073242
0.0061035
0.0097656
0.013428
0.014648
0.014648
0.012207
0.010986
0.030518
0.0073242
0
0.0012207
0.0048828
0
0.0012207
0.0061035
0.0048828
0.0097656
0.013428
0.010986
0.010986
0.0097656
0.014648
0.012207
0.01709
0.020752
0.029297
0.019531
0.0097656
0.0085449
0.0073242
0.0036621
-0.0048828
0
0.0048828
0.0036621
0.012207
0.0097656
0.0061035
0.0048828
0.0097656
0.0073242
0.0085449
0.0085449
0.0097656
0.0085449
0.018311
0.025635
0.019531
0.015869
0.012207
0.0073242
0.0085449
0.018311
0.01709
0.025635
0.040283
0.028076
0.0036621
0.032959
0.03418
0.047607
0.054932
0.063477
0.068359
0.072021
0.075684
0.074463
0.072021
0.067139
0.065918
0.070801
0.070801
0.068359
0.065918
0.067139
0.054932
0.032959
0.024414
0.012207
0.012207
0.014648
0.018311
0.025635
0.026855
0.012207
0.0085449
0.026855
0.020752
0.028076
0.037842
0.031738
0.029297
0.018311
0.032959
0.031738
0.029297
0.021973
0.018311
0.014648
0.015869
0.0097656
0.012207
0.010986
0.012207
0.013428
0.019531
0.014648
0.01709
0.014648
0.012207
0.013428
0.0097656
0.010986
0.015869
0.014648
0.01709
0.01709
0.023193
0.01709
0.01709
0.018311
0.021973
0.040283
0.042725
0.036621
0.024414
0.010986
0.013428
0.010986
0.0097656
0.013428
0.012207
0.0085449
0.013428
0.010986
0.0085449
0.0085449
0.0061035
0.0085449
0.010986
0.014648
0.019531
0.0012207
-0.0036621
0.0012207
-0.0036621
0.0024414
0.0048828
0.0048828
0.0048828
0.0012207
0.014648
0.013428
0.015869
0.021973
0.062256
0.0036621
-0.0024414
0.0036621
0.012207
0.013428
0.023193
0.023193
0.018311
0.0097656
0.013428
0.03418
0.061035
0.041504
0.021973
0.014648
0.0073242
0.0097656
0.0085449
0.0097656
0.0097656
-0.0036621
0.0036621
0.0061035
0.0061035
0.0073242
0.010986
0.0097656
0.0085449
0.0097656
0.0061035
0.0073242
0.0097656
0.0012207
0.0085449
0.0073242
0.0073242
0.010986
0.0024414
0.0097656
0.0048828
0.0073242
0.0097656
0.0048828
0.0073242
0.0085449
0.0061035
0.0061035
0.0048828
0.0097656
0.0085449
0.0048828
0.0085449
0.0073242
-0.0024414
-0.01709
-0.023193
-0.01709
-0.010986
-0.013428
-0.015869
-0.010986
-0.013428
-0.014648
-0.013428
-0.010986
-0.0097656
-0.0048828
-0.0024414
-0.0061035
-0.0048828
-0.0012207
-0.0012207
0.0024414
0.0024414
0.0036621
0.0036621
0.0036621
0.0048828
0.0073242
0.0048828
0.0073242
0.0061035
0.0061035
0.013428
0.0048828
0.012207
0.015869
0.012207
0.0097656
0.0097656
0.010986
0.010986
0.0073242
0.0073242
0.0024414
-0.0012207
0.0048828
0.0073242
0.0073242
0.0024414
0.0061035
0.0085449
0.013428
0.010986
0.0085449
0.0097656
0.0048828
0.0061035
0.013428
0.0354
0.046387
0.063477
0.039063
0.062256
0.10254
0.05249
0.031738
0.014648
0.018311
0.019531
0.01709
0.018311
0.018311
0.0048828
0.0073242
0.0097656
0.010986
0.0097656
0.010986
0.010986
0.014648
0.015869
0.012207
0.014648
0.010986
0.015869
0.010986
0.0085449
0.010986
0.013428
0.01709
0.015869
0.01709
0.014648
0.012207
0.012207
0.019531
0.023193
0.014648
0.013428
0.018311
0.019531
0.024414
0.028076
0.032959
0.03418
0.032959
0.030518
0.031738
0.03418
0.026855
0.015869
0.013428
0.019531
0.030518
0.025635
0.032959
0.031738
0.026855
0.028076
0.032959
0.0354
0.03418
0.0354
0.039063
0.03418
0.039063
0.036621
0.0354
0.030518
0.031738
0.0354
0.029297
0.023193
0.021973
0.018311
0.0097656
0.0048828
0.0012207
0.0061035
0.0073242
0.0085449
0.012207
0.012207
0.015869
0.0097656
0.012207
0.0097656
0.010986
0.012207
0.010986
0.013428
0.015869
0.023193
0.028076
0.025635
0.024414
0.025635
0.031738
0.032959
0.026855
0.021973
0.026855
0.030518
0.028076
0.024414
0.03418
0.031738
0.0354
0.031738
0.025635
0.019531
0.01709
0.014648
0.018311
0.023193
0.021973
0.018311
0.028076
0.030518
0.029297
0.026855
0.020752
0.019531
0.01709
0.014648
0.01709
0.014648
0.01709
0.021973
0.025635
0.0061035
-0.0061035
-0.0073242
-0.0012207
0.0024414
0.0061035
0.0097656
0.0073242
0.012207
0.018311
0.014648
0.010986
0.0048828
0.0061035
0.0036621
0.012207
0.010986
0.0085449
0.0085449
0.0073242
0.0024414
0.0048828
0.0073242
0.0036621
0.0097656
0.0073242
0.0097656
0.0073242
0.0097656
0.0048828
0.0073242
-0.010986
-0.037842
-0.036621
-0.0048828
0.048828
0.03418
0.020752
0.015869
0.0097656
0.0073242
0.0085449
0.010986
0.0097656
0.012207
0.014648
0.012207
0.0073242
0.012207
0.0085449
0.0097656
0.0085449
0.012207
0.013428
0.013428
0.012207
0.012207
0.012207
0.010986
0.012207
0.012207
0.023193
0.025635
0.025635
0.03418
0.03418
0.015869
0.0024414
0.0048828
0.0024414
0.0024414
0
-0.0048828
-0.0036621
-0.0061035
0.0012207
0.0048828
0.0036621
0.0036621
0.0012207
0.0073242
0.0036621
0.0048828
0.0024414
0.0048828
0.0061035
0.010986
0.0048828
0.0012207
0.0036621
0.0036621
0.010986
0.020752
0.015869
0.010986
0.010986
-0.0024414
0.0036621
0.0048828
0.0073242
0.012207
0.021973
0.0097656
0.020752
0.025635
0.037842
0.03418
0.061035
0.040283
0.029297
0.023193
0.020752
0.019531
0.01709
0.018311
0.039063
0.032959
0.018311
0.030518
0.021973
0.025635
0.026855
0.028076
0.03418
0.029297
0.029297
0.023193
0.012207
0.012207
0.0061035
0.0073242
0.0097656
0.0073242
0.013428
0.019531
0.019531
0.018311
0.01709
0.014648
0.0085449
0.0024414
0.0024414
0.0036621
-0.018311
-0.026855
-0.0085449
0.0012207
0.0097656
0.014648
0.014648
-0.0024414
0
-0.0024414
-0.0073242
-0.0048828
-0.0048828
-0.0024414
0.0061035
0.0048828
0.013428
0.019531
0.0073242
0.0097656
0.010986
0.012207
0.0073242
0.013428
0.0048828
0.0048828
0.0061035
0.0097656
0.019531
0.0036621
0.014648
0.014648
0.015869
0.020752
-0.013428
-0.012207
-0.013428
0.023193
0.047607
0.073242
0.10132
0.081787
0.073242
0.056152
0.05249
0.020752
0.010986
0.0061035
0.036621
0.031738
-0.040283
-0.019531
0.032959
0.047607
0.072021
-0.012207
-0.081787
-0.046387
-0.041504
-0.010986
0.015869
0.032959
0.037842
0.021973
0.0061035
0.0085449
0.0048828
0.010986
0.012207
0.012207
0.013428
0.0073242
0.028076
0.018311
0.0048828
0.0036621
0.013428
0.018311
0.018311
0.012207
0.015869
0.019531
0.028076
0.054932
0.039063
0.029297
0.026855
0.031738
0.013428
0.0048828
0.0048828
0.014648
0.020752
0.030518
0.0073242
0.0048828
0.024414
0.054932
0.043945
0.021973
0.031738
0.032959
0.0354
0.03418
0.031738
0.03418
0.042725
0.061035
0.041504
0.041504
0.023193
0.020752
0.028076
0.029297
0.029297
0.020752
0.018311
0.018311
0.025635
0.0354
0.05249
0.020752
0.024414
0.015869
-0.0073242
-0.0024414
-0.0097656
-0.014648
0.0085449
0.014648
0.0048828
-0.0036621
0.0024414
0.0048828
0.0012207
-0.0024414
0.0048828
0.0097656
0.012207
0.012207
0.012207
0.015869
0.01709
0.014648
0.010986
0.010986
0.012207
0.012207
0.012207
0.0085449
0.0097656
0.013428
0.014648
0.0097656
0.013428
0.012207
0.012207
0.0036621
0.0085449
0.014648
0.013428
0.013428
0.010986
0.0073242
0.0085449
0.0097656
0.0073242
0.0048828
0.01709
0.0073242
-0.0061035
-0.0354
-0.0354
-0.021973
-0.0097656
0
0.0048828
0.0097656
0.0085449
0.010986
0.0097656
0.024414
0.028076
0.03418
0.047607
0.048828
0.048828
0.032959
0.015869
-0.010986
-0.018311
-0.0085449
0.0061035
0.021973
0.037842
0.046387
0.050049
0.053711
0.058594
0.057373
0.059814
0.056152
0.050049
0.031738
0.013428
-0.0036621
-0.0048828
-0.0048828
0.0024414
0.013428
0.020752
0.021973
0.018311
0.0073242
-0.0036621
-0.0024414
0
0.0036621
0.0024414
0.0048828
0.0061035
0.0073242
0.010986
0.014648
0.019531
0.014648
0.015869
0.015869
0.018311
0.020752
0.012207
0.010986
0.010986
0.015869
-0.021973
-0.031738
-0.012207
0.0073242
0.0097656
0.031738
0.070801
0.057373
-0.0097656
-0.0036621
-0.0036621
0
0.0048828
0.0073242
0.012207
0.0085449
0.010986
0.010986
0.013428
0.015869
0.014648
0.014648
0.019531
0.021973
0.023193
0.024414
0.024414
0.021973
-0.0036621
-0.024414
-0.010986
-0.0061035
-0.0036621
-0.0048828
0.0024414
0.0036621
-0.0036621
0
0.0024414
0
0.026855
0.030518
0.014648
0.0097656
0.0097656
0.0085449
0.0073242
0.0061035
0.0073242
0.0012207
0.0061035
0.0061035
0.0012207
0.0097656
0.0048828
-0.0097656
-0.020752
-0.021973
-0.014648
-0.012207
-0.0048828
-0.0097656
-0.021973
-0.018311
-0.0097656
0
0.0012207
0.0073242
0.0073242
0.0061035
0.014648
0.012207
0.010986
0.0061035
0.0061035
0.010986
0.0085449
0.012207
0.014648
0.01709
0.028076
0.021973
0.014648
0.015869
0.01709
0.019531
0.030518
0.023193
0.028076
0.030518
0.023193
0.029297
0.0085449
-0.015869
-0.0036621
0.0061035
0.0073242
0.0061035
0.012207
0.014648
0.015869
0.012207
0.014648
0.020752
0.024414
0.018311
0.024414
0.024414
0.030518
0.030518
0.013428
-0.026855
-0.020752
-0.0097656
-0.0073242
-0.0024414
0.0024414
-0.0097656
-0.0085449
-0.0024414
0.0036621
0.0061035
0.0097656
0.012207
0.014648
0.012207
0.010986
0.014648
0.018311
0.01709
0.030518
0.039063
0.046387
0.050049
0.036621
0.0061035
-0.0061035
-0.0048828
0.0036621
0.0061035
0.013428
0.0097656
0.015869
0.036621
0.10132
0.010986
-0.021973
-0.013428
-0.0073242
0.0048828
0.0085449
0.0048828
0.0036621
0.0048828
0.0048828
0.0061035
0.0061035
0.0048828
0.0012207
0.0048828
0.0048828
0.0024414
0.0036621
0
0.0048828
0.0061035
0.0012207
0.0048828
0.0024414
0.0036621
0.0048828
0.0073242
0.0048828
0.0097656
0.010986
0.010986
0.0048828
0.0085449
0.0085449
0.0073242
0.0073242
0.0061035
0.0061035
0.0036621
0.0048828
0.0061035
0.0061035
0.0048828
0.0097656
0.0073242
0.0073242
0.0061035
0.0036621
0.0073242
0.0061035
0.0085449
0.0073242
0.0085449
0.0073242
0.0061035
0.0061035
0.0085449
0.0085449
0.010986
0.0073242
0.0085449
0.0085449
0.0061035
0.0085449
0.0061035
0.0048828
0.0061035
0.0036621
0.0085449
0.0097656
0.0097656
0.0097656
0.0085449
0.0073242
0.0061035
0.0073242
0.0073242
0.010986
0.0061035
0.0085449
0.0085449
0.0073242
0.0048828
0.010986
0.010986
0.010986
0.012207
0.0097656
0.0085449
0.0073242
0.0073242
0.0061035
0.0085449
0.0073242
0.0097656
0.0097656
0.0085449
0.010986
0.0097656
0.010986
0.0085449
0
-0.0036621
0.0024414
0.0024414
0.0024414
0.0036621
0.0073242
0.0048828
0.0073242
0.0048828
0.0061035
0.0036621
0.0073242
0.0061035
0.0061035
0.0097656
0.0073242
0.0073242
0.0085449
0.0073242
0.0073242
0.0061035
0.0061035
0.0061035
0.0073242
0.0085449
0.0073242
0.0073242
0.0085449
0.0061035
0.0061035
0.0073242
0.0085449
0.0073242
0.010986
0.0073242
0.0073242
0.0097656
