0.94084073
0.44849608
0.37819022
0.13477007
-0.37653708
0.4488903
0.47767926
1.2084106
1.2081572
1.258872
0.79655856
0.78061966
1.3309649
0.59882879
0.40975729
0.42949457
0.7298295
0.50190031
1.3832731
0.62279174
0.52146558
0.62108127
0.7101956
1.3241791
0.95731723
1.2053497
1.7444144
2.0367005
1.9807966
3.1621978
2.982677
2.4521003
1.9147011
1.7120247
1.2735995
1.0070593
0.73956801
-0.54975716
-0.21058139
-1.4090945
-0.85655723
-1.3395636
-0.9315382
-1.1545367
-1.117518
-0.98598214
-0.32583142
-0.46205045
-0.41166909
-0.32958657
-0.040161574
-1.0092146
-0.1923867
-1.0904594
-1.0815817
-0.68109597
0.43346624
-0.31301995
0.10743922
0.061142903
0.32441284
0.25354412
0.64856423
0.59976526
0.63253043
1.313221
1.8977763
1.1950593
0.36174682
1.1536567
0.7195461
0.48824543
0.7911571
0.5124999
0.48995141
0.57702542
1.2217601
0.63157371
-0.15007099
-0.35336635
-0.33992349
-0.37297131
-0.53293926
-1.2765107
-0.60749653
-0.92127402
-0.4803515
0.15743571
-0.0092638968
-0.024189294
0.27073033
0.28570469
0.28872121
0.21681894
0.62283415
-0.082813515
-0.24156953
-0.016388662
0.61067538
0.58980146
0.36927936
0.41965066
1.0251038
0.20633605
0.15019631
0.67934638
0.18278932
0.84323561
0.21675059
0.57611733
0.2542552
0.61280607
0.61699847
0.4381494
0.80948377
0.24035495
1.9999378
0.64113993
1.6693854
1.3440672
1.5256381
2.5632197
2.5733304
1.7123884
1.0206227
0.77370194
0.50358984
0.37815922
-0.12855512
-0.52484574
-0.66202036
-0.27865948
-0.53362717
-0.25112535
-0.63336951
-0.029814528
-0.53619214
-0.61905004
-0.26884305
0.19713596
0.48024217
0.016952096
0.2716984
0.80917986
0.97894385
0.7216644
0.19790705
0.4497736
1.0339553
1.3860172
0.91897085
1.3485086
1.4371946
1.138601
0.87942798
0.99128871
0.32554244
1.2467862
1.2515992
0.81960901
0.21268919
0.61073637
0.020637878
0.65762186
0.57338856
0.82202632
0.16294074
0.43375236
0.56037588
0.27623726
0.15353685
0.55336847
0.035129319
0.23305545
-0.34579193
-0.0028035925
-0.75404661
-0.85767214
-0.095550331
-0.17706093
0.147675
-0.12467283
-0.24941462
2.0584938
1.5745038
1.453977
1.0838252
1.0702148
1.6821821
1.9743623
2.2000425
1.7551005
1.2254532
1.103115
1.2931486
1.3790181
2.4754875
1.8815983
1.0493077
1.3475404
1.4093096
-0.21708947
1.0259153
0.56380555
0.3380634
0.07804456
-0.48631132
-0.22508169
0.11128057
-0.76106919
-0.68938928
-0.2233661
0.018977533
0.0036362376
0.4101649
-0.20745648
0.11447691
0.2500506
-0.15555731
-0.54148579
0.43345371
0.87637192
0.18886159
0.83965778
0.42817447
0.51099338
-0.064218311
1.0379646
0.21260011
0.43890329
-0.32663246
0.21171393
-0.3486072
0.19364849
-0.15286641
0.065144123
0.18450379
0.75943639
0.34898672
1.1124868
0.35301901
0.64409608
-0.13518228
0.53737796
0.41978234
0.59880787
1.3459826
1.7145041
1.849704
1.3827373
1.6644853
0.83783337
1.0441331
0.8951665
0.27255181
-0.14085306
-0.067226756
0.46156403
-0.69095588
-0.34373426
-0.23570396
-0.24659917
0.14116161
0.038648902
0.27107781
1.3929055
1.7602855
2.472135
2.6251749
2.523455
2.225415
1.7460683
1.6747609
1.6420339
1.2377669
1.0239609
0.90142246
1.565482
1.7974966
0.50020704
0.55980431
0.23001755
0.20952913
-0.76226593
-0.0072061361
0.18520835
0.02596125
-1.1756615
-0.50905504
-0.4720291
-0.24813571
-0.093885593
-0.23858757
-1.0961143
-1.5284135
-0.33412932
-1.7283566
-0.15450331
-2.283115
-0.5642942
-0.64063162
-0.57398209
-0.3616926
-0.52848706
-0.50220806
-0.29501462
-0.40078826
-0.30587285
-0.23451768
0.075675695
0.14965627
0.48623197
0.48248413
0.92039489
0.094512651
-0.11595703
0.022997299
0.92143965
-0.71110928
-1.0997754
0.80444549
-0.99682949
0.24599573
-0.007333599
0.78188506
1.0583072
0.76613186
0.82273581
0.29175475
0.64662027
0.49916788
0.50064993
-0.80027393
-0.37407297
-0.73023278
-0.13846488
-0.20318656
-0.41862276
-0.76191216
-1.1112143
-1.0121184
-0.93716716
-1.5755044
-0.41410826
-0.11280741
1.0773696
1.3777283
0.6844427
0.71146581
1.0994614
1.4249191
1.2810721
0.41925295
0.5869392
0.44653222
0.23639433
-0.075180817
0.39144451
0.67543079
0.8480664
0.14615584
-0.28706632
0.57878234
1.3729511
1.0783471
-0.30860325
1.0880556
0.055113662
-0.725427
-0.29046939
-0.92885104
-0.34697048
-0.66729641
-0.85413864
-0.5483665
-0.31570223
-0.39608335
-0.443413
-0.78437167
-0.64354383
-0.76217975
-0.75541917
-1.0157609
-0.63112957
-0.63121443
-0.88305872
-0.37227562
-0.48425549
0.071751057
-2.3612416
-0.75578882
-2.0567127
-1.5404399
-1.6299794
-1.1089232
-0.41415395
-0.52577943
-0.22013662
-0.71834363
-0.3775537
-0.19824996
-0.14113646
-0.37129817
-0.51293705
0.3673594
-1.1203396
-0.5243964
-0.99718641
-0.98345784
-0.84761019
-1.1134289
-0.97356233
-2.6073177
-1.7719819
-1.5700285
-2.1870775
-1.7691745
-2.0421392
-1.4815304
-0.95391115
-0.63249592
-0.95135652
-1.3950579
-1.2707917
-0.67767754
-0.28779452
-0.085398696
0.12499059
0.32409704
0.077864661
-0.020963325
-0.16699549
-0.084019102
0.03387327
-0.46645312
-1.6498715
-0.56744666
-1.166003
-0.96841829
-1.0067842
-1.5058939
-0.9161817
0.29019511
-0.22341281
0.12335153
0.31021646
-0.59028599
-0.39586147
-0.26572988
-0.38689746
-0.98942145
-1.0395282
-1.115342
-0.70004343
-1.4124014
-1.5316143
-1.229645
-1.797555
-1.6466779
-2.495201
-1.5316946
-2.099872
-1.4257141
-2.1561975
-1.6012068
-1.0605764
-0.40346239
-0.53823518
-0.92019303
-0.11789695
-1.0437636
-0.0578643
-0.17101398
0.27370825
0.087347988
0.33056684
-0.3538562
-0.46909505
-0.67134512
-0.48145725
-0.073484316
-0.085859518
-0.74768551
-0.78295
-0.82878907
-1.2290779
-0.21602196
-0.6466267
-0.22001149
-0.34873253
-0.63642667
-0.52440803
-0.44565322
-0.30210805
-0.35196011
-0.67256407
-0.72552858
-0.47394484
-0.57943236
-0.14790222
-0.54291879
-1.3035861
-0.95527172
-0.917536
0.012571154
0.12253228
-0.91725953
-0.82755683
-0.77417344
-0.74775685
-0.96178281
-1.5878454
-0.66578037
-0.53410737
0.016292565
0.29254838
0.61307615
0.78266806
0.45704559
0.3678953
-0.11110939
-0.27244615
-0.09292105
-0.0057629258
1.1874824
-0.47896691
0.28962147
-0.30524306
-0.49030909
-1.2652081
-2.0509689
-1.4077183
-1.9107436
-0.58444209
-1.1942351
0.14638936
1.2980625
1.739794
1.140752
1.3968388
1.1458741
0.29989409
0.55054352
-0.450298
0.47757158
0.21659772
0.027827456
0.31483945
0.026059481
0.26262785
0.38165199
0.35026815
0.25294839
-1.3776304
-0.75359095
-1.440665
-0.53702581
-0.64421198
-0.15278402
0.13641399
0.069741349
0.23317258
0.60916335
0.59009697
0.51466686
0.090847711
0.55611633
0.23632322
-0.24110902
0.749922
-1.1315697
-0.67728931
-1.1495283
-0.87291492
-0.4764489
-0.35596583
-1.6872183
-1.7179269
-0.63935598
-2.2833214
-1.5187532
-2.177052
-1.3032678
-0.10715902
1.0031264
0.094533162
0.077647375
0.044225906
0.2403347
0.69893771
1.4434125
-0.18445582
0.91317218
-0.17893742
0.56673166
0.65528527
1.4252489
0.88260831
0.39070732
0.62382163
-0.9155225
-0.79221926
-0.24053953
-1.3049591
-0.46323233
-1.8197744
-0.86675729
-0.13088682
-0.086944409
-0.1454861
-0.23867854
-0.43651018
-0.79631057
-0.59545132
-0.59437529
-0.92979187
-0.42876296
-0.21049782
-0.25938794
0.75334465
1.2261632
1.1394273
1.3830547
0.45821127
-0.62696968
-1.2276982
-0.59554637
-0.79165184
0.11369204
-0.84830075
-0.014109212
-0.040597077
-0.47109543
-0.081580669
-0.74290935
0.33011834
-0.80236375
0.126879
1.2557428
2.0227251
2.7909665
2.2094076
2.308989
1.1871096
1.6524019
0.42563079
0.85614997
0.90286388
-0.66168345
-0.53617923
-1.2813824
-0.95448702
-1.1115879
-1.6425913
-1.295288
-0.72660084
-1.1405882
-0.84972369
-1.3724104
-1.0220636
-0.078636496
0.5483004
1.0446194
0.5492381
1.4546232
0.77735247
0.52971224
-0.58414915
-0.22398329
0.80800983
1.1990297
0.24117295
-0.99683461
-0.39043954
-1.564854
-0.34995325
-1.4921136
-0.58918959
-0.33032969
0.29003719
0.23452728
0.085433309
0.65058955
0.74976843
0.62163482
-0.48360414
-0.016411994
0.013291119
0.23188982
-0.16666625
-0.53841683
-0.38838999
0.051906979
0.27662645
0.77144229
-1.6703485
-1.8556697
-1.783634
-2.0669628
-1.4527795
-2.0491306
-1.8423787
-1.0715086
-1.6598188
-1.8032952
-0.76380723
-0.48234963
-1.0013662
-1.1746406
-0.83654922
-1.0051554
-0.40990846
-0.59955694
-0.7365955
-0.11088339
0.15041032
0.37547901
0.69920068
0.72750049
-1.0515635
-0.8501232
-1.0416576
-0.32090978
0.062190335
-0.8502713
-0.24201008
0.019797269
-0.52719116
-0.086690435
-0.16458786
-0.13809959
-0.2040823
-0.26726457
-0.4594688
-0.19692531
-1.9391523
-0.52844181
1.0510982
1.3171349
1.017341
1.0223175
0.3529154
-0.00098451736
-1.5910714
-1.7541236
-1.4506716
-1.8074711
-1.2165607
-1.585073
-1.1604447
-1.2936119
-0.21293338
-0.65447118
-0.62683625
-0.48181055
-0.16549653
0.1922119
-0.1641362
0.3690543
0.76023532
2.2313835
2.0560999
1.9945767
1.417818
1.698823
1.3977648
0.51390366
-0.87623997
-0.13673426
-1.3825463
-0.64040875
-1.4364926
-1.2528436
-0.98565141
-1.1822539
-0.68780232
-1.0390626
-0.41983181
-1.202476
-2.1196375
-1.392907
-1.3417638
-1.1838648
-1.6671922
-1.6384749
-1.116168
-0.69132781
-0.42893945
-0.3294099
-0.54167646
-0.62087251
-1.1266263
-1.599965
-0.34322698
-1.4640419
-1.1640968
-1.5930737
-0.90836194
-1.216127
-0.73165715
-0.91766881
-0.61345693
-0.56773263
-0.5652268
0.094010197
-0.42733052
-0.49176151
0.19730369
0.50817326
0.86151346
1.1253697
1.3039222
1.9513285
0.73843181
-0.089765542
-1.6825983
-0.36577874
-2.0093542
-1.3274836
-1.8752004
-1.5750148
-1.0526077
-0.87115716
-1.0192463
-1.0952134
-1.1027034
-0.59834175
-1.1830154
-0.73636176
-0.84449469
-0.74960093
-0.34927274
-0.76117568
0.55291493
1.5071599
2.1303017
1.8745161
1.7785024
-0.36345938
-0.056876844
-0.79875725
-0.7591993
-0.91955474
-0.87570004
-0.12596168
-0.38180065
-0.2041929
-0.078044666
-0.42935988
-0.10164633
-0.64589761
0.27215123
1.1658818
1.2590458
1.1273699
1.3117965
0.26297288
-0.24669678
-0.26483729
0.061323855
0.44420048
-1.300675
-1.3895957
-1.2385211
-1.8191706
-0.67380235
-1.5916163
-1.2177944
-0.80628648
-0.38355341
0.20695312
0.64088016
1.7116856
1.4335437
2.2846927
1.7173325
1.3083258
0.9800479
1.1469888
1.1147469
1.1560888
1.0156343
0.55872066
0.55985852
2.0272273
1.9514427
-0.3278229
-0.50852837
0.099130981
-0.0047067626
1.0937825
-0.44900842
0.48655269
1.3897898
0.51367203
0.3741554
1.7590885
0.78707437
0.75189861
0.68258324
0.0034269647
-0.25092215
-0.073348447
0.017023014
-0.44299839
-0.36958464
-0.70976442
-0.81585069
-1.2155048
-0.77721147
-0.41366824
-1.5541194
-1.358048
-0.43222139
-0.71059702
-0.091745299
-1.1327555
-0.19162898
0.59141274
0.47055142
0.55003112
0.45331672
0.2820901
0.78312273
0.22024644
-0.080294664
0.54241957
0.40338509
1.086633
0.54943644
0.50809594
0.83915033
0.56733633
0.4324636
0.03589275
0.59180104
-1.344511
-0.64071178
-2.4575519
-0.80030926
-1.5350648
-1.4431568
-1.3905483
-0.78289983
-1.2113346
-0.98116388
-1.0624758
-1.240253
-0.88987058
-1.3197856
-0.63752734
-0.76737191
-0.79681079
-0.93760933
-0.17128902
-0.26058865
-0.82978985
0.24887208
0.23358634
0.64974545
-0.98320532
-0.66222793
-1.0965475
-0.44676258
-0.99268564
-0.745858
-0.34568499
0.47377557
0.42455367
0.26161112
0.33543448
0.83179055
1.8969169
1.890388
1.7198321
1.4959999
0.98585326
0.52591289
1.2326582
0.37241405
-0.17691349
-0.58457072
-0.62067432
-0.85720145
-2.0118499
-1.6854943
-1.4542405
-1.4882208
-1.5240852
-1.9455834
-1.6699816
-1.2034002
-0.48288036
-0.78060974
-0.69523455
-0.4772289
0.047743518
-0.42036377
0.45752994
0.16733816
0.2724522
0.33200105
-0.031097145
0.59103722
0.43546781
1.5451222
0.45915082
0.6202128
-1.2716373
-0.76890663
-1.3973862
-1.3033679
-1.0654857
-0.83157431
0.55247237
1.6053725
1.328983
2.1994959
0.89374538
0.73276792
0.21904935
-0.24894658
-0.31694354
-0.65216324
-1.1211692
-0.70184669
-0.25125169
-0.50901988
-1.2439417
-1.0025188
-0.54955767
-0.60532748
-2.0203447
-2.230314
-0.39963456
-0.25898637
1.0710031
0.77892557
1.913084
1.5356935
0.95737437
0.90411391
0.66392777
0.98028786
-0.14434779
0.24692277
0.36706692
0.28273426
0.2467199
0.34836743
0.70108249
1.8971348
1.5965999
1.4089671
1.4824128
2.7023303
0.5934333
1.8381174
0.80522805
0.15909408
0.21001979
-0.36673251
-0.31303474
1.4007918
1.0810886
0.0037438158
0.024304718
-0.42536714
-0.24270204
0.021248845
-0.70070951
-1.2650338
-0.97411163
-1.0034665
-0.76916658
0.020696704
-0.50386809
-0.28247196
-0.02464646
0.013992903
-1.3759086
-0.85045899
-0.77451625
-0.92647748
-1.3612123
-0.30076011
0.27152558
0.03813212
0.21572227
0.58372965
0.83836115
2.3313143
1.4338641
1.5520946
1.0167906
0.72307158
0.18222075
0.55822204
0.064222339
0.34445618
0.63765248
0.11522302
-0.53525812
-0.26262558
-1.8379581
-1.3650583
-1.448495
-0.75405334
-1.9053027
-1.9786689
-1.4285851
-1.6969089
-1.3717649
-1.3796149
-1.1735714
0.14714272
0.70842649
0.580958
-0.030058694
-1.2800729
-0.60691772
-0.30867478
-0.22395617
0.25003077
0.096549997
0.84356482
0.43600268
0.78526593
-1.1336886
-0.14189027
-0.41213524
-0.20689365
-0.59811295
-1.2063388
-0.032910407
0.68671426
0.67062935
0.23338073
-0.34221723
0.69110444
0.18711349
-0.079550599
-0.6207771
-0.60568113
-0.90283039
-0.16943328
-0.4325241
-0.63993448
-1.3300371
-1.4250547
-0.92545576
0.49824545
0.33143081
1.0440844
0.33436731
0.63089533
-0.52785474
0.18092927
-0.48018735
-0.42312387
0.25902148
-0.13907851
-0.17803515
-0.58311503
-0.20858054
-0.79787453
-0.39477434
0.14731447
-0.14142538
-0.1140217
-0.34374222
-0.29814355
0.0016644547
0.55045539
0.27510524
0.09742689
0.95063523
0.61166344
0.59884186
0.70587471
2.1060445
1.236858
1.3927726
1.4936065
1.1129189
-0.25800638
0.15226159
-0.61611062
-0.53006961
-1.2981094
-0.64712642
-0.93448521
-1.4586977
-1.2300222
-1.2308172
-0.54756717
-0.86501722
-0.42066759
-0.31560151
0.074517886
0.22345466
0.69311502
1.5068368
2.0075569
2.7628196
2.1751762
1.9460761
2.0148316
2.0768777
1.3900177
1.6808443
1.2003971
0.51266861
0.35174001
1.0103574
2.5313249
1.8373393
1.7057235
1.1945183
0.019857375
1.6317367
1.2542145
1.3761535
1.3384233
1.0762969
1.7789857
1.3206658
0.66335704
0.73096702
-0.016772073
0.46493258
0.12626369
0.031073575
-1.2869989
-0.83967381
-0.6987671
-1.236647
-1.2542673
-1.2983148
0.34823101
0.10630819
-0.27120532
-0.10423729
0.08050264
-0.17035764
-0.14028924
0.42064834
0.9515098
0.86347219
0.86287669
0.70186159
0.52740761
0.66353454
0.57257464
0.2420779
0.22548906
0.48553898
0.32619672
0.13484794
-0.34653568
-0.22979226
-0.067848063
0.013402296
-0.7442625
-0.35608556
-0.91326919
-1.192735
-1.5787597
-0.9575357
-1.8961408
-1.164242
-1.6431219
-1.2387263
-0.37526207
-0.64198426
-1.2754874
-0.93278675
-0.294208
-0.54238308
-1.2925323
-0.2405108
-0.22310161
-0.31073549
0.30280915
0.30023225
0.25660617
-0.069047608
0.22209755
-0.35196395
0.32596463
-0.38436022
-1.4488806
-0.92986744
-1.9884862
-1.1766234
-1.9762073
-0.82278182
0.96158021
1.3512672
2.1993702
0.92565458
0.4864646
0.60768892
0.6743892
0.38733389
-0.058388618
0.32656249
-0.57735026
-0.78857568
-0.80786627
-0.85540822
-0.98229191
-0.53682705
-0.64917094
-0.98990757
-1.454744
-1.2058688
-1.7931819
-0.66494289
-1.5098968
-0.4066955
0.0098317686
-0.084772472
-0.57959208
0.29911212
0.62148017
-0.058610739
-0.049526192
0.16836224
1.3224073
2.300375
2.9992663
3.3104402
2.1036434
2.3947839
2.5889178
2.2512078
2.4416537
0.13039702
-0.544166
-0.159637
-1.1813494
-0.54198201
-1.8258013
-1.0475103
-0.88031919
-0.16384954
-0.048823658
-0.3602639
-1.0535866
-1.2968384
-1.1648958
-1.5933851
-1.2325691
-0.44677554
-1.0505445
-0.95653966
-0.95069956
-1.3548546
-0.17342188
0.49065423
0.18557597
-1.8074324
-0.87886939
-1.6080616
-1.4838929
-1.3834166
-1.0887807
-0.82681869
-0.76544171
-0.18800338
-0.5047504
0.53354501
0.49106829
0.43040038
0.0016144478
0.30518646
0.66116851
0.42989199
0.40161284
0.81400516
1.8152558
0.11980519
0.99514303
0.8060583
-0.28256924
-0.93805586
-0.2974108
-1.2243578
-0.066030316
-0.84892629
-0.24451323
0.47153197
0.15989886
-0.44446678
-0.11313543
-0.38671556
-0.55664148
-0.6313943
-0.74852276
0.013693006
0.52656435
0.18174159
0.63269275
0.22161065
0.20596091
-0.040853238
-0.096579576
0.034884017
0.17755424
-1.8980799
-1.0411772
-1.5182381
-1.3429901
-0.8037881
-1.4176444
-0.72822049
-0.57161843
-0.038889738
0.64303914
0.33118219
-0.34586644
0.29852103
-0.050142941
-0.10403614
-0.56046026
0.28774356
-0.29952461
-0.068024556
-0.33835089
0.11581806
-0.48310741
1.1836198
1.1917713
1.7151901
-0.60987467
-0.1521351
-0.53798423
-0.71512811
-0.75843649
-1.3100759
-0.79222171
-0.26403365
0.13304653
-0.2587757
0.41017897
0.80914135
0.055584601
0.46884318
0.57893583
-0.18430954
0.73089111
0.28150076
0.17929169
0.61186673
0.52459798
0.67994546
0.0052297418
0.86777956
-1.7513717
-1.8291657
-1.1300837
-1.268489
-0.37693671
-0.70576849
-0.037037105
0.80342967
0.90497637
1.3961778
2.050146
1.4677188
1.1189292
1.0586807
0.80505832
1.5012217
0.37899239
0.84767346
0.55187599
0.024414615
-0.32522637
-0.17258148
-0.12575254
-0.044138144
-0.12559242
-1.3688395
-0.46299172
-1.5237002
-0.51108489
-1.2589201
-0.2202512
0.19183597
-0.34258506
-0.1979304
0.41913484
1.2475792
0.73348475
0.50706359
0.63325833
1.1790544
1.4474953
1.9282036
2.7891653
2.6948548
1.7960462
2.943317
1.7846749
1.8260896
0.0016304038
-1.6331475
-0.50053718
-1.0665496
-0.061274607
-1.0667888
-0.8460951
-0.89657884
0.15104073
0.44023534
1.0314774
1.3732204
1.2187782
0.86310893
0.88237106
0.80331111
1.8153904
1.1420003
1.5943088
1.377157
1.4717545
1.1434611
0.78507213
1.3987036
1.4514698
0.58750342
-0.78055162
-0.1162871
-0.75011048
0.066034863
-0.76092448
-0.62756823
0.3082322
0.22201256
0.98384353
0.79043607
0.54169169
-0.1603399
0.013313277
0.77683047
-0.13457624
-0.11891123
-0.5644311
-0.35697356
-1.0113451
-0.41854497
-0.23191883
-0.12247787
-0.55727575
-0.20289217
-1.7256773
-1.387036
-1.4523177
-1.4409231
-1.235797
-1.5018744
-0.26441463
0.56652083
0.31744719
0.8062762
0.73498265
0.74849804
1.0396666
1.900517
1.4473446
1.2440317
0.82150855
0.59497265
1.4576457
0.45494304
0.11255791
-0.40145442
0.42104623
-0.065139216
-1.6162521
-0.48590507
-2.0743864
-0.64393121
-1.8634884
-1.3559625
-0.55082931
-1.5840034
-0.97765315
-1.0718331
-0.92215643
-1.1898991
-0.53322127
-1.1475814
-0.7624292
-0.77481669
-0.62118362
-0.4449085
-0.29865157
-0.70636849
-0.72998406
-0.43652624
0.031411183
0.2173542
-0.65238156
-0.20220044
-0.98987274
0.13704198
0.10485139
-0.55493453
0.27274568
-0.2024411
-0.23836895
0.13950367
0.16816011
-0.16702539
0.002315378
0.76354148
0.51303553
0.55712747
0.85393284
2.4671022
2.6746173
0.52184718
0.53241594
-0.30000895
0.99724221
0.83224584
-0.93004999
0.77786697
0.66921464
1.3811074
0.68101059
0.36963115
0.71412219
0.75222997
0.95956842
1.1172486
0.28006162
0.0052620413
-0.07457087
-0.19687775
0.22255651
0.0094630359
-0.087241899
0.39167045
0.53779447
0.75441919
-0.062743553
0.61514315
1.1374797
0.81447595
-1.4973274
-0.45283587
-1.3140526
-0.95261192
-1.756414
-0.71019054
-0.062690742
-0.067947646
-0.42858405
-0.27374603
0.0060415765
-0.34062673
0.43194467
-0.82836575
-0.90113925
-0.84008273
-1.0330492
-0.84290372
-1.1853725
-0.79931103
-0.9893684
-1.1184618
-0.57087522
-1.028565
-1.8678947
-2.1917477
-1.4107416
-1.9820037
-1.782374
-2.2859486
-1.6642132
-0.96582481
-0.62951779
-0.75522343
-0.51104585
0.13202967
-1.0356015
-0.28412117
-1.1897516
-0.036222102
-0.12609428
0.064617016
0.85826367
1.2146346
0.90975692
1.0633042
1.1839748
0.89399699
0.83488565
-0.56162852
-0.73106525
-1.1505189
-0.010346237
-1.0858872
-1.0737651
0.056905044
-0.54139614
-0.65936193
-1.1165285
-0.093685773
0.806723
1.8008752
1.3640814
1.251223
1.3137806
1.2202905
1.3147394
1.2449469
0.90415455
-0.05357531
0.16771742
0.22457655
0.39912372
-0.11060007
-0.25792479
0.0027596879
-0.16702145
-0.025072398
-0.52537483
-0.037191236
0.45067726
-0.029150919
0.60855933
0.29989142
1.4183462
0.5274133
0.43964596
-0.078965064
0.64463207
0.052309488
0.81132194
3.1072087
2.3824087
1.3353238
2.41113
2.2254676
1.5284092
-0.63334925
-0.34658046
-0.67860637
-0.79710992
-0.7545031
-1.563686
-0.88818609
-0.66034693
-0.43876077
-0.68168368
-0.38710502
-0.5572674
-0.95114326
-0.2471036
0.53805383
0.27950878
0.38430103
0.96028392
0.81061677
0.43755449
-0.39187725
0.32585893
0.95522402
0.4695397
-1.6930086
-0.85191085
-0.88185355
-0.32985565
-0.31702952
0.8906797
2.3304373
3.2295339
2.8427952
2.861941
2.4023173
2.6627401
1.8946935
1.1663631
0.52769083
0.7346274
-0.14089909
0.38786298
-0.47374118
-0.28850981
-0.77771502
-0.95931543
-0.39353661
-0.62974111
-1.6345208
-1.4606337
-1.6775643
-1.4195313
-1.4447417
-1.4784193
-0.93031389
0.14623626
-0.1237821
0.46112525
0.29592316
0.51092232
0.43466773
0.71771149
0.48949554
-0.55201214
0.49019608
-0.017680404
0.57554204
-0.19249958
-0.0014573758
0.4378498
-0.18004417
0.45392753
0.66420525
0.46559875
-1.8343334
-1.2383565
-0.88938253
-1.3055357
-1.5337808
-2.0653057
-1.1712678
-0.65706672
0.16357627
1.3905971
2.0757274
2.1314795
1.4932829
1.4259399
0.74134375
1.1655962
1.0874341
0.96183663
0.21745688
0.48771318
-0.12594757
0.52241112
1.1830772
2.1424533
1.881894
1.2780268
1.4562988
1.8744276
1.191111
1.1963604
0.80489143
0.68433895
0.88715424
0.31299813
0.53005429
0.44265582
0.98274041
0.62501529
0.21918991
-0.034678227
0.038157478
0.043401629
-0.10690625
0.48874291
0.68083039
0.034185036
0.049977441
-0.30485969
-0.67933723
-0.77049912
-0.78755443
-2.4230939
-1.3589428
-2.3473893
-1.3962491
-0.64539469
1.0446982
2.2208086
1.457714
1.2750407
1.1908955
1.2387292
0.51228441
0.47082235
0.75594872
1.4979914
1.3299748
1.2643498
0.99973982
1.0312701
1.1112449
0.4453616
0.91739388
0.55186032
0.43413797
1.3105971
1.1984282
2.1588115
1.4718551
1.6407518
2.5530687
2.1726574
1.2335597
1.6706446
2.2051521
0.64647484
0.7595692
-0.79384268
0.11708842
0.017140174
0.97510012
1.2017789
-0.37479371
0.067256427
0.57422163
1.1334456
1.1606712
0.841262
0.36450351
-0.47094797
-0.277184
-0.90935597
0.64143099
0.79564011
1.1306167
1.6694521
2.262844
1.634201
2.0888469
2.5469751
2.0007804
1.6006965
1.9274334
1.400634
1.755045
0.82342406
0.66881684
1.7098722
0.42231497
-0.62178593
-0.14372294
-0.14567734
0.83603149
-0.32007336
0.46174702
1.3579763
0.63247798
-0.33533319
-0.52136203
-0.50710489
-0.32896251
-0.99876914
0.20566035
0.090150551
0.54669216
0.37538201
0.52498288
1.0438389
0.47291974
0.46940325
1.0205794
0.91248444
1.154503
1.7886038
2.2822452
1.7139953
1.8888187
1.0687477
0.11298655
-0.21068525
0.39397381
0.93119872
0.98351369
0.056610054
0.10807186
0.89275726
0.60288985
0.29730607
-0.40634167
-0.0048882153
-0.4286862
-0.46436694
0.29618729
-0.74792755
-0.77846308
-0.20679763
0.6841341
0.52143803
0.49125187
0.78116403
1.2589858
0.2563736
1.9358988
2.2195917
0.74288311
1.117798
1.170895
1.3850916
-0.32518535
-0.58836488
-0.5454353
-0.80029939
-2.1609069
-0.81985442
0.80985129
2.1626256
1.9179093
0.10056419
0.38598068
0.4188649
-0.80262171
-0.56580017
-0.094978256
-0.39942354
-0.14722021
0.040248721
0.85335789
1.2732955
1.142397
1.4473775
1.7974158
0.96952613
1.4761436
2.204126
1.5062467
1.7358092
1.2796114
1.7647703
1.417513
0.90465534
0.72840646
1.0906624
1.3329436
0.58059152
0.4996821
1.1380635
2.0277717
1.33915
1.7707615
1.4932603
0.10635146
-0.86312
-0.16026836
0.66465075
0.38784837
0.84403699
1.1667742
1.2961305
1.2316941
1.1542616
0.78229882
0.55585968
1.558878
2.1350912
1.5302374
1.7726411
0.98132904
1.3255403
0.82800863
-0.1483408
-0.7968736
-0.66721447
-0.077189693
-0.14155261
0.5588592
0.45788402
0.67439658
-0.031286331
-0.14469536
1.0181033
-0.30873951
-0.37094182
-0.39999449
-0.190332
-0.089495104
-0.30830059
0.43126324
0.72852374
0.9299757
0.67695536
0.8710993
0.89672258
1.1697428
1.469687
1.3522693
1.808468
0.74698134
1.4051566
1.8989893
0.34061435
-0.27810535
0.50850217
0.61580258
-0.11991011
-0.30998391
0.078309277
1.6790449
2.5520321
1.7700182
2.372065
1.2123246
0.93726183
-0.93513889
1.4989353
1.2653381
1.5275878
1.3771453
1.3483185
1.98479
1.4904571
1.8894019
2.1098194
1.9163937
1.9889953
1.7013107
1.4786903
1.9912035
1.3848796
0.86937297
0.27863173
0.74473462
1.1001115
1.8559372
1.8813183
0.99768422
0.55836049
1.1662417
1.0550194
2.0138426
1.5034775
0.92899769
0.1645778
0.43550832
0.47264737
0.32634731
0.38646339
1.2901072
1.2656479
1.2920704
1.101308
0.57343586
0.84749619
0.84263375
1.3582888
0.3379148
1.2916356
0.19423328
0.54566964
1.0609572
0.88247913
0.84281396
0.72643864
0.24548385
0.5238313
-0.013816507
-0.10505883
8.7872437e-05
0.8761165
1.1223008
1.2497774
-0.38547017
-0.19250142
-0.68473889
-1.214064
0.27524109
0.062390824
-0.036573068
0.92608131
0.44448582
1.3217937
1.3710042
-0.49126102
0.90886322
1.623089
1.417874
2.1433869
1.0595074
1.0044368
0.91966763
1.0592706
-0.12938664
-0.3215687
0.10031455
0.33816152
-0.18338233
-0.41129089
1.5506513
1.260176
1.8916777
2.5155905
2.5090662
0.41846625
0.48011244
0.17931917
1.2002103
1.6461184
1.1474395
1.5300208
1.5051475
1.6931362
0.86492326
0.90695868
1.3904153
2.9104957
2.6586461
1.9834453
2.0084062
1.5761338
-0.42801093
0.36531859
-0.48237488
-1.2422574
-0.71952224
-0.24149942
-0.030399709
-0.7915781
-0.2522126
-0.085738673
0.07672433
0.72957137
-0.21999286
-1.0679287
-1.1853642
-1.0870645
-1.1149886
-0.3283846
-0.32652685
0.43143552
0.13671139
-0.27851896
0.2971456
0.88968637
0.5624675
1.2364889
1.3942625
1.7207319
1.592377
0.85147674
0.86200731
0.35852721
-0.25845647
-0.3731553
-0.45453786
-1.2882392
-0.8620521
-1.0955255
-0.0021350889
-0.2056254
-0.42598181
-0.14168722
-0.78226255
-1.4590684
-1.3786136
-0.98599497
-0.98114528
-0.63208029
-0.54176213
-0.38131845
-0.50305987
0.15091133
-0.15755423
1.1085402
-0.39057585
-0.15605916
0.13018029
-0.13637668
1.3867576
0.32548263
0.39964519
0.55752248
0.38327798
-0.41769773
-0.88815596
-0.38297953
-0.12770854
-0.94478624
0.028786335
-0.12223138
-0.45673939
-0.55593203
-0.23274623
-0.3577061
-1.5849864
-1.2564714
-1.589195
-0.82399878
-1.3644093
-0.04814173
0.81989597
0.75315053
1.0083479
1.4641542
1.4513073
1.8517103
1.3046119
0.65661327
1.0404259
0.87463533
0.14750849
0.93215259
0.20580377
0.10045453
0.32468277
-0.15111109
-0.38025032
-1.2952681
-1.2202642
-0.23645622
0.5601894
-1.1318824
-1.002221
-0.5780267
-0.39567463
-1.1280467
-1.3529137
-1.0343655
-0.94499758
-0.35938677
-0.22573825
0.20097897
-0.45636413
-0.2410652
0.40381482
0.80771781
0.16442862
0.75865952
-0.25425194
0.71795877
1.5914957
2.0319168
0.96121606
-0.46099658
-0.88006725
-1.8205636
-1.7955272
0.093895681
-0.29067753
-0.66269939
0.31087651
-0.61738434
-0.31812592
0.0066188764
-0.4311506
-1.1635298
-0.60466873
-1.0490693
-1.1159506
-0.13013748
-0.16032967
0.45176002
0.37670651
-0.6032813
-0.14555891
0.3427574
-0.21135994
0.37036779
0.70701187
1.8005773
1.5767118
2.2277108
0.90893771
0.10455329
-0.12763031
-0.73594618
-1.3132954
-0.23994668
-0.75405009
-1.6976716
-1.0242161
-1.193408
-0.14324984
-0.54247835
-0.32569185
-0.61155756
-0.91085234
-1.1826521
0.011074392
-0.99475116
-1.4545709
-0.42431032
-1.0390251
-0.79532829
0.41071662
0.130315
1.1607386
0.86059458
0.97745646
0.56883757
1.6549562
1.9784529
1.6958904
1.6062814
1.3480733
0.9595862
0.067379
-0.90525696
-0.8552746
-0.33506741
-1.6605324
-0.43568094
-1.3730493
-0.53629746
-0.001854007
0.44176141
0.46829038
0.91332922
-0.57663096
-0.29515477
-1.2854436
-0.4270458
-0.60040228
-0.71412455
-0.47491696
-0.38417901
-0.008622905
0.78869904
0.4602836
-0.71040093
-0.69731203
-0.023919014
-0.15190846
0.539497
0.8705248
1.2079177
0.99382154
-0.084028584
-1.3632098
-0.82383278
-0.55064176
-1.6182721
-1.0985722
-0.70221308
-0.85034228
0.098089378
-0.71463372
0.092344557
-0.062203054
-0.44618829
-0.38419015
-0.5720852
-0.65840591
-0.67597059
-0.82446276
-0.73012244
-0.16405552
0.21416971
-0.745056
-0.27852195
0.36577453
0.65100781
1.6663641
1.5282916
2.5380642
1.2778109
1.069042
1.2849955
-0.11787812
0.24274652
0.039284486
-0.83470175
-0.27087598
-0.98947419
0.40959843
-0.16815983
0.41939836
0.23626912
-0.16852524
-0.27542953
-0.31663645
-1.9845049
-1.0764026
-0.82265676
-0.33231557
0.24438997
-0.49704498
0.1026444
0.5390734
-0.17625739
0.012786532
0.41971849
0.42388732
0.55431238
0.45478993
0.43427201
-0.028327466
0.24529701
-0.70512412
-0.56111383
-1.0313184
-0.45733114
-0.98068193
-1.5626884
-0.56152047
0.15082427
-0.30783165
0.0601234
-0.15635213
-1.4034183
-1.6969261
-0.95776268
-1.2603483
-0.59885039
-0.23481566
-1.0398089
-0.98158926
-0.29499518
0.035479194
0.2083823
0.31991537
0.037385151
0.37364057
0.81666236
0.065986442
1.1839617
1.0166152
0.74519265
-0.71690721
-0.98284778
-1.8455863
-1.8643708
-1.5326438
-1.5630842
-1.2772917
-0.10432725
-0.17204803
0.64260909
0.60432116
-0.93792979
-0.44222838
-1.2794383
-0.60898263
-0.29024539
-0.57511467
-0.40850209
-0.0087942335
1.0238601
0.85069435
0.42088108
-0.0083683256
0.41147049
1.652885
1.1505586
1.4637581
1.4820459
1.5065527
0.27442033
-1.1379035
-1.2405799
-0.74521921
-0.87560198
-1.1885415
-1.427864
-0.83809848
1.0831295
0.2362859
-0.40724868
0.076731396
-0.87672332
-1.2924057
-0.50084855
-0.94751833
-1.0725496
-0.015370443
1.0212024
0.49878915
1.180593
1.3839387
1.0217042
1.6687201
1.1927275
1.5336196
0.89256799
1.7243641
1.2511149
1.0025452
-0.223671
0.14934644
-0.3452216
0.13449727
-0.77304516
-1.1008378
-0.32296143
-1.3584201
-0.45809075
0.079703067
-0.40481816
0.12939311
-0.31175638
-1.39783
-1.4246651
-1.7683316
-1.6262854
-0.78259787
-0.90602335
-0.64468689
0.21771446
0.3642299
0.52642288
0.1369028
0.13059786
-0.016652023
0.028082994
1.2447097
0.9450119
1.1330862
0.74422853
-0.021225532
-0.93329071
0.17502852
-1.1233798
-0.95604408
-0.40988884
-0.82199004
-1.0696639
-0.13430254
-0.024561261
0.2894989
-0.69441185
-1.4398086
-0.85057753
-1.1340391
-1.0623847
-1.0549334
-0.63142335
-0.23132568
0.037943491
0.5332989
1.0193719
-0.011942938
-0.068880441
0.58642796
1.3933277
1.1219691
1.3376788
1.6654618
0.44311022
0.076801284
-0.91493785
-1.3944205
-1.1906473
-1.8345519
-1.4053949
-1.1593886
-1.1608037
0.4003027
0.49954892
-0.33045949
-0.60457391
-0.87594075
-1.4219608
-1.7860008
-1.152948
-0.93340908
-0.474664
-0.72152338
-0.24068354
-0.19218855
0.61329868
-0.28813633
0.97671683
0.36237559
-0.11505694
0.3352141
0.84555054
0.83968097
0.36745029
0.35804612
0.90367003
-0.89817466
-0.86755552
-0.9382014
-1.0244015
-0.73693254
-0.88596549
-0.49232214
0.2378158
0.11972533
-0.084448025
-0.09935891
-1.188788
-0.50820901
-0.63091075
-1.3026085
0.0052350311
-0.77882426
-0.036595974
-0.32949948
-0.13235814
0.060712346
0.48179445
0.27367343
0.17757798
0.67717383
0.29046919
0.50344096
0.26935298
-0.89536523
0.41068788
-1.1849737
-0.5168727
-0.1856048
-0.6039489
-0.6480557
-0.41156363
-1.1040181
-0.69300004
-0.085408235
-1.1996206
-0.22961794
-0.8700599
-1.2657532
-1.6743993
-1.4331802
-1.9721005
-0.79262399
-0.84237558
0.43867854
1.2922471
1.4584109
1.3029734
1.3260313
1.2175951
2.2333586
2.4165751
1.4711619
1.3909998
0.81213464
0.34442029
-0.029426815
-0.1577087
-0.37158414
-1.6346129
-0.84040688
-1.2010988
-1.4293462
-0.24771412
0.018490953
-0.19404426
0.011655747
-0.57836016
-0.84044105
-1.9841429
-0.95162472
-1.8440918
-0.97245308
-0.96422895
-0.16893243
0.28383629
-0.3981803
-0.10771229
0.3488466
0.54902524
0.86001463
-0.40469829
-0.0049802084
0.81050992
-0.25238144
-0.48835674
-0.21916968
-0.92584061
-1.15654
-1.1309178
-1.7397432
-0.8452794
-1.4545855
-1.6053156
-0.019739698
0.046895099
-0.06217002
-0.3434072
-1.3099133
-1.1280031
-0.79346947
-1.0611374
-1.2456179
-1.5746098
-0.20129146
0.78371336
0.20203227
-0.34505249
-0.54971256
-0.51294697
-0.17729096
0.3710154
0.22065221
-0.080073334
-0.33587553
-0.33093688
0.004286887
0.079226822
-0.99693562
-0.80791661
-0.76461422
-0.52010045
-0.60961509
-1.2497858
-1.4160491
-0.6182135
-0.74962664
-0.14087101
0.28511184
-0.88255667
-0.50483169
-0.41353867
-0.35255675
-0.27342047
-0.58290355
-0.42245076
-1.3095822
-0.54048405
0.4441437
1.0069881
0.76287931
0.49216347
0.21947737
0.775405
0.57274375
0.95539423
0.5600313
0.50024982
-0.30215386
-0.26946656
0.312442
0.77090772
-0.45953695
-0.027850669
-0.72109431
-1.0172143
0.62946814
0.85759587
0.74483936
0.27606673
-1.0736797
-1.4356864
-1.2473768
-0.46561756
-1.1724876
-0.10027836
0.60901118
1.2889597
0.57976247
0.94526224
1.3598134
1.3496552
0.89123586
1.2544276
0.99989183
1.7879732
0.79622046
0.8530646
0.11516061
-0.99741317
-0.18918906
-0.3898297
0.080018927
-0.43256875
-0.48923871
-0.84355792
0.011933526
-0.30357832
-0.96152993
-0.37464026
-1.2434089
-1.0377027
-1.1495284
0.095629437
-0.21511574
-0.59084544
0.39063932
1.2828645
1.8808676
1.5482335
1.6714373
1.0502779
1.3785812
1.080916
1.0745566
1.8161293
1.358552
0.4887068
1.3265445
-0.83113355
-0.59191514
-1.2181877
-1.0144485
-1.1684244
-1.1235092
-1.0793674
-0.55602032
0.38859007
0.29490172
-0.60836747
-0.12996497
-1.4418734
-0.95446987
-1.0403897
-0.71147593
-1.24338
-0.68604394
-0.13071685
-0.56935166
-0.11651219
0.10088545
-0.12279455
0.11950075
-0.21041253
0.67664203
0.16710039
0.32210308
0.48677056
0.46351279
0.058172241
-0.88681952
-0.51340942
-0.76935751
-0.82092662
-0.51049815
-1.0715399
0.32918018
0.0067798818
-0.22475146
-0.52580906
-0.16702674
-1.443827
-1.7580694
-0.99106382
-1.0716231
-0.48113118
-1.2336065
-0.012992589
0.77560456
0.13270536
1.2472188
1.6526033
1.8065618
2.1542278
3.1048404
2.6653969
3.7924225
2.0227319
1.3477493
-0.16666268
-0.35139697
-0.99372162
-0.55797588
-0.27638467
-0.25829896
-0.18425044
-0.33746143
0.31742644
-0.24071102
-0.52268821
-0.77142507
-0.31570012
-0.66911529
-0.69085552
0.80105797
0.93911282
0.74647528
0.70279703
1.5914158
2.1789388
1.8181336
1.868813
1.6443122
1.9335381
1.5823764
1.2996247
1.1500952
1.5251005
0.080968819
1.1575053
1.0330874
-0.18763977
0.076982886
0.89888517
-0.36773923
0.70763079
-0.22575831
0.2127674
0.52030332
-0.43269283
-0.87850288
-0.2924309
-1.4396084
-1.0143367
0.14645216
0.048311045
-0.16804286
-0.51283151
0.1687264
-0.59465624
0.18577658
0.76440675
1.0483398
0.68518086
0.9207051
1.1777225
0.61490767
1.0492639
0.40059415
-0.71295774
0.16281099
-0.79406334
-0.18386625
0.58874347
1.8655724
0.66388227
-0.6724645
-1.2115827
-0.89764921
-1.3761815
0.22576916
-0.093827023
-1.6268229
-1.6196673
-1.1153124
-0.62312819
-0.13381328
-0.50975173
0.75576745
0.35843581
0.90469522
1.2707859
1.5267787
1.610146
2.1350354
2.5821843
2.650457
1.8571522
1.9753609
-0.24508243
0.68713403
0.17452519
-0.3011998
-0.51228144
-0.22839083
-0.43733981
-0.25062869
-1.4735799
-0.53416775
-0.20290985
-0.79074459
-0.097071468
-0.50726989
-1.9825832
-0.7791816
-1.3507719
-0.2520987
-0.020729364
-0.17107083
-0.20396603
0.57960916
-0.74427804
0.027308582
-0.68964755
-1.254775
0.46012629
0.83577345
1.0568453
1.8797851
0.37192145
1.0393357
1.1253932
0.59583519
0.83265646
-0.27971248
0.045354036
-0.032396615
0.007782849
-0.78528931
0.83808581
0.78841655
0.71185457
-0.10693087
-1.1703011
-0.87983696
-0.8959265
-0.19067979
-0.040525332
0.31052479
0.50637085
0.45359108
0.27359492
0.57432282
0.39732713
0.89692456
0.93467298
0.35632954
0.56560407
0.17121299
0.23543567
0.59439167
1.1293732
0.41452053
-0.90799754
-1.3602038
-1.3984693
-2.0185292
-0.98358357
-1.6762457
-1.1869663
-0.46721296
-0.029939776
-0.87160648
-1.4101176
-1.8314393
-1.5314067
-0.16238093
0.62255315
-0.0560189
0.34601558
0.046776123
-0.038004192
-0.34153934
-0.36491257
0.57068562
-0.42080469
-0.85276293
-0.73760348
0.53541767
0.29874263
0.024205445
0.32390264
0.16528346
-1.7069666
-1.8661713
-1.5544554
-1.1960791
-0.88021321
-1.4881603
-0.51233885
-0.35786352
-0.81210443
-0.79875616
-0.42079355
-1.3461867
-1.5868557
-1.2771409
-1.0646723
-0.84285327
-1.3973957
-1.4345574
-0.47497283
-0.73286051
-0.27352525
-0.019123721
-0.36085229
-0.14342775
0.28553431
0.27340398
0.54734697
0.16779335
-0.28212284
0.058134457
-0.923573
-1.5233971
-1.3027107
-0.5910381
-0.24661228
0.002060831
-0.14121333
0.61667495
-0.0052717227
-0.55681862
0.032084697
-1.2112374
-0.90823635
-0.3779848
-0.29605753
-0.1062966
0.28885334
0.41509478
-0.046545877
0.058665526
0.62538244
0.62291478
-0.10961163
0.9271249
0.85281289
1.8431109
1.7711913
2.480413
2.270656
1.104496
1.0267371
-0.41525961
-0.085734123
-0.71369882
-1.2071122
-0.29067703
-0.45591909
-0.67225893
-0.65338986
-0.94675405
-0.87919659
-0.5504432
-1.2359967
-2.009728
-1.3763464
-0.83805139
-1.4445258
-1.0339697
-1.2049258
0.020245325
-1.1666587
-0.7867263
-0.66061069
-0.57325356
0.25160901
0.39436286
-0.86315951
-1.0879811
0.6618804
0.24038092
0.54258661
-0.27989726
-0.87670869
-0.66251416
-1.6517233
-1.7249415
-1.6420982
-1.0830618
-0.4085802
-0.26315986
-0.37609851
-0.94488177
-0.86996861
-2.1927845
-1.8765998
-1.1929921
-1.2624996
-0.89655636
-0.93627416
-0.65711054
0.020378322
-0.21260829
0.92958145
1.1948638
2.1366904
1.7297623
2.2904301
2.4642598
1.5670157
1.6604531
0.088977779
0.56527833
0.10547413
-0.64866246
-0.64833804
0.30432988
-0.4392926
-1.2415036
-1.0727365
-0.97859174
0.10264206
-0.31233527
-0.6485287
-0.57422805
-1.7004806
-1.9807951
-1.5298277
-0.97072404
-0.71572917
-0.95496622
-0.37034969
-0.99240205
0.026277046
0.16787904
0.070992522
0.052420848
0.36807135
0.96832767
0.29473455
1.7471495
-0.041566439
0.32838704
0.62750942
0.092774686
-0.15200967
0.44623765
0.0087914968
-0.76422927
-0.9582896
-0.48354303
-0.61355202
-0.8919562
-1.0723623
-1.0648595
-2.6156687
-2.3279916
-0.95074135
-0.076275111
-1.1260307
-1.2057459
0.022490548
-0.073882202
-0.39425543
-0.30802724
0.34055498
0.11305986
-0.40500604
0.15628579
-0.59937487
-0.12910036
-0.26465713
-0.30113981
-0.30190108
0.19291645
-1.4397212
-1.4093346
-1.7108821
-1.4819557
-1.3888258
-1.3465692
-1.7874729
0.34075971
-0.18621357
0.59145408
-1.2706124
-1.894553
-1.2861024
-1.0531127
-0.60996341
-0.44103711
-1.2636557
-0.93748169
-0.039996023
-1.0573364
-0.59891744
-0.47793411
0.43801397
0.67821763
0.3205285
0.85188957
0.8870848
0.55961647
0.006881572
0.83007757
1.0941345
-0.43921939
-1.1574116
-1.6570927
-1.4364618
-1.0660378
-1.3563391
-1.5182762
0.22328694
0.35780887
-0.13511218
-0.44830463
-1.5412375
-1.3152619
-1.7208083
-0.50639342
-0.1972726
-0.67795016
-0.30746945
0.063381544
-0.37257698
0.91337813
-0.064427133
-0.34061604
0.81628483
1.1940264
0.29433696
0.45425523
0.50870515
-0.81850629
1.3049112
0.32504905
0.12980889
-0.16418088
-0.43898163
-0.2199168
-0.2499663
-1.2497915
-1.1872016
0.09330373
-0.076097144
-0.36425904
-1.139241
-1.4921799
-1.4752989
-1.4233899
-0.92992272
-0.99135843
-0.55535927
-0.15258083
-0.042660418
-0.022280459
-0.46809008
-0.38714699
-0.81211014
0.19143219
-0.036811974
-0.08641068
0.57151214
1.6264293
0.55464137
0.6972887
-0.22300387
-0.99225291
-1.6740691
-0.67457319
-1.2102385
-1.4645106
-2.042921
-0.0873456
-0.4051143
-0.81226781
-0.67091716
-1.8924241
-1.6317469
-0.76409463
-0.95188967
-0.93569301
-0.91421764
-0.21997023
-0.19292262
0.49532416
-0.36630567
-0.019751918
0.48025602
0.61384803
0.6212307
0.69581469
0.53412182
0.56549684
0.14142484
0.9125308
1.2103318
0.21238231
-0.78714254
-0.55437449
-1.7429977
-1.23263
-2.0518407
-2.7757014
-0.80104929
-0.053122893
0.038971234
-1.5543729
-1.1371071
-1.3433255
-1.1026082
-1.5924228
-0.65493328
-0.094686978
1.1639988
1.4402961
1.1419259
1.8234209
1.5604964
1.3782208
1.592454
1.4634737
0.85219771
1.3058652
1.5020432
0.24514828
1.5813941
0.20351489
0.038467976
-1.0127176
-0.2544771
-1.0354006
-1.1565235
-1.5139679
-2.2459928
-0.96937503
-0.68576157
-0.085857848
-1.6356618
-1.6534431
-1.0547269
-0.75666676
-0.68654859
-0.20141825
0.28748862
0.9919028
0.64405565
0.33206982
0.2733441
0.0076050738
0.46385663
1.3519919
2.5578005
2.7083168
2.0289487
2.2701481
0.13576766
1.3997835
0.49359305
0.51163557
-0.64014643
-0.35712184
-0.33865565
-1.7158696
-0.96950568
-0.9341629
-1.1686783
0.079993135
-0.82086137
-1.2244416
-1.3961079
-1.0608847
-0.43070371
-1.1256999
-1.1863612
0.11355623
0.23072994
0.14739147
-0.19820737
-0.086509615
-0.23732536
0.54468957
1.4847695
1.4326255
1.244119
0.4138526
1.8766509
0.31575168
1.6761462
0.53069878
-0.42714987
-0.80410764
-1.6461021
-0.53521529
-0.82901936
-1.5084781
-0.033708915
-0.67089091
0.18771502
-0.80300967
-1.4450041
-1.6424721
-1.7409864
-0.74438774
-0.63058141
-0.8160375
-0.59025615
-0.18811713
0.47944569
-0.20262768
0.40401772
0.47403376
0.29746659
0.24557727
0.19334112
0.37205772
0.30246511
0.4791212
-0.058916307
0.98963745
0.07917304
0.0034418914
-0.39715595
-0.9913955
-1.4499064
-1.4846201
-1.4746025
-1.1509986
0.28982033
-0.29456388
-0.12739314
-0.098677698
-0.20586356
-0.1961139
-0.064433731
0.58739372
0.89520942
1.2099913
1.0160916
1.5988732
1.2175218
1.3434448
1.4500723
1.1734154
0.85913767
1.5596323
2.1527602
0.72250647
0.976976
0.71687305
0.060603453
-0.5423291
-1.4158157
-1.3719028
-1.1037225
-1.3260669
-1.2782014
-1.3991686
-0.35112774
-0.31443011
0.29140239
-0.41254494
-0.81285415
-0.86654912
-0.89074447
0.27233655
0.32994211
1.1508345
0.21727018
-0.73078053
-0.74517855
-0.1727922
-0.70013326
-0.46693062
0.60755695
0.35525859
0.74261693
0.67330351
0.39371877
0.2753717
0.49961541
-0.99372124
-1.1102076
-1.2376986
-1.9741554
-1.648312
-1.5852376
-1.7149373
-2.0468227
-1.3804125
-1.0600508
-0.55408548
-1.2160662
-2.0408433
-1.2763314
-1.1914651
-1.2473433
-1.3852497
-0.64048659
-0.14896851
0.44342888
0.1005797
-0.56858629
0.40333258
0.40689453
0.38590987
0.1268259
0.2841467
0.054578446
-0.070610116
0.010023773
-0.082794194
0.43307487
-0.47959143
-1.4165008
-1.2729393
-2.1191446
-1.8725782
-1.5346598
-1.2356471
-0.039381638
-0.62709794
-1.843887
-2.134358
-1.1515677
-1.425548
-1.3073476
-1.276178
-0.99061701
-0.28465086
-0.71514193
-0.89613163
-0.066151084
0.23853475
0.32494625
1.8290362
1.2419608
1.5497557
1.6035316
1.9256027
2.1080452
0.71073834
1.0455474
-0.53519098
-0.4574154
-0.73838634
-0.58246738
-1.1400382
-1.1392014
-1.0837933
-0.83308176
-1.3131884
-0.37185358
-0.55377194
-1.4845999
-1.8592487
-0.7250083
-1.6980077
-1.0033131
-0.96244506
-0.44287943
0.19159118
-0.36557355
-0.18310738
0.76188705
-0.58501394
1.2768248
2.6007209
2.0085633
1.2083359
1.4433693
1.3625367
-0.087105178
0.41429301
0.95313347
-0.85989203
0.87258656
1.0815281
0.7140862
1.9940096
2.8144857
0.11914442
0.012492684
0.59470829
-0.11159441
-0.59762046
1.0021912
0.61133454
0.37991121
0.15467121
1.0855052
0.37653193
1.1509257
-0.95329929
-0.5533489
0.39241545
0.88959639
3.2350024
0.02813642
-0.91534558
0.91522539
0.45998861
0.066651812
-0.43468
0.10516274
-1.2552901
0.71221564
0.89594322
2.0140476
0.53746611
0.97447038
1.3193806
0.10345948
0.54756183
-1.4902288
-0.51768085
0.71970184
-0.60329972
-0.72424923
-1.472449
-0.67173852
1.0852064
-0.89311258
-0.38635946
0.081636955
1.2656228
4.5143136
1.1332931
-0.044927984
1.2196523
1.1674443
1.3533592
-0.29393146
-0.84807244
-0.66167867
-0.32421941
0.4529539
-1.4950123
-2.0320207
0.20393855
1.2158829
-0.32450872
-0.85202942
-0.16447702
-0.086226831
0.23243122
1.3128929
1.256402
0.90428887
0.56336956
0.067452192
0.29794939
0.19830738
0.35826584
-0.61898034
-0.48214338
1.1645144
0.89078556
0.83798033
0.39897383
-0.20988076
-0.7567735
-0.029116497
0.085848812
0.52722968
1.1895014
1.9554338
1.5171714
1.6985178
0.49488593
1.5671884
0.72428363
-1.993833
0.33464825
-0.66237649
-0.0084654063
-0.92943753
-2.263267
-2.1323257
-0.51251888
-0.85823538
-1.5526563
-0.068685003
-0.20558017
1.4981549
-0.97291651
1.5004448
0.4390066
0.49027839
0.57997941
0.65445681
-0.83759587
-0.49617658
-0.098032081
-1.5446737
-0.2808396
0.030285911
0.37196115
0.6542238
0.57069892
0.10523559
1.2714582
1.1461575
2.4471904
2.1173775
2.0572777
0.83983252
1.698945
2.3983139
-0.11740361
2.0815946
0.25275574
-0.33993214
0.75980838
-0.60166669
-1.0912126
-0.46004536
0.28192759
-1.0395725
-0.12096123
0.40656882
-0.6331698
0.042320892
2.1840286
1.0867212
0.79709965
1.2482491
2.0362176
0.3109281
1.0352871
0.75763136
-0.94140235
1.1621947
0.053494337
0.26664122
-1.7190793
0.48823024
-1.0278655
0.0555202
-0.42614451
-0.39059104
1.5155631
-0.18393697
0.34936967
1.0780484
-0.78421492
0.78148397
0.59672038
-0.37963208
0.68203743
0.4575149
-0.54753895
0.31827798
0.34294915
-0.74214687
-0.42423154
-0.15215791
0.8051346
0.056988699
-0.85090853
0.19129412
1.0868863
1.4777062
0.31662558
-0.011677976
-0.62444086
-0.83610435
-0.25624776
-1.256876
-1.279271
-0.08739899
-0.49065438
-0.91428802
-0.51915668
-0.60605384
0.37227825
-0.7252029
-2.1655992
0.063488981
1.2386017
0.18946919
-0.41828038
1.9805529
0.71013346
0.36530506
0.44197706
-0.23609349
-0.84196861
-1.3113434
-0.74134726
-0.83534989
-1.9605537
-1.1493662
0.19801177
-0.31058579
-0.14255559
1.0371013
0.15000647
-0.6371056
1.2728861
1.3797615
5.1674605
3.0475532
0.59955445
-0.044867546
0.79225608
-0.82195691
-1.0611234
-1.2650712
-0.32498835
-1.0373365
-0.60351825
0.5720052
-0.97829963
0.21298267
0.38587542
-0.26393307
0.42998503
0.9648571
0.094173341
0.88131146
1.6302843
2.1043076
-0.6932828
0.80020414
-1.7641397
-0.67053913
-1.220726
-0.60726295
-1.092706
-1.2355616
-0.30667033
-1.7230604
-1.5917162
-0.11821278
-0.56373165
-0.33128303
0.94552801
1.7913651
0.242738
-0.23297266
-0.029489028
0.13920015
-0.19630782
0.14917303
-0.67909951
-0.49830187
-1.5994468
-0.4467899
0.73758719
-1.0430131
-0.52933802
-1.8791957
-0.3865898
0.13000249
-1.1284515
0.36170311
1.4462049
1.1915597
0.57018053
1.4574815
1.5589121
-0.20530821
0.16177855
1.126758
-1.4803237
0.62342025
1.7931509
-0.18828782
-0.5480045
-1.1329194
0.085793756
-0.80790752
-0.38249048
0.6274883
-0.22491079
1.2971322
0.44760477
-0.12274627
1.2736014
-0.56783116
0.5272576
0.54957201
0.46309474
-0.28489024
-0.25686598
-0.37184824
-1.4790888
-0.78846231
-1.3123852
0.049955605
-1.4758487
-0.41957036
0.072992884
0.81213297
0.10677446
1.2935608
1.2900632
1.3254191
-0.055895495
-0.1111625
-0.69396462
-0.50259487
-0.74961073
0.57142828
0.18245222
-0.3651236
-0.46239487
-1.068961
1.8065731
1.5897543
-0.3148549
-0.92268347
-0.079523962
1.2185229
1.5561509
1.3841197
0.86930379
0.96880646
0.76785249
0.79105722
-0.33265431
-0.69882522
-0.13247989
0.52268902
0.87317241
0.27591711
-0.2304948
-0.19704137
-0.29850705
-1.1716795
-1.5772316
0.17841017
-0.10977828
-0.62439998
0.8864285
3.8293377
0.9018697
0.89233087
-0.090304203
1.005628
0.41645004
-0.80774294
-0.82340812
0.57889295
0.84146758
-0.15881857
-0.80333714
-0.73241158
-0.30468497
-0.91058054
-1.4165981
1.2586234
1.914297
1.6240576
-0.74884039
1.7618482
2.1567929
0.10537469
-0.28056083
0.60113927
0.099787043
-0.55870971
1.2630905
-0.47663321
-0.20947347
0.31526317
-0.73974067
-0.33055471
0.11520612
0.90348304
0.040095572
-0.070408953
1.4002216
0.046823223
-0.46492459
0.24615414
-0.7816141
-0.43376451
-1.4464795
-0.74030451
-1.8357879
-1.2250084
-0.47779656
-1.9628334
-0.047009837
-0.9771373
-0.52957061
-0.31248275
-2.0416547
-1.4914707
-0.27577641
1.8588061
0.63653989
0.012915345
0.89759454
-0.51462307
0.48790457
-0.26437234
0.13507581
-1.4262639
1.3346548
-0.089500226
-0.50417258
0.52119251
-0.94600293
-0.56084301
-1.64253
0.070623756
0.89494672
0.28472897
2.1051536
1.5709151
1.4632093
1.5661716
1.2810768
0.46403778
-1.0482664
0.26916886
-1.0357678
-2.801358
-2.2110279
-1.4772818
-1.0673825
-1.5084376
-1.3763018
-0.83410767
0.36218519
-0.55467661
0.039663282
1.2266825
2.1214642
0.26479437
0.087809526
1.0177106
0.68987116
-0.37043122
-0.99210033
-2.1602779
-1.4592916
-0.83440405
-0.020114338
-1.1761559
-0.29529707
-0.47755145
-0.14539849
-1.116547
-0.16842395
-0.46888441
0.64658581
1.1005824
0.54425902
1.206398
1.1387253
0.48281
0.059946071
-0.12373875
-0.68662522
-0.50712775
0.60284648
-0.67598706
-0.75586562
-0.26761637
-2.1259701
0.70681938
0.72536116
-0.17498356
-0.23449652
1.6884433
1.0564714
1.3919009
0.35575009
-0.4407701
-0.19362295
-0.12151563
-0.99105617
-0.94309073
-0.22368239
-0.072420752
-0.20103762
-1.0261593
-1.008033
-1.2272298
-0.15626996
-0.34001909
-0.96131898
-0.55919703
-0.79947295
0.72371963
0.51623749
0.62430273
-0.56970421
2.4205035
0.47343538
1.0558376
-0.83040034
0.18026858
-0.087541198
-0.11964506
-1.7670508
-2.1500232
-0.5532271
-0.44236858
-1.1823795
0.51305612
-0.4031816
1.0923292
0.85548049
1.0017503
-0.86330506
0.13537142
-1.1777963
-0.49788134
0.030308878
-0.76424399
-0.65015695
0.66907316
-0.035712347
-0.0098550925
-0.21933489
-1.1317829
-1.0395488
0.085362745
-1.4669655
0.40132386
-0.33727131
1.1669236
0.90615393
-0.040233178
-0.99873251
0.43537992
1.0315587
-0.59007366
0.23507164
-1.6114598
-0.24598276
0.79652484
0.44937444
0.75879257
0.72067399
0.099272033
-0.19704412
-0.55926854
-0.42541645
-1.0281409
-0.19117109
0.65760952
0.98194976
-1.0670473
0.69543084
0.13847562
0.8319376
-0.91200514
-0.12385621
-0.92894487
0.5536816
-1.7276935
1.1916885
-0.44540548
-1.0762587
-2.2290677
-1.5521064
-0.54887036
-0.90066755
-0.23761529
1.9286493
1.1242984
-0.30698286
-0.68554746
0.54601398
-0.60000615
-1.3167511
-0.37080735
-0.75624709
-0.78461018
0.64348374
-0.39037627
-0.37833162
-0.27574864
-0.78111485
-0.63085655
-0.25161388
-0.84080077
-0.33386081
0.73903624
1.1543679
0.48421779
0.8883166
-0.97977194
-0.85440693
-0.38450025
0.46713638
-1.4142178
0.69254196
-0.94248483
-0.61203776
0.21004873
-0.55727509
-1.5419915
-1.1150354
0.28966255
-0.7224166
0.12742973
0.066961726
0.76725323
1.4667528
-0.52469525
1.1139035
-1.071712
1.2495028
-0.39811278
-0.35588009
-1.2387682
-0.78464672
-1.4258151
-1.0386784
-0.47047675
-0.97416401
-1.7582163
-1.2635618
-1.5031818
-0.81907331
0.81703144
1.2386158
0.4156127
0.96140111
-0.15581966
0.67807944
-0.20130827
1.1700012
0.081197039
-0.56988593
-0.18103221
0.19694265
-0.64138021
-0.69272822
-0.094471725
-0.5081289
-0.4222506
-0.55794267
0.27361275
-0.093665166
1.1794332
0.85980885
0.44734642
0.47165886
1.394467
0.63230403
-0.004097717
0.23415333
-1.4283325
-1.0163628
0.93140446
-0.71647462
-0.70957221
-1.4003907
-0.607667
-0.30168354
0.85560917
-0.81198253
0.44720843
0.012083329
-0.84631592
1.1721399
-0.64928622
-0.083000736
0.99501421
0.20431987
-0.19261419
-1.970501
-0.068971513
-0.52517905
-1.4902322
0.78376419
0.76957287
-1.3727301
-0.2700139
-0.082172099
-1.1030587
-0.61528482
2.2916342
1.4316512
0.68268211
1.5479655
0.090159365
-1.2184267
0.3484509
-2.2075496
-0.83838714
-0.24176517
-1.512418
-0.42828837
-0.7820749
-0.90386396
-0.61833287
0.17642308
-0.41940507
0.78931201
0.32960587
0.14936458
-1.19362
0.32585652
-0.38382176
0.65985765
1.3054494
0.1983303
0.42403282
-1.3103201
-1.7971718
-1.4260384
-0.61426922
-1.9895649
-1.2538745
-1.7770765
-1.2651333
-0.21346688
0.48557158
0.68881789
0.16234053
1.1033056
1.4013335
2.0674316
0.21444408
1.8819334
0.017218197
0.1066414
-0.40448311
-1.1366402
-1.5667158
-1.2345025
-0.63641677
1.8023843
-0.3437902
-0.90826687
-0.67290612
-0.47220879
-0.77648048
-0.67659811
0.019441201
1.9920517
1.5003175
1.3074847
-0.45150951
-0.68708604
-0.29843118
-0.023560109
-1.7619737
-1.0466752
-0.48923708
-0.014324585
-0.65060628
-0.61506901
-1.4131068
-0.65361537
-0.63430682
0.69469665
-0.71244769
0.2234818
-0.32188931
0.21182182
0.13175888
0.15675203
-0.54759004
-0.84664739
-1.3587932
-1.3883852
-0.15146011
0.49914468
-1.3359058
-1.8752824
1.1634344
-0.65286903
-0.29642906
-0.24215833
0.80957948
-1.1161479
0.75335887
0.21250783
0.82147075
0.20467463
0.013445945
1.5494495
0.23763466
0.58438639
0.23880233
-1.5536999
-0.76178053
-0.15910639
0.0085313422
-0.1482402
-0.88682446
-2.3254748
-0.83679053
0.56905235
0.25885727
-0.5227454
-0.46005621
1.0751934
0.60643719
1.3865965
-0.24620452
1.2823298
-0.068261197
-0.74741642
0.096784245
-0.59684767
0.1500645
1.0243749
2.2268429
1.4620699
0.15826565
0.61430519
-1.201985
-0.069061006
0.22415298
0.9711989
0.12334015
2.3235381
2.8105517
0.1009431
0.86544986
-0.53090877
0.36292718
0.25053295
-0.58182612
-1.0723698
-0.002775012
-0.94469541
-1.1097475
-1.9275305
-0.73920163
-0.86070197
-1.0990627
-0.51047069
-1.579119
0.23477986
0.92038431
-0.50634372
1.0019593
0.54839985
0.67294179
-1.0315026
0.51441423
-0.80832467
-0.93497249
-1.6347567
-0.40546399
0.60356969
-1.0375542
-0.49510437
-1.124755
-0.68929281
-0.56552117
-0.66449004
0.2141019
-0.65170345
0.56130832
1.1246353
-0.76569378
-0.39019073
-1.4774814
0.14073514
-0.67217212
-1.1837466
-0.23413867
0.70426614
-1.1516486
-2.0568363
-0.67375563
-0.19386927
0.073455972
-0.87876605
-1.1160367
0.12633933
0.73932745
1.1855278
-0.65538034
1.6860947
-0.25824079
0.59263834
0.72383054
1.2480825
-0.54140264
0.11721196
0.16843078
-0.46784988
-0.4789083
-1.0695169
0.071898557
-0.31712244
-0.78200636
-1.8461163
-0.82538282
0.26955219
1.7845565
1.5924222
1.9690613
0.34260468
0.96446449
-0.19174927
-1.0377466
0.17232446
-1.2936768
-1.7913385
-0.66108189
0.86437652
0.46925861
-1.7348638
-1.0186934
-1.6617908
0.81837053
1.0557075
1.5571584
0.54550303
0.71012577
-1.2635803
-0.071833574
1.7716628
0.021938847
0.98503426
-0.46865482
-0.23838258
-1.6129616
-1.3014307
-0.93872128
0.69195133
0.91050882
-1.1779129
-1.4865575
0.20138023
0.23672248
-0.86331286
0.7177243
2.354039
2.5320725
-0.1817915
0.51779455
1.2965357
0.10230223
-0.87525005
-0.30430756
1.2187903
0.32953187
-0.16547398
0.31234805
-1.8640084
0.42762132
0.065697417
-0.0039958158
1.2111264
1.080859
1.6038551
1.3430094
0.48167609
0.9034988
0.62047287
0.67909452
0.05868122
1.3683909
0.41173085
