1038
1036
1026
1039
1046
1136
1341
1538
1610
1626
1685
1670
1420
1647
1526
1177
952
916
913
919
905
905
867
873
867
899
899
884
897
861
918
853
829
858
865
860
862
881
922
903
879
870
851
874
899
911
895
890
887
878
883
875
870
869
860
840
852
854
883
874
868
872
872
884
853
891
882
874
871
887
874
846
869
906
910
895
843
857
887
882
879
861
871
871
891
909
866
863
906
887
898
911
889
923
898
923
918
937
940
913
891
893
901
901
970
946
964
975
985
1005
947
923
924
911
882
1014
1072
1070
1122
884
938
970
980
944
1010
1154
1396
1500
1534
1640
1612
1699
1766
1763
1631
1301
1126
1025
1017
1036
973
1027
1100
1009
1041
1012
996
1126
1164
1194
1424
1644
1760
1750
1775
1769
1804
1795
1727
1338
1149
1016
994
1004
1054
1041
1082
1079
1041
1015
1041
1068
1056
1189
1418
1586
1691
1722
1711
1813
1807
1919
1677
1326
1145
1032
1031
1016
1037
1041
1060
1067
1075
1073
1078
1086
1109
1238
1517
1749
1856
1888
1889
1783
1824
1830
1634
1262
1016
948
952
946
940
911
914
936
933
961
963
981
967
944
939
979
949
954
999
945
892
948
975
869
896
913
981
891
866
942
832
1020
971
948
1026
983
931
937
930
880
836
885
883
907
940
955
953
958
969
1004
1002
1003
1019
1029
1022
1037
1042
1020
1044
1049
1081
1160
1340
1509
1593
1642
1679
1733
1771
1824
1676
1294
1065
1025
1012
1041
991
1027
983
1103
1031
1099
1038
1075
1080
1168
1401
1628
1704
1682
1773
1789
1703
1827
1553
1276
1122
1034
1047
1058
1058
1070
1071
1074
1105
1080
1035
1027
1149
1246
1508
1553
1729
1702
1642
1724
1668
1785
1709
1337
1057
915
1014
964
929
1021
975
1036
1057
955
999
1045
1289
1003
1505
1724
1738
1738
1749
1732
1785
1808
1775
1342
1118
1018
1040
1043
976
1031
1062
1035
1028
1030
1050
1040
1059
1198
1452
1554
1621
1682
1623
1666
1666
1641
1554
1210
1068
984
931
961
903
941
938
893
949
976
947
908
963
889
889
884
843
924
896
874
901
920
902
866
903
909
912
907
923
933
928
934
973
907
968
885
862
927
1004
928
900
922
914
918
936
929
930
939
994
947
971
915
1032
1029
994
963
859
1027
1053
1026
984
1082
1345
1559
1709
1767
1781
1649
1753
1843
1646
1201
1064
1014
934
911
949
882
1010
1003
909
898
1042
921
1071
1022
1324
1523
1664
1661
1761
1684
1691
1703
1556
1200
1037
966
1029
966
958
970
947
965
947
1026
1055
1005
1043
1192
1413
1544
1695
1746
1703
1703
1707
1708
1602
1248
1017
901
939
978
960
959
1009
1017
1003
1003
991
1069
1064
1195
1484
1618
1734
1736
1719
1753
1784
1815
1682
1281
1141
989
975
957
963
967
966
973
972
970
1028
1017
1045
1154
1367
1496
1566
1578
1565
1620
1683
1707
1544
1195
1046
969
958
922
913
933
900
911
936
876
929
926
919
908
850
852
886
852
858
954
955
941
956
912
913
896
888
871
898
913
903
925
936
908
930
922
923
910
931
927
918
916
935
944
927
945
939
926
929
940
888
889
986
895
935
915
987
993
987
995
993
1097
1348
1468
1622
1661
1634
1681
1755
1741
1608
1277
1094
972
941
957
981
1009
1005
1028
985
987
977
1025
1039
1171
1387
1572
1693
1669
1712
1737
1691
1679
1565
1290
1123
1019
1098
937
911
1042
1041
1019
1036
1002
1040
1069
1046
1083
1493
1674
1760
1798
1626
1730
1817
1764
1685
1288
1065
995
981
972
1005
997
1013
1027
1016
1027
972
1044
1094
1237
1430
1525
1685
1749
1675
1692
1703
1762
1675
1329
1186
1041
1078
1084
1094
1091
1108
1094
1084
1095
1073
1092
1120
1246
1447
1604
1667
1667
1705
1735
1690
1756
1588
1258
1017
920
945
914
885
959
920
891
947
953
918
954
910
863
912
880
840
1074
849
862
877
896
915
928
950
947
910
954
999
1005
991
989
1050
998
964
942
958
872
974
927
944
933
903
881
924
922
933
907
894
913
987
936
958
858
923
977
934
972
900
1079
971
1162
1266
1451
1553
1639
1637
1644
1688
1724
1629
1373
1166
1104
1048
1127
1054
1068
1023
1067
1038
967
1033
1104
1119
1198
1450
1618
1681
1789
1735
1810
1728
1834
1728
1462
1289
1151
1117
1086
1080
1119
1073
1020
1066
1045
1079
1073
1281
1289
1614
1561
1959
1833
1737
1543
1689
1544
1745
1442
1275
1082
1079
1292
1018
1065
1069
1028
1133
1306
1141
1216
1244
1292
1467
1724
1783
1782
1747
1829
1591
1619
1755
1356
1115
1084
1152
1087
1096
1116
1182
1267
900
1025
1104
1107
1181
1265
1491
1579
1737
1780
1644
1698
1697
1732
1813
1316
1088
1020
1059
1051
1074
1035
1034
1025
1032
1019
1028
1031
1056
975
978
973
1016
998
966
966
969
992
924
954
1009
940
883
964
962
931
955
986
933
985
817
994
987
1017
912
874
919
977
1021
952
979
968
1040
1045
950
994
990
1036
989
988
1050
1136
990
1004
1022
996
1116
1227
1374
1542
1648
1665
1730
1655
1735
1745
1550
1436
1230
1172
1010
1040
1081
1073
1105
1096
1064
1095
1098
1103
1110
1210
1410
1678
1757
1708
1827
1841
1677
1622
1520
1566
1252
1097
1070
1082
1055
1084
1080
1088
1105
1166
1218
1323
1202
1166
1509
1635
1757
1729
1699
1656
1854
1793
1676
1388
1281
1202
1114
1151
1138
1157
1166
1168
1155
1185
1096
1462
1246
1234
1624
1733
1845
1831
1797
1900
1827
1834
1800
1527
1243
1184
1189
1192
1237
1308
1118
1144
1167
1173
1124
1255
1213
1292
1554
1745
1809
1810
1808
1863
1850
1902
1716
1336
1155
1101
1039
996
1017
966
1066
1019
1066
1020
1064
1015
949
1069
1010
970
936
936
1040
995
968
1005
997
994
996
1003
999
995
1000
1006
1003
1021
1034
1036
1030
989
966
949
1017
1027
973
942
930
947
1019
1030
1052
1031
1017
920
1026
1101
1080
990
1076
1046
1030
1035
1063
1077
1088
1178
1339
1537
1681
1720
1708
1819
1667
1713
1703
1390
1159
1089
1055
1067
1059
1063
1064
1080
1066
1064
1083
1111
1188
1303
1456
1675
1627
1960
1939
1882
1787
1854
1754
1371
1148
1016
1035
1043
1054
1031
1073
1079
1085
1075
1095
1104
1185
1372
1432
1653
1784
1881
1745
1850
1885
1803
1816
1325
1073
1022
981
954
1076
1072
1023
1120
1076
1020
999
1197
1217
1234
1457
1607
1717
1674
1640
1558
1747
1763
1659
1359
1194
1116
1107
1096
1083
1084
1079
1090
1096
1118
1117
1117
1183
1312
1613
1538
1676
1733
1710
1750
1759
1783
1630
1285
1037
943
946
1018
923
918
969
977
990
973
909
1013
1008
897
896
980
962
967
945
994
932
932
961
993
972
925
856
1066
899
948
937
933
965
935
883
981
977
1018
979
1005
972
960
934
931
945
1025
954
911
988
987
938
981
1056
1027
1016
1014
1023
1023
1004
1043
1089
1345
1372
1564
1631
1746
1840
1816
1789
1737
1599
1373
1121
1046
1049
1036
1019
1017
1061
1032
1042
1079
1055
1105
1058
1291
1628
1701
1795
1880
1871
1923
1879
1918
1720
1324
1059
1048
1036
1004
1069
1095
989
1089
1042
1000
1051
1082
1100
1277
1456
1652
1756
1761
1825
1800
1902
1832
1663
1323
1095
1025
1062
1066
1031
1014
1034
1071
1070
1095
972
1044
1142
1268
1514
1701
1773
1800
1795
1750
1977
1965
1800
1275
1139
1114
1085
1103
1037
1026
1027
1022
1064
1006
1011
1012
1119
1268
1410
1690
1809
1777
1710
1826
1812
1780
1616
1223
947
905
915
921
897
902
897
945
903
931
923
929
898
906
958
937
924
960
910
900
891
932
938
930
941
917
927
914
938
912
932
926
949
956
997
1004
968
956
927
946
965
956
957
1010
1003
958
1003
974
957
980
977
970
972
962
978
975
971
976
975
969
1007
1110
1300
1512
1614
1686
1677
1750
1714
1694
1696
1338
1055
1030
1011
959
971
974
971
1019
1084
1057
1042
1042
1082
1262
1439
1635
1794
1819
1857
1839
1829
1789
1687
1403
1145
1036
1053
1044
1038
1044
1049
1041
1044
1057
1056
1086
1119
1261
1551
1736
1804
1786
1769
1823
1815
1896
1714
1359
1160
1070
1030
1021
1024
1028
1009
1015
1038
1042
1077
1089
1117
1204
1445
1682
1745
1815
1761
1696
1706
1789
1701
1326
1158
1033
1021
958
982
1032
1068
1042
1068
1072
1073
1069
1120
1250
1488
1662
1729
1750
1771
1819
1825
1859
1753
1259
1067
984
993
988
960
929
922
940
937
945
950
994
1015
1001
1005
977
963
951
947
937
946
936
957
961
968
945
921
915
887
923
955
995
980
970
966
997
988
1004
974
983
1029
1054
1007
1015
998
983
989
1000
951
938
922
923
975
977
999
1010
998
989
1007
1035
1047
1178
1340
1559
1662
1727
1726
1762
1800
1870
1766
1369
1000
960
996
976
992
981
1004
990
989
994
1033
1042
1085
1239
1472
1714
1734
1789
1807
1840
1781
1722
1670
1314
1065
998
964
960
1009
1041
1060
1056
1057
1028
1027
1068
1104
1270
1493
1650
1717
1727
1778
1787
1810
1821
1704
1313
1093
955
1009
1003
972
991
949
944
1002
1016
1027
997
1063
1203
1485
1720
1428
1500
1753
1742
1556
1762
1738
1347
1139
1040
1050
1019
1023
1006
1063
1094
1088
1085
1101
1092
1141
1248
1479
1700
1754
1778
1783
1823
1854
1960
1835
1346
1107
1029
1003
961
976
934
933
972
954
968
966
983
989
982
981
1019
1010
1022
1025
1010
933
972
963
977
960
931
971
975
959
966
956
891
955
952
959
1003
1036
1019
1004
1030
1042
1058
1093
1047
1101
1031
1046
995
987
994
1004
986
1013
1008
1009
1066
1050
1034
1021
1175
1120
1241
1375
1609
1785
1898
1825
1854
1913
1888
1756
1418
1140
1063
1069
1050
1010
1007
1019
1027
1036
1081
1072
1079
1116
1249
1486
1637
1802
1806
1790
1872
1841
1865
1789
1390
1111
1001
1020
1014
1026
1076
1101
1081
1099
1070
1076
1102
1197
1317
1488
1652
1811
1776
1780
1798
1892
1885
1715
1307
1072
984
1017
1001
995
985
988
1011
1034
1070
1086
1052
1121
1239
1438
1599
1714
1746
1751
1785
1804
1892
1809
1349
1170
998
1035
1021
1073
997
1006
1031
1021
1031
996
1044
1080
1199
1493
1720
1713
1796
1851
1917
1891
1917
1685
1288
1087
1004
1035
989
973
986
946
985
996
997
996
1028
1016
1041
1006
992
1016
956
980
1009
1037
978
976
1022
955
949
979
1014
1008
1025
1000
980
971
955
989
1048
1058
1039
1032
1019
1023
1026
1011
1051
1052
1032
1037
1043
1029
1045
1039
1039
1053
1035
1028
1043
1048
1039
1058
1053
1096
1247
1457
1594
1773
1857
1835
1809
1842
1774
1779
1334
1128
1121
981
977
1107
1049
1078
1135
1165
1106
1076
1179
1218
1350
1563
1853
1843
1801
1935
1958
1791
1919
1804
1315
1153
1052
1015
1070
987
1001
985
1052
1034
1014
1077
1052
1121
1239
1511
1680
1702
1747
1752
1710
1786
1890
1714
1324
1153
1046
1014
1034
1009
1023
998
1002
1027
982
1045
1064
1083
1218
1475
1702
1811
1796
1836
1763
1820
1936
1822
1422
1202
1119
1132
1060
1074
1135
1097
1106
1125
1148
1118
1146
1176
1327
1603
1748
1755
1814
1836
1849
1830
1752
1742
1367
1134
1031
1028
1026
1006
1004
1009
1022
1011
1020
1025
1014
1030
1005
1016
1009
990
994
1004
1037
1032
1040
1018
1009
998
1024
1013
969
984
1020
1007
1004
1043
1024
1111
1006
1054
1097
1111
1073
1072
1112
1114
1118
1097
1108
1077
1086
1101
1024
1057
1031
1018
1032
1087
1052
1046
1049
1067
1025
1068
1176
1337
1563
1550
1607
1678
1586
1641
1684
1665
1393
1091
1013
1079
1035
995
985
1055
1025
1035
1006
1033
1035
1077
1183
1315
1488
1585
1603
1606
1617
1657
1684
1495
1335
1106
1024
1010
1008
1003
1014
1000
1011
992
1016
1004
985
991
1102
1102
1089
1098
1128
1087
1119
1078
1099
1080
1083
1058
999
1024
1013
984
1030
971
1022
1008
989
975
983
990
1020
1109
1306
1686
1893
1826
1757
1766
1781
1728
1657
1405
1157
1012
974
987
988
943
936
982
991
935
1005
952
955
1081
1237
1643
1732
1775
1664
1826
1795
1614
1568
1436
1132
1015
1017
1046
1047
1023
980
948
956
977
971
984
987
1081
1263
1564
1689
1633
1627
1553
1603
1648
1429
1209
1066
879
907
956
1006
987
967
944
917
893
893
904
913
905
908
926
938
924
940
915
930
920
909
892
926
923
875
882
908
871
909
944
892
919
956
881
867
879
896
928
890
905
915
904
896
852
874
861
891
897
878
882
916
909
927
911
919
946
964
951
960
1029
1222
1578
1675
1685
1674
1629
1653
1641
1568
1419
1212
1088
1064
1040
1064
1032
1013
993
986
996
1015
1039
1044
1128
1278
1594
1840
1696
1653
1689
1703
1630
1566
1388
1169
1054
1036
1033
1027
988
968
971
949
934
929
972
974
1084
1284
1595
1639
1672
1651
1599
1610
1571
1508
1374
1162
1006
1018
1018
1028
991
941
951
945
938
957
975
968
1022
1230
1591
1791
1639
1648
1656
1621
1603
1543
1373
1107
1004
977
970
952
946
944
975
957
991
946
987
1001
1036
1225
1571
1646
1613
1508
1706
1650
1631
1562
1277
1033
1001
1044
1025
1010
1015
983
989
966
987
1021
983
1031
962
955
938
883
953
950
870
932
916
909
895
895
879
908
911
927
976
973
927
908
907
923
916
918
919
916
908
900
893
891
878
893
875
882
915
911
883
906
898
880
918
926
921
939
950
923
931
922
1021
1249
1575
1698
1678
1680
1664
1686
1668
1590
1387
1171
975
954
932
944
969
907
933
924
928
942
936
945
1013
1210
1626
1803
1746
1746
1714
1721
1722
1636
1419
1127
1006
975
996
989
1020
991
893
942
952
911
945
958
1047
1285
1687
1771
1747
1917
1756
1735
1695
1620
1367
1172
1001
976
979
979
957
981
961
940
938
947
975
973
1042
1255
1568
1697
1701
1682
1623
1619
1593
1471
1360
1114
953
930
909
929
955
955
926
938
910
936
937
929
945
1208
1584
1736
1725
1622
1650
1605
1594
1457
1330
1073
948
929
958
979
965
958
955
968
975
979
986
961
922
963
888
920
922
920
911
912
899
886
915
910
842
866
935
888
937
882
859
917
911
871
892
859
885
922
904
890
890
887
912
877
891
874
912
904
891
886
885
930
923
911
921
920
937
953
954
955
1004
1190
1538
1638
1621
1568
1547
1570
1495
1481
1319
1117
1001
950
974
947
953
951
950
928
926
924
924
948
876
1197
1546
1688
1705
1640
1644
1646
1548
1533
1321
1090
938
948
923
947
937
969
940
935
939
940
970
948
1074
1258
1464
1556
1597
1662
1633
1600
1553
1571
1373
1155
1048
992
1004
1016
1002
1007
983
986
1021
998
986
997
1067
1287
1625
1764
1675
1721
1616
1644
1547
1530
1334
1127
983
901
898
947
907
924
894
907
866
877
916
929
990
1224
1449
1431
1479
1362
1640
1645
1560
1420
1247
1058
929
945
961
988
965
980
918
921
947
945
933
949
936
907
878
896
870
869
842
796
824
866
891
869
894
897
844
850
852
852
822
830
848
849
859
863
839
850
850
847
862
853
865
866
860
830
853
837
867
873
873
877
898
905
860
912
924
842
884
923
953
1177
1596
1716
1721
1641
1575
1679
1576
1472
1344
1173
892
923
1002
926
952
927
923
918
956
901
923
955
1032
1231
1558
1718
1681
1580
1633
1600
1554
1463
1297
1104
964
933
900
888
871
849
872
904
912
875
883
870
818
867
902
891
865
836
847
852
846
836
845
867
853
863
853
888
867
864
866
857
858
850
870
868
939
1124
1457
1565
1609
1603
1560
1516
1495
1447
1234
1037
944
916
920
923
923
930
937
929
924
934
911
927
985
1257
1429
1562
1543
1551
1515
1516
1448
1315
1170
1028
917
866
850
871
884
881
883
884
896
887
881
880
859
846
834
859
856
891
887
881
879
852
862
846
831
822
813
832
876
856
883
900
849
825
833
790
816
820
841
877
853
880
795
821
828
818
847
862
813
834
875
842
831
834
859
818
852
843
851
848
856
855
865
995
935
963
998
972
925
907
868
871
864
890
882
865
868
933
867
910
890
849
851
875
937
1240
1543
1570
1683
1677
1574
1517
1541
1513
1314
1050
930
949
980
926
947
931
905
1044
1008
933
932
981
927
1240
1480
1462
1536
1572
1609
1601
1542
1384
1301
1114
973
955
953
971
946
954
954
943
917
941
932
927
920
853
862
871
898
898
892
931
975
1056
863
850
853
887
953
938
876
923
956
877
863
933
874
874
981
1197
1440
1328
1407
1376
1332
1425
1376
1200
1122
979
884
877
919
924
889
877
864
881
898
902
864
813
853
872
833
803
844
830
858
845
842
824
886
864
799
925
849
887
812
802
803
825
865
840
859
875
867
840
776
853
793
830
866
892
819
801
781
842
845
857
820
820
820
835
868
809
841
848
850
872
906
1121
1416
1658
1584
1551
1532
1605
1571
1435
1343
1143
987
915
948
961
960
936
957
961
932
935
937
917
1005
1187
1484
1653
1611
1548
1580
1602
1569
1494
1333
1130
1002
966
933
950
928
938
938
942
935
936
948
961
1037
1203
1586
1712
1773
1704
1690
1685
1613
1591
1430
1131
999
965
964
969
977
986
990
970
973
982
1001
980
1075
1260
1560
1714
1768
1731
1664
1614
1578
1498
1381
1182
1055
1007
979
960
956
995
945
950
961
961
951
890
987
1211
1482
1629
1626
1611
1563
1537
1496
1365
1214
1040
943
885
907
947
992
1004
1004
964
942
918
919
930
896
918
928
935
886
917
915
911
895
895
897
888
885
880
887
888
870
923
902
935
938
816
851
892
912
855
888
909
842
924
874
841
892
888
871
887
908
887
887
879
896
895
888
882
890
894
901
888
877
870
863
862
870
861
859
886
887
888
889
870
874
875
885
890
891
896
887
881
883
862
881
888
986
1153
1444
1514
1558
1588
1577
1565
1552
1493
1295
1093
985
942
952
915
899
899
895
895
870
887
895
897
1008
1166
1458
1586
1617
1530
1640
1634
1560
1522
1328
1084
975
955
944
987
995
981
928
915
912
913
879
938
1026
1165
1525
1737
1729
1698
1731
1613
1616
1535
1360
1102
977
973
981
923
939
911
905
928
950
939
961
955
1060
1246
1498
1601
1594
1547
1564
1554
1501
1405
1167
991
867
864
878
896
890
887
883
886
891
870
852
889
865
903
881
906
852
883
857
866
878
866
854
853
858
802
835
849
904
917
892
880
875
863
875
857
868
872
860
877
882
914
921
941
926
887
898
858
881
887
891
854
864
891
883
887
895
906
909
919
1006
1177
1491
1630
1606
1604
1616
1615
1550
1522
1310
1093
985
944
919
940
921
951
892
925
960
952
1011
954
1056
1240
1533
1688
1702
1637
1687
1691
1565
1571
1419
1121
997
971
976
1008
996
960
1002
977
964
919
986
988
1008
1248
1504
1356
1354
1579
1604
1413
1513
1518
1382
1141
1017
991
987
993
995
975
976
984
969
960
967
955
1045
1216
1545
1660
1671
1608
1649
1557
1529
1468
1284
1103
974
950
964
920
924
906
896
899
904
916
902
909
994
1153
1382
1500
1498
1487
1478
1486
1494
1412
1289
1100
954
941
962
938
961
955
957
952
939
918
906
894
884
908
875
851
894
905
902
889
844
841
861
928
880
885
926
876
857
866
857
868
905
865
895
865
859
929
855
831
865
899
857
872
877
891
872
867
875
881
872
872
883
889
882
897
898
883
870
891
975
1188
1423
1716
1567
1506
1472
1600
1574
1466
1358
1091
937
966
977
947
996
1006
995
974
960
955
971
965
1003
1201
1513
1587
1516
1508
1553
1565
1572
1457
1238
1092
964
967
939
974
962
952
952
936
921
929
939
953
1017
1178
1412
1482
1543
1486
1523
1574
1561
1446
1269
1096
997
1005
989
966
966
925
948
979
973
966
961
906
1011
1173
1426
1577
1619
1586
1605
1629
1573
1420
1285
1065
977
939
959
934
951
931
946
944
946
924
925
914
990
1186
1448
1517
1541
1481
1520
1527
1470
1314
1176
1008
909
906
919
917
939
916
910
899
893
910
921
948
976
939
920
897
934
924
916
883
920
870
905
922
906
866
888
937
956
927
888
895
887
893
885
889
860
871
854
834
877
882
862
841
898
912
895
906
906
844
879
895
886
872
887
942
903
889
889
889
984
1118
1445
1541
1496
1517
1527
1500
1496
1409
1315
1130
1011
989
948
964
994
1000
1000
996
1002
955
940
905
988
1180
1490
1572
1571
1538
1560
1506
1473
1427
1233
1039
944
941
898
924
954
983
921
957
935
931
958
971
1029
1248
1521
1658
1611
1522
1588
1540
1556
1586
1443
1134
987
935
932
945
955
982
990
976
952
974
1002
951
1060
1220
1541
1661
1631
1639
1625
1570
1522
1460
1319
1100
984
973
911
941
941
945
923
918
923
912
937
938
1045
1254
1456
1543
1495
1502
1499
1492
1507
1380
1212
1055
945
903
903
916
921
914
916
903
900
914
915
873
846
825
876
902
876
908
881
823
856
826
900
907
837
856
846
860
869
850
845
853
849
844
840
812
844
888
822
859
874
899
874
880
888
859
875
859
849
842
868
847
874
901
875
877
891
903
901
872
947
1108
1458
1578
1602
1616
1532
1560
1548
1440
1326
1092
967
966
970
990
948
909
897
901
913
910
932
911
1006
1252
1522
1611
1618
1589
1585
1598
1571
1433
1297
1150
1017
988
976
975
966
963
974
946
950
973
968
956
1029
1182
1460
1515
1584
1546
1550
1650
1572
1512
1369
1105
964
992
987
968
967
954
948
948
919
920
970
985
1033
1179
1556
1644
1561
1624
1607
1630
1598
1549
1338
1058
977
951
965
964
986
984
971
970
980
973
840
909
1006
1227
1497
1668
1659
1526
1570
1561
1526
1383
1196
1004
920
957
958
956
938
928
917
905
912
917
854
902
949
903
858
833
985
1008
796
808
879
909
891
878
841
899
866
883
889
972
942
903
815
902
893
870
834
856
884
864
861
877
911
906
867
896
924
821
904
915
847
877
886
876
889
909
929
905
887
844
906
1103
1475
1512
1546
1577
1509
1551
1496
1438
1275
1069
955
918
912
909
896
914
898
882
909
933
926
901
1020
1178
1356
1547
1526
1517
1550
1521
1455
1371
1302
1012
909
888
905
934
920
925
881
886
886
882
898
871
959
1141
1425
1580
1543
1514
1500
1569
1532
1443
1296
1043
933
938
892
887
907
911
905
899
884
907
906
895
947
1133
1413
1547
1566
1518
1507
1545
1523
1434
1271
1040
934
920
898
909
881
899
886
893
898
879
881
883
915
1146
1431
1562
1511
1496
1491
1517
1454
1352
1181
1055
935
893
870
874
881
883
884
869
884
886
871
863
847
852
864
844
851
854
855
881
833
829
841
841
838
835
838
827
828
833
848
856
839
833
829
812
801
815
836
824
832
841
832
838
846
844
838
827
815
806
817
824
824
832
831
828
841
849
843
842
899
1130
1367
1554
1553
1535
1492
1544
1504
1447
1327
1093
988
949
926
935
941
951
929
936
933
946
945
932
977
1173
1431
1475
1521
1569
1550
1284
1258
1444
1282
1058
955
918
925
913
929
943
936
931
938
930
922
919
977
1159
1400
1486
1231
1216
1242
1490
1455
1373
1306
1062
969
948
946
950
971
975
963
969
968
951
972
956
1012
1233
1435
1535
1515
1536
1539
1483
1463
1381
1244
1062
984
970
948
948
948
966
952
943
953
950
945
942
960
1197
1330
1430
1488
1478
1450
1479
1456
1283
1151
983
868
848
868
849
863
866
865
859
856
871
858
848
834
850
823
842
856
840
845
837
859
843
848
859
877
849
840
837
853
857
856
862
853
856
846
840
819
823
833
825
829
830
817
818
848
837
833
827
829
821
831
824
838
867
858
853
855
881
876
875
906
1104
1309
1484
1494
1571
1488
1462
1460
1352
1238
1049
949
943
923
930
946
945
940
935
936
933
936
936
996
1226
1388
1513
1515
1487
1475
1535
1505
1406
1279
1111
993
968
977
971
981
986
965
962
934
939
946
933
1002
1209
1446
1497
1477
1539
1484
1493
1496
1395
1265
1066
966
935
938
933
935
950
938
943
943
957
948
947
991
1176
1359
1491
1487
1468
1479
1435
1428
1385
1263
1119
984
982
953
947
959
955
955
956
943
942
956
929
975
1241
1336
1519
1466
1426
1393
1382
1346
1222
1130
999
910
879
885
885
865
863
868
867
855
869
872
850
839
853
858
836
828
830
830
828
818
832
814
816
821
819
818
808
830
834
820
826
819
818
825
807
802
795
802
821
822
836
830
849
847
837
828
831
819
834
819
823
828
845
842
823
843
858
851
836
880
1148
1305
1386
1454
1494
1498
1435
1403
1339
1233
1049
943
913
916
914
918
922
914
908
920
910
905
913
971
1149
1386
1477
1510
1509
1523
1487
1502
1430
1311
1098
1002
996
1004
997
984
966
966
981
973
965
986
984
1041
1271
1504
1571
1616
1607
1593
1596
1548
1430
1280
1064
974
928
925
926
940
937
937
916
928
922
924
922
968
1232
1366
1448
1473
1487
1504
1495
1478
1394
1296
1081
976
937
942
936
958
973
959
952
944
948
963
939
974
1352
1419
1533
1552
1542
1548
1545
1559
1410
1096
999
883
929
964
973
989
1008
1014
1000
990
961
958
933
901
924
919
936
906
950
876
863
890
881
924
890
934
889
895
925
911
912
906
914
907
908
906
895
889
896
901
893
877
881
883
876
878
890
898
894
886
886
887
903
904
912
914
904
917
928
936
932
1005
1188
1438
1513
1568
1555
1496
1512
1450
1429
1298
1078
974
951
949
955
967
958
965
947
935
924
942
971
1019
1224
1454
1543
1517
1465
1476
1498
1487
1434
1250
1043
925
961
968
995
993
1001
974
921
942
923
923
969
977
1191
1428
1514
1552
1470
1516
1487
1461
1389
1244
1094
973
968
951
965
981
993
1019
1015
1020
1011
945
930
1032
1224
1450
1583
1519
1469
1516
1499
1426
1312
1248
1165
1035
985
975
945
945
965
947
909
933
953
1001
937
1067
1285
1493
1490
1450
1480
1480
1517
1456
1417
1218
1014
889
1038
977
956
944
956
942
941
940
940
950
929
894
899
909
907
903
905
893
896
901
894
891
889
902
899
923
969
917
909
913
906
919
907
904
896
890
893
891
886
885
879
888
891
882
885
891
897
884
891
885
882
904
897
899
900
910
929
925
924
1009
1182
1445
1445
1548
1552
1528
1510
1451
1379
1225
1067
982
991
974
962
976
958
961
962
958
958
987
997
1074
1215
1561
1573
1627
1528
1578
1548
1494
1427
1268
1124
1033
1015
1012
1033
1047
1030
1032
1002
982
972
1033
1011
1093
1227
1451
1581
1504
1478
1574
1592
1571
1528
1327
1121
978
887
956
961
978
981
991
1005
956
990
1026
922
1041
1205
1549
1547
1571
1564
1618
1576
1564
1520
1341
1148
955
901
1044
1017
1012
1005
971
971
969
951
971
985
1068
1243
1444
1447
1490
1452
1490
1457
1392
1340
1219
1029
940
929
923
928
924
934
930
920
915
923
919
909
869
880
873
876
892
877
882
884
883
873
869
867
862
873
871
878
879
882
873
883
876
873
886
878
870
867
870
865
878
854
856
861
860
858
859
864
863
858
877
894
888
890
886
900
894
924
920
917
986
1169
1448
1515
1482
1453
1488
1512
1493
1357
1295
1054
921
1022
993
1010
1013
1008
1012
1005
994
995
1007
1008
1072
1270
1476
1555
1586
1514
1513
1484
1485
1396
1232
1054
937
895
939
947
961
990
981
965
917
916
946
929
1032
1234
1397
1517
1527
1459
1447
1510
1473
1392
1254
1087
992
980
1005
981
936
977
993
963
953
949
962
949
1037
1239
1406
1488
1556
1497
1495
1429
1387
1389
1250
1105
952
953
946
942
933
940
946
935
945
932
926
922
1043
1265
1422
1459
1562
1436
1424
1400
1382
1318
1200
1054
984
971
976
971
964
955
929
918
933
958
963
966
956
954
914
917
940
948
949
938
929
914
922
907
904
911
913
903
925
911
909
903
894
888
895
896
878
892
884
889
891
902
902
903
900
913
908
899
912
904
908
904
911
922
916
903
918
917
912
932
988
1183
1413
1557
1533
1489
1500
1489
1416
1359
1202
1073
1025
1012
996
984
961
935
939
937
919
926
959
982
1047
1223
1460
1524
1539
1506
1483
1467
1479
1410
1262
1126
1020
1030
1007
995
1006
990
996
1013
1022
1023
1038
1024
1049
1218
1492
1590
1570
1515
1540
1534
1481
1400
1268
1052
1018
1007
1028
1048
971
1024
1022
978
968
985
962
985
1045
1179
1428
1489
1533
1576
1553
1529
1488
1363
1225
1094
981
1013
1008
979
955
971
965
958
955
952
974
971
1036
1215
1377
1500
1533
1498
1492
1469
1470
1342
1241
1122
1046
1025
994
991
981
984
981
975
972
952
932
929
907
918
915
944
942
951
965
938
948
936
933
922
927
922
929
952
959
935
944
943
923
926
924
917
892
904
914
923
911
928
931
910
906
920
920
935
941
948
950
941
939
927
924
934
942
956
957
963
1017
1180
1444
1546
1571
1553
1546
1597
1611
1466
1366
1185
1059
1077
1071
1046
1030
1022
985
941
985
979
1007
1001
1062
1252
1583
1694
1785
1651
1635
1607
1566
1541
1364
1219
1054
1127
1064
1089
1102
1078
1073
1045
1063
1041
1063
1056
1113
1274
1561
1634
1647
1564
1578
1439
1528
1505
1413
1236
1147
1054
1017
1019
1033
1031
1013
1019
1005
1016
1016
1016
1086
1282
1548
1630
1607
1597
1625
1574
1549
1420
1292
1116
1047
1027
1009
1025
1012
1007
984
993
954
972
960
978
1080
1270
1500
1622
1623
1545
1556
1531
1488
1397
1339
1118
1038
1006
1042
1041
1034
999
1003
991
988
991
997
994
984
984
985
984
1004
1022
973
963
974
967
969
1048
1008
997
1010
1020
996
984
967
969
961
976
977
970
969
973
979
974
1011
1011
989
1011
998
962
967
1010
1016
998
1001
1003
1006
986
987
988
985
1002
999
1021
1020
1222
1454
1631
1623
1691
1681
1576
1647
1376
1550
1316
1165
1145
1136
1148
1081
1144
1106
1085
1104
1093
1082
1070
1084
1334
1594
1696
1697
1589
1657
1653
1589
1546
1365
1139
1053
1056
1037
1054
1038
1063
1045
1036
1046
1027
1069
1082
1132
1338
1515
1629
1642
1621
1599
1688
1593
1562
1417
1229
1156
1100
1087
1102
1063
1048
1035
992
1045
1054
1041
1002
1153
1334
1572
1691
1593
1730
1711
1665
1622
1533
1397
1251
1158
1110
1080
1087
1089
1048
1016
1008
1091
1161
1015
1031
1270
1407
1549
1751
1651
1605
1616
1600
1609
1485
1313
1161
1064
1029
1152
1033
1035
1052
1035
948
1034
1101
1085
983
985
978
985
949
952
897
992
1010
950
938
966
963
952
931
991
995
920
965
942
921
885
967
921
981
971
986
972
961
955
955
951
951
967
961
880
909
975
972
897
976
930
913
959
981
1007
1020
951
961
974
1277
1510
1564
1669
1687
1600
1380
1660
1507
1345
1132
999
980
1058
1072
1050
1029
1028
1011
1030
1017
1004
996
1052
1316
1603
1457
1470
1726
1709
1734
1711
1567
1395
1169
1109
1098
1095
1114
1082
1086
1079
1072
1036
1039
1039
1030
1092
1314
1530
1662
1692
1542
1626
1611
1579
1555
1401
1198
1114
1083
1008
1039
1021
1042
1028
1000
1018
1038
1019
998
1049
1261
1572
1678
1652
1668
1696
1761
1709
1580
1383
1148
1089
1050
1133
1118
1119
1101
1096
1091
1100
1093
1093
1077
1108
1317
1523
1641
1623
1593
1613
1651
1568
1498
1334
1173
1083
1026
1043
1029
1006
995
1004
1079
1050
1056
1003
945
928
889
957
1032
1051
960
963
963
948
960
975
1007
1040
967
955
972
1000
928
973
1008
1004
947
955
996
965
1076
977
944
905
943
979
947
957
988
1003
989
944
958
982
1040
1040
1058
949
904
965
1059
1037
975
1056
1295
1628
1664
1628
1749
1637
1640
1685
1624
1353
1158
1046
1022
995
1059
994
1003
1010
956
987
973
956
1019
1028
1324
1587
1676
1745
1658
1672
1655
1680
1619
1500
1275
1187
1103
1036
1190
1107
1095
1064
1111
1040
1069
1039
1096
1167
1247
1546
1672
1685
1639
1729
1613
1668
1551
1424
1200
1116
1080
1107
1107
1098
1092
1074
1070
1084
1089
1090
1088
1130
1115
1497
1659
1619
1646
1634
1594
1638
1501
1333
1100
1001
1005
1019
1009
1034
1035
939
958
975
1009
1005
1054
1131
1276
1644
1715
1680
1682
1626
1474
1722
1535
1314
1139
1020
984
1037
1013
998
1015
1060
1056
986
990
1009
993
1006
1012
1009
1016
1001
1005
999
991
991
993
1008
985
968
890
1015
946
906
920
909
907
903
913
926
909
886
908
902
882
885
908
911
912
882
881
892
880
883
883
942
940
944
942
923
834
884
940
964
982
949
1183
1578
1580
1552
1719
1697
1601
1695
1611
1334
1203
1103
1092
1082
1079
1053
1055
1071
1026
1067
1092
1086
959
1088
1394
1550
1577
1704
1736
1636
1755
1725
1522
1407
1262
1152
1134
1130
1106
1100
1063
1041
1045
1074
1057
1052
931
1082
1402
1706
1663
1887
1870
1626
1606
1682
1675
1346
1210
1097
1033
1033
1028
1010
1006
999
1002
1004
1032
1040
879
1148
1221
1625
1732
1614
1726
1686
1568
1678
1661
1321
1215
1108
1030
1016
1042
992
1036
1027
1008
1027
1021
1028
923
996
1429
1723
1714
1679
1799
1636
1581
1628
1396
1182
1117
1040
1014
1015
1016
989
956
960
965
967
999
1003
826
840
879
1106
813
1017
782
995
850
821
945
809
915
915
894
907
902
915
897
893
891
914
930
965
774
897
973
941
880
874
888
882
879
882
884
866
877
882
880
896
902
896
905
904
907
908
914
898
926
978
1224
1518
1647
1697
1642
1597
1637
1689
1603
1415
1187
1108
1086
1105
1087
1050
1054
1045
1039
1039
1049
1054
1068
1102
1314
1657
1732
1843
1772
1726
1694
1662
1560
1417
1156
1051
1021
996
997
1007
1008
1013
1021
1004
1024
1009
1008
1067
1378
1577
1614
1694
1514
1717
1736
1537
1626
1430
1193
1075
1053
1032
1040
1047
1017
1021
1029
1032
1082
1103
964
1222
1217
1476
1596
1825
1679
1792
1754
1561
1481
1337
1086
1026
1043
1031
999
998
1001
984
974
986
1008
1037
869
1063
1278
1545
1759
1687
1479
1565
1610
1360
1357
1241
1086
1000
977
972
941
955
966
958
960
957
959
963
954
964
976
949
961
960
960
943
944
905
909
900
895
945
935
910
895
915
918
911
910
906
909
924
916
915
906
910
892
905
896
883
863
874
894
907
907
915
940
953
942
949
929
932
925
926
920
929
943
1021
1267
1561
1724
1865
1673
1698
1646
1567
1491
1319
1152
1035
992
975
969
986
1022
996
1019
1038
1034
1046
962
1037
1321
1688
1748
1649
1681
1737
1637
1536
1573
1370
1101
1000
1008
997
982
970
960
975
971
966
1007
1016
947
1018
1223
1615
1723
1684
1762
1798
1697
1644
1677
1473
1184
1008
1058
1020
996
993
982
967
947
935
1008
1070
947
991
1202
1617
1715
1712
1803
1749
1705
1729
1522
1370
1192
1051
1009
1004
982
973
968
961
969
1000
1033
1014
824
1069
1336
1587
1702
1718
1529
1800
1783
1624
1524
1387
1128
1006
1077
1014
1044
985
1039
1034
1042
947
956
963
944
982
1117
1275
1408
1344
1383
1447
1419
1378
1325
1087
1052
971
981
933
892
892
962
935
906
900
922
894
864
902
884
885
838
868
906
897
867
900
927
915
797
830
950
931
867
873
922
947
925
885
920
901
915
965
1240
1510
1702
1586
1623
1529
1604
1615
1506
1377
1183
1084
1008
1014
993
995
978
1002
1001
1037
937
959
968
1006
1276
1682
1790
1701
1657
1693
1698
1749
1630
1460
1213
1064
1042
998
993
995
1007
977
952
1032
981
986
1041
974
1307
1658
1684
1961
1864
1702
1689
1778
1568
1343
1221
1119
1066
1005
1000
966
894
1131
1070
1009
1010
983
922
1045
1337
1527
1680
1732
1876
1835
1713
1670
1619
1475
1183
1004
1000
1022
1072
1091
923
981
1040
939
974
996
931
1001
1372
1605
1622
1674
1742
1697
1664
1715
1400
1222
1015
1066
1015
943
911
923
913
907
936
919
956
963
798
934
944
941
951
946
942
941
924
905
930
858
849
908
958
930
900
915
909
914
893
948
992
1007
777
874
963
915
872
878
892
901
929
940
897
870
920
932
894
861
883
886
921
890
928
875
997
946
887
1001
1250
1511
1711
1675
1649
1684
1697
1672
1624
1400
1137
995
995
981
996
992
935
952
912
914
935
962
996
1183
1283
1584
1748
1676
1666
1619
1655
1597
1593
1484
1091
1069
1063
1042
1025
966
983
996
967
973
974
987
990
1082
1301
1623
1761
1738
1668
1838
1578
1707
1352
1410
1141
1059
1008
1005
1010
1025
991
1030
1012
998
956
981
1023
1170
1175
1567
1764
1787
1728
1741
1613
1586
1626
1446
1155
1087
1050
1023
1020
1005
1003
998
994
1005
1006
1019
1058
1175
1288
1517
1685
1475
1631
1561
1563
1544
1427
1208
1104
1009
960
912
901
907
900
894
919
888
920
976
796
825
969
926
892
928
809
821
790
923
812
834
948
912
929
923
925
908
893
907
899
932
956
992
838
849
982
912
926
914
874
877
972
899
853
867
945
922
921
916
901
904
902
903
907
919
986
984
819
1056
1263
1490
1679
1546
1575
1556
1557
1528
1447
1226
1193
988
1022
1011
1032
987
968
994
1015
1020
1095
1140
972
1103
1403
1787
1873
1823
1675
1688
1717
1677
1589
1377
1268
1130
1076
1054
1045
1018
1031
988
1034
1052
1044
1048
1060
1087
1362
1612
1657
1680
1672
1674
1765
1755
1660
1448
1225
1103
1074
1045
1068
1049
1045
1025
1008
927
992
1006
1033
1136
1267
1617
1773
1840
1755
1819
1778
1705
1673
1452
1174
973
944
907
869
864
875
896
872
976
825
995
1020
1030
1182
1587
1684
1626
1648
1565
1644
1620
1412
1249
1182
1016
999
977
904
822
834
870
896
844
833
798
802
795
771
732
727
756
751
764
765
763
728
857
889
946
966
971
963
955
921
927
963
980
941
949
932
912
898
921
913
923
933
906
937
924
956
951
960
901
961
956
965
954
929
901
924
944
940
899
900
999
1225
1530
1609
1564
1582
1578
1615
1607
1585
1414
1240
1110
1061
1051
1060
1081
1086
1089
1093
1055
1045
1042
1052
1182
1331
1666
1837
1728
1713
1776
1749
1706
1644
1441
1245
1158
1116
1111
1086
1046
1086
1099
1104
1108
1118
1087
1092
1143
1299
1557
1901
1779
1492
1717
1447
1718
1506
1445
1295
1197
1148
1138
1092
1059
1058
1073
1080
1085
1076
1067
1048
1125
1358
1709
1819
1742
1441
1527
1799
1763
1647
1489
1302
1165
1100
1078
1040
1015
1034
1010
1046
1047
1034
1046
1082
1126
1354
1688
1741
1685
1656
1728
1662
1512
1523
1391
1236
1191
1082
1030
1012
1048
1034
1008
1021
1018
983
998
1008
999
989
1015
1014
1023
1024
995
973
938
973
938
945
955
970
956
968
974
961
940
948
948
951
946
950
936
909
892
962
927
914
945
959
973
977
923
945
945
947
963
956
952
951
872
928
951
945
939
1007
1014
1254
1598
1756
1750
1704
1706
1775
1744
1620
1509
1288
1085
1127
1113
1027
1048
1112
1066
980
1010
1019
1042
1068
1067
1288
1573
1789
1811
1742
1774
1563
1586
1560
1391
1261
1196
1076
1055
1036
1024
1031
1033
999
981
990
976
1012
1059
1306
1590
1702
1645
1788
1682
1703
1679
1606
1451
1184
1061
1038
1019
969
982
1025
982
1014
986
1026
1013
1033
1035
1217
1624
1844
1742
1788
1667
1722
1655
1571
1406
1166
1059
984
956
963
957
954
950
955
950
942
930
936
1097
1263
1464
1636
1687
1685
1643
1627
1616
1505
1312
1199
991
952
949
976
948
930
957
930
897
1001
939
910
946
953
902
918
935
957
900
891
886
899
877
898
874
922
979
860
906
869
901
846
908
935
851
875
853
872
832
855
881
854
860
870
876
874
904
949
851
890
863
858
908
937
916
940
858
930
891
945
945
1162
1498
1840
1745
1792
1708
1687
1622
1666
1485
1173
1025
955
963
1023
986
999
1035
942
952
995
1003
1027
1041
1398
1803
1738
1739
1773
1745
1713
1889
1539
1399
1150
1083
995
999
990
989
990
1007
998
978
1002
961
967
1045
1325
1661
1843
1740
1721
1718
1740
1726
1605
1410
1266
1139
1111
1027
1030
1002
1015
990
995
1017
970
968
963
1102
1236
1635
1854
1746
1796
1756
1736
1733
1582
1352
1124
1084
999
992
959
967
973
857
958
950
885
919
964
1057
1309
1600
1664
1685
1624
1577
1609
1673
1495
1346
1203
1140
1080
1094
1121
1076
1035
994
1019
1052
1036
1071
1020
956
986
957
955
985
968
976
985
965
941
971
986
983
952
1032
929
930
951
912
931
934
941
949
958
969
953
911
964
928
907
934
923
921
914
960
957
927
924
953
906
994
939
960
1000
944
908
980
1042
1083
1248
1482
1701
1898
1583
1685
1774
1715
1668
1520
1353
1185
1027
1063
1036
1013
1065
1033
1047
1032
1040
1079
1075
1193
1398
1700
1777
1856
1701
1750
1709
1715
1612
1480
1272
1218
1133
1076
1026
1042
1040
980
927
1082
1061
1013
1026
1172
1475
1591
1771
1785
1835
1740
1784
1777
1692
1536
1340
1157
1100
1116
1076
1071
1084
1076
1078
1095
1097
1052
1069
1167
1400
1674
1908
1797
1905
1985
1829
1821
1711
1555
1287
1143
1065
1064
1021
1023
1030
969
986
991
1008
981
1005
1104
1342
1663
1811
1751
1766
1703
1697
1709
1544
1338
1202
1082
1005
984
999
983
1021
1044
991
954
1007
1010
968
963
953
922
944
982
942
944
948
932
921
914
898
906
937
921
939
938
971
909
923
938
954
932
930
913
917
914
926
932
940
917
936
949
930
945
973
1006
963
938
908
953
960
926
939
942
981
982
989
1057
1280
1654
1836
1731
1877
1904
1920
1933
1685
1414
1265
1209
1120
1085
1066
1080
1092
978
1051
1181
870
1057
1095
1280
1362
1727
1826
1654
1857
1877
1649
1825
1590
1486
1254
1154
1065
1049
1018
1045
973
1013
1036
1005
993
986
998
1016
1210
1567
1799
1515
1697
1651
1699
1623
1569
1422
1153
1056
1039
949
958
890
901
875
902
870
840
854
898
937
1240
1516
1711
1760
1786
1770
1720
1585
1493
1319
1076
989
970
939
938
913
911
925
951
961
989
982
994
1060
1353
1647
1733
1747
1660
1707
1704
1719
1603
1431
1194
1083
1072
1033
1036
997
1025
1019
1032
1036
1050
988
976
1046
1023
959
959
1033
993
962
1000
974
990
989
948
947
927
943
1004
1018
946
934
951
942
933
924
935
929
951
947
931
940
952
947
939
965
987
917
926
983
1046
939
946
959
944
970
945
938
1063
1055
1059
1111
1362
1629
1731
1797
1795
1729
1742
1723
1747
1411
1250
1153
1120
1116
1127
1098
1087
1080
1063
1049
1041
1064
1101
1187
1424
1698
1781
1962
1922
1920
1805
1786
1674
1522
1228
1151
1089
1058
1115
1046
1014
1041
1016
1002
1014
1001
1043
1110
1352
1730
1788
1806
1806
1777
1788
1877
1709
1505
1273
1174
1166
1127
1122
1066
1061
1045
1060
1079
1097
1103
1087
1084
1547
1667
1814
1816
1885
1804
1835
1743
1660
1529
1223
1112
1073
1066
1086
1038
1014
1039
1018
1011
974
1036
1023
1118
1411
1658
1817
1861
1766
1822
1725
1679
1514
1218
1169
1044
982
1015
1049
993
980
1010
992
970
957
989
947
985
989
948
1113
864
1084
1060
991
973
939
922
920
1116
942
1082
831
883
1136
938
907
927
919
937
986
928
934
935
920
949
1009
961
910
862
898
989
963
980
944
960
937
947
917
943
932
948
992
980
1007
1046
1227
1655
1851
1874
1855
1805
1797
1700
1582
1523
1225
1072
1007
1122
953
951
1174
946
964
985
997
978
977
1058
1376
1743
1911
1761
1772
1738
1820
1687
1616
1437
1220
1027
968
992
1182
975
958
1020
1031
1051
887
984
1160
953
1252
1671
1634
1773
1800
1779
1705
1890
1544
1381
1144
1028
1201
863
1085
1021
1020
999
1000
976
1010
1017
1131
1207
1212
1645
1942
1879
1752
1785
1828
1746
1687
1525
1208
1059
1063
984
1074
920
1202
944
965
1253
970
867
1086
1176
1275
1564
1737
1917
1679
1759
1723
1681
1602
1407
1172
1069
1004
1009
1020
1041
1045
976
995
989
960
958
980
930
974
964
957
1001
917
892
982
945
944
910
947
954
967
913
970
958
948
931
940
914
913
922
868
957
1005
893
968
939
918
957
882
928
940
900
950
927
970
955
957
921
986
932
887
972
1005
990
972
1039
1347
1593
1843
1811
1921
1802
1893
1875
1673
1490
1239
1102
1108
1058
1061
1060
1066
1063
1055
1030
994
1015
995
1190
1508
1843
1920
1776
1704
1914
1632
1819
1694
1505
1232
1140
1050
963
1141
1078
1031
1014
990
1016
1014
1025
1028
1083
1327
1705
1760
1774
1858
1826
1802
1763
1742
1484
1250
1182
1140
1137
1113
1090
1089
1073
1062
1053
1037
1033
1059
1122
1411
1786
1824
1892
1878
1876
1845
1850
1726
1555
1201
1128
1097
1047
1037
1068
1000
964
999
1007
998
1033
1018
1060
1351
1666
1866
1764
1698
1680
1669
1665
1559
1333
1142
1002
939
1173
945
968
972
1065
986
1018
1029
1006
976
949
960
956
953
969
973
964
973
957
936
935
981
971
964
976
954
961
934
939
966
1001
980
920
905
961
949
992
962
993
941
941
996
953
942
970
926
997
957
980
993
951
944
903
913
929
973
991
997
1067
1305
1648
1860
1832
1877
1774
1798
1704
1586
1440
1198
1060
1020
996
1010
1006
994
986
961
968
969
973
998
1048
1343
1673
1741
1757
1742
1742
1748
1679
1546
1354
1167
1047
1024
1053
1005
1000
988
1042
958
989
973
934
957
1020
1175
1483
1629
1633
1693
1579
1522
1451
1239
1016
1180
857
985
914
1137
893
954
934
904
918
968
938
914
889
904
931
930
919
901
901
942
945
901
835
1138
856
831
1085
861
828
894
912
903
906
903
904
898
918
930
935
922
900
926
945
913
933
954
952
921
888
1115
911
882
941
954
926
896
931
889
920
888
898
938
943
942
956
998
935
901
912
922
928
946
1057
864
905
874
928
933
959
924
920
936
904
919
950
958
909
897
908
916
882
885
896
909
905
922
920
894
918
930
920
909
905
927
871
992
856
977
1025
1245
1548
1516
1559
1522
1546
1487
1472
1388
1250
1107
1023
871
1019
891
926
940
957
977
936
959
956
969
1030
1273
1420
1578
1513
1532
1514
1444
1390
1352
1258
1082
1010
970
914
880
938
934
942
933
909
901
956
925
986
1140
1348
1468
1437
1381
1333
1433
1247
1111
1024
1002
937
1080
794
649
622
882
