276
-9
-42
307
432
551
686
951
997
999
945
695
619
530
453
448
412
393
355
186
140
187
174
189
184
272
214
191
-93
-357
-29
116
131
123
193
217
170
196
212
146
24
-38
20
-10
0
-73
-147
-192
-188
-178
-220
-239
-208
-243
-129
-197
-554
-279
-200
-164
-174
-86
-14
19
15
20
44
40
41
-27
-103
-133
-244
-326
-392
-402
-381
-390
-393
-373
-355
-382
-341
-631
-637
-411
-320
-288
-231
-203
-162
-127
-124
-108
-41
-41
-55
-141
-131
-160
-173
-291
-218
-286
-264
-314
-342
-339
-332
-276
-580
-526
-314
-261
-219
-202
-227
-176
-130
-155
-76
-70
-32
77
19
-26
-63
-102
-151
-178
-148
-215
-200
-194
-225
-148
-63
-479
-297
-80
107
272
351
291
185
59
-18
-70
-67
-55
-67
-43
-77
-34
-29
-49
22
62
6
10
44
68
137
17
-413
67
187
227
202
188
201
231
277
294
254
238
228
218
158
88
19
-66
113
382
423
410
388
365
282
323
58
-337
133
234
273
371
442
491
535
526
471
498
352
291
262
243
186
180
103
107
138
134
128
82
56
5
62
-53
-535
-232
-529
-213
78
133
87
22
26
-34
-42
-110
-131
-114
-95
-80
-58
-133
-149
-37
-3
-91
-161
-144
-154
-93
-281
-696
-232
-89
37
536
801
648
457
374
344
228
-51
-356
-445
-654
-630
-551
-510
-487
-434
-473
-448
-427
-422
-356
-271
-315
-841
-369
-229
-196
47
-122
-387
-498
-595
-342
-155
72
173
287
338
500
655
729
683
598
368
179
113
162
64
195
-202
-493
-32
-7
-14
-35
9
-56
47
241
200
73
-49
-1
5
-138
-340
-565
34
423
511
300
208
341
332
353
399
-23
-180
74
186
8
46
-32
73
240
303
446
366
334
352
341
345
408
224
22
84
134
85
66
96
190
312
535
23
-170
226
187
169
154
232
279
323
313
220
116
171
158
422
181
220
230
83
16
-122
-39
201
455
421
223
240
-328
-368
-117
37
-58
-166
32
-114
-93
156
96
137
-36
18
-9
11
-6
38
20
-126
-113
-49
20
-47
-20
-50
-41
-395
-400
-186
-114
-119
-124
-11
36
66
44
99
-39
0
-6
2
-5
-32
-29
-94
-83
-208
-118
-146
-100
-65
-77
-33
-499
-341
-174
-134
-46
-138
-85
-166
-132
41
-86
-71
-104
-60
-172
-122
-96
-184
-57
-153
-53
-108
-48
-115
-132
-17
-52
-592
-154
-7
85
21
207
32
-34
-38
-151
40
-85
38
-206
100
14
-90
-69
-33
-146
-68
-204
62
135
169
332
253
-202
303
451
471
286
213
363
529
584
650
672
617
583
573
660
685
846
739
683
701
678
577
364
295
263
291
193
-400
-29
54
15
-25
66
213
430
570
604
572
546
578
607
585
536
484
467
386
375
433
499
542
485
296
123
47
-403
-181
68
27
98
218
185
357
637
898
962
763
553
360
295
174
124
48
-68
-204
-256
-218
-189
-172
-144
-268
-377
-918
-681
-374
-310
-357
-357
-356
-311
-137
-9
-15
-90
-175
-215
-229
-181
-270
-346
-406
-362
-335
-252
-263
-280
-220
-389
-338
-720
-604
-221
-296
-213
-225
-189
-421
-220
-222
-121
-158
-223
-328
-479
-410
-353
-333
-362
-293
-472
-456
-569
-566
-554
-489
-451
-713
-805
-458
-330
-175
-206
-211
-293
-278
-210
-132
-93
-197
-173
-137
-178
-225
-189
-209
-207
67
-1
35
-93
-246
-138
-239
-560
-528
-189
-14
81
212
-95
-42
1
230
97
-32
161
7
208
379
93
161
41
349
46
187
275
440
201
44
114
27
-280
-253
94
39
244
284
160
262
359
408
352
617
243
530
488
418
398
536
388
346
414
401
352
358
486
328
151
-178
-314
245
130
147
158
275
221
287
187
306
135
96
450
41
78
291
110
84
22
24
-17
97
-114
-89
-112
-28
-239
-582
-282
-191
-12
-45
-8
-101
-18
-61
-94
-124
-223
-193
-79
-36
-237
-223
-106
-144
-215
-291
48
-122
-207
-204
-228
-157
-583
-317
-1
-170
-622
-722
-187
-90
40
21
-27
34
0
83
-162
-4
-98
-102
-184
-27
-164
-283
-126
-278
-110
-93
118
-397
-149
233
317
483
433
349
536
285
391
494
527
562
555
588
516
646
896
578
453
553
435
343
302
368
475
303
88
-122
341
318
245
251
358
326
184
301
222
405
125
572
324
313
171
184
145
135
353
388
541
592
162
155
227
260
63
540
663
444
64
-424
-782
-876
-689
-407
47
-92
-225
-295
-383
-540
-578
-533
-429
-319
-100
-296
-84
-418
-399
21
272
-413
-170
129
263
234
230
-94
363
93
80
128
-141
-249
-157
-51
40
180
253
205
137
73
262
204
305
129
29
92
-265
9
-47
173
220
231
249
165
188
156
149
159
123
166
261
249
416
448
385
371
499
572
678
489
500
862
931
415
638
744
520
472
619
378
498
476
166
452
100
255
462
-61
224
-15
116
297
278
123
449
357
169
310
744
391
314
-443
19
47
265
224
89
-107
-237
-155
-189
-370
-266
-92
-186
-335
-426
-518
-861
-1056
-883
-699
-663
-236
80
104
291
15
-37
481
511
625
640
600
381
219
-209
-285
-338
-290
-282
-281
-216
-230
-530
-568
-668
-636
-566
-488
-506
-465
-510
-444
-426
-767
-671
-498
-413
-144
-149
-20
-141
-199
-232
-261
-252
-130
-52
-13
-49
-76
2
-113
-121
-152
-182
-192
-213
-210
-261
-166
-425
-515
-130
-9
12
0
-24
16
52
-32
-198
-91
-180
-169
-259
-95
-296
-283
-295
-266
-479
-112
-442
-303
-232
-176
-77
-211
-439
-220
3
207
63
22
102
182
126
265
176
304
309
285
359
308
186
-52
-56
84
211
177
61
81
150
138
138
-311
121
401
394
300
366
430
396
319
201
260
202
237
114
230
227
144
183
-25
57
239
165
153
163
139
139
17
-492
-118
63
92
51
86
0
42
38
-78
-39
-110
-53
-140
-93
18
-212
-70
-136
-217
-206
-182
-164
-96
-81
-201
6
-300
-453
-89
-49
90
-11
28
30
-14
21
-108
-110
-63
-92
-4
-82
-118
-69
-169
-180
-230
-132
-112
23
141
225
376
515
-170
62
363
459
590
361
275
237
284
291
239
266
280
288
165
156
75
120
110
92
143
96
51
83
224
197
331
-56
-31
422
499
441
255
174
25
-22
-49
-31
-135
-163
-293
-260
-202
-175
-91
-74
-49
-61
-68
-139
-113
-82
-36
76
-376
-387
-66
8
25
84
74
-14
-96
-144
-98
-71
-135
-198
-200
-219
-479
-571
-122
-286
-765
-669
-730
-759
-366
411
528
268
-274
312
401
-83
-437
-275
-99
14
322
496
598
748
1215
1437
1400
1341
1134
888
483
213
153
-326
-557
-746
-347
466
1380
1924
1987
498
-28
156
359
244
166
28
-497
-1004
-1048
-394
-850
-233
-901
-895
-880
-296
453
817
802
545
303
117
139
1130
831
658
763
537
230
65
-44
-90
-679
-240
155
-134
-525
-597
-411
-166
-66
17
-173
-367
-534
-940
-832
110
404
335
149
-14
-823
-530
-500
-493
-542
-535
-483
-523
-599
-924
-1034
-986
-805
-609
-555
-592
-559
-530
-467
-513
-209
-303
-13
124
48
-67
-33
-619
-355
-189
-219
-293
-239
-152
-28
-34
-119
-205
-288
-228
-251
-233
-178
-158
-109
-51
-18
-65
-58
-55
-29
24
61
218
304
219
1084
1401
1357
1362
1323
1091
823
826
839
989
1232
1773
2047
2047
2047
2047
2047
1844
1391
1354
1017
483
333
459
376
374
-262
39
915
1053
848
855
1076
1480
1774
1832
1767
1138
832
481
515
1080
1305
1073
868
1412
1692
1789
1749
1692
1794
1880
1908
1720
991
1148
832
425
109
-101
-282
-466
-648
-609
-500
-624
-571
61
510
695
637
423
124
119
241
-372
-697
-740
-469
-579
-512
-895
-981
-490
-626
-668
-597
-266
-114
34
-354
-527
-652
-712
-769
-775
-869
-824
-650
-517
-560
-423
-653
-572
-496
-512
-696
-730
-975
-1359
-1034
-718
-661
-584
-719
-900
-972
-993
-935
-1021
-1061
-1033
-993
-842
-479
314
795
862
703
405
225
57
-306
-454
-577
-654
-970
-1149
-1085
-1007
-1039
-1068
-1036
-949
-837
-741
-675
-665
-696
-742
-765
-777
-770
-800
-855
-857
-801
-742
-709
-671
-627
-553
-341
-546
-532
61
90
155
150
141
54
-74
-138
-210
-263
-355
-456
-537
-585
-602
-622
-676
-735
-760
-772
-783
-811
-797
-794
-772
-830
-1082
-777
-699
-599
-503
-461
-494
-494
-500
-487
-473
-459
-458
-452
-437
-428
-402
-335
-391
-374
-388
-413
-447
-446
-493
-657
-700
-899
-818
-633
-555
-662
-619
-619
-470
-194
67
189
145
-209
-316
-228
-170
-240
-74
-26
33
110
111
237
264
347
427
593
617
190
896
1072
1012
1176
1053
1030
955
780
763
696
613
544
599
700
707
694
736
757
781
785
769
873
902
839
760
878
483
162
720
978
1184
1752
2047
2047
2047
2047
2047
2047
2047
2047
2047
1774
-115
2047
2047
2047
2047
2047
1541
829
1602
1684
1229
1188
-100
201
102
74
-26
-59
-35
-70
-112
-107
-129
-167
-210
-404
-249
410
75
-11
-86
-147
-284
297
1009
1807
1918
751
559
108
166
223
25
-192
-326
-419
-528
-574
-507
-417
-372
-525
-631
-570
-567
-604
-521
-393
-361
-171
67
249
347
456
484
920
1247
610
423
120
-60
-78
168
462
257
38
-198
-340
-652
-777
-796
-800
-840
-822
-842
-802
-699
-601
-572
-536
-464
-493
-518
-681
-1058
-708
-608
-535
-509
-505
-513
-494
-470
-461
-487
-519
-521
-531
-510
-486
-459
-450
-522
-469
-458
-460
-420
-339
-321
-419
-440
-762
-834
-523
-423
-348
-294
-308
-325
-365
-388
-403
-403
-423
-427
-420
-440
-325
-134
15
-74
-26
396
811
1056
995
853
999
1007
-275
575
317
-111
-210
-390
-675
-677
-651
-511
-397
-465
-520
-565
-500
-443
-418
-358
-374
-358
-284
-280
-306
-308
-290
-275
-192
-549
-720
-274
-198
-153
-134
-152
-187
-256
-293
-383
-594
-696
-742
-736
-545
-402
-165
-102
-63
-45
34
-15
-100
-183
-205
-230
-452
-861
-496
-175
-96
-113
-177
-244
-365
-353
-185
-6
52
8
73
68
50
36
261
468
318
298
302
305
333
356
347
349
-276
-225
159
230
272
346
462
497
509
444
396
396
359
322
397
407
448
459
338
394
394
376
376
402
349
257
234
-110
-403
47
180
265
326
386
408
404
418
420
410
328
251
230
190
204
206
167
80
118
184
139
107
98
112
128
166
-462
-60
130
90
77
77
132
210
286
362
252
106
-13
-76
-25
-85
-206
-268
-408
-492
-642
-609
-649
-646
-649
-686
-632
-661
-727
-208
6
346
589
803
990
1156
1164
905
584
195
-140
-405
-422
-285
-102
132
249
316
340
71
-147
-458
-571
-403
93
5
559
641
630
468
346
324
384
437
468
504
467
418
416
441
439
526
583
530
558
623
657
723
605
616
534
721
-11
360
674
748
835
805
784
794
816
750
728
613
535
500
516
522
552
443
338
291
369
247
144
151
258
296
266
-346
309
330
383
357
303
203
230
253
397
487
540
679
835
1035
1175
800
605
276
229
306
460
608
679
445
322
345
-388
-509
-464
-461
-426
-459
-450
-420
-385
-533
-595
-716
-793
-737
-694
-625
-721
-850
-683
-203
-112
-49
296
63
-218
-229
-248
-475
-674
-676
-349
-287
-257
-252
-304
-273
-219
-317
-353
-401
-419
-438
-365
-306
-285
-239
-254
-304
-229
-187
-144
-122
-125
-105
-31
-28
-320
344
1281
805
648
571
555
599
621
571
460
421
313
299
309
291
308
294
210
159
126
64
94
138
205
201
243
-111
-219
79
128
106
150
140
115
58
-16
43
111
186
78
-8
-64
-124
-162
-286
-353
-435
-391
-435
-426
-392
-286
-274
-630
-873
-518
-431
-439
-374
-405
-467
-440
-495
-525
-576
-627
-704
-764
-790
-803
-833
-843
-949
-902
-871
-852
-860
-880
-861
-860
-840
-1168
-1061
-898
-848
-808
-787
-761
-746
-707
-726
-754
-820
-824
-813
-933
-945
-831
-738
-669
-652
-618
-561
-514
-487
-476
-461
-439
-410
-630
-650
-363
-282
-224
-222
-202
-182
-192
-211
-231
-287
-367
-385
-377
-364
-323
-291
-288
-297
-228
-182
-129
-91
-27
27
85
8
-308
196
563
964
1113
934
659
598
548
697
417
1931
2047
2047
2047
2047
2047
2047
2047
2047
2024
2047
2047
2047
2003
1905
2002
1693
856
1235
1140
974
742
486
274
20
-212
-465
-292
-97
-35
230
322
405
504
777
1073
1492
2047
2047
2047
2047
2047
2047
2047
2047
2047
2047
2047
2047
1616
1354
1212
1111
1008
727
597
448
383
222
98
36
104
12
-192
-396
-468
-573
-631
-609
-603
-666
-701
-1125
-764
-682
-611
-534
-318
-259
-269
-208
-257
-217
-269
-242
-229
-263
-167
-140
-179
-208
-212
-177
-119
-82
-177
-250
-379
-561
-738
-1225
-1097
-892
-839
-922
-978
-945
-910
-865
-805
-751
-747
-578
-744
-736
-711
-741
-678
-491
-844
-740
-645
-650
-614
-552
-516
-554
-532
-1074
-1030
-927
-1217
-1164
-805
-856
-650
-405
-318
-432
-508
-548
-568
-578
-578
-670
-703
-761
-859
-805
-726
-733
-712
-717
-635
-652
-708
-1112
-917
-743
-686
-634
-570
-513
-504
-496
-531
-544
-544
-504
-566
-572
-597
-615
-652
-664
-699
-687
-582
-415
-311
-395
-397
-355
-346
-676
-520
-313
-247
-240
-230
-232
-273
-280
-299
-114
-121
-224
-132
-49
-3
-92
-19
162
11
81
223
237
216
204
66
296
385
72
15
682
910
758
482
529
585
701
755
734
735
689
698
766
806
859
920
792
803
895
1119
1321
1444
1689
1934
2044
1764
1034
420
746
866
942
929
917
1209
855
779
864
797
848
1092
934
1323
1790
996
907
737
683
601
525
423
396
309
319
354
-2
-236
3
106
101
76
60
123
50
23
65
56
-23
-40
30
-109
-143
-111
-173
-244
-290
-300
-279
-293
-400
-246
-467
-373
-666
-812
-507
-464
-408
-400
-382
-380
-363
-351
-362
-359
-370
-399
-403
-408
-405
-426
-361
-396
-470
-494
-406
-384
-392
-403
-422
-389
-536
-839
-546
-405
-361
-339
-318
-324
-276
-228
-178
-137
-166
-180
-177
-205
-198
-185
-142
-172
-122
-30
49
79
86
66
108
201
-168
-276
23
128
163
156
108
102
130
90
77
54
12
-18
-17
-15
-7
3
12
-66
-79
-50
-34
-21
-30
-35
-49
-12
-299
-391
-91
-9
23
45
64
66
66
57
53
26
40
23
21
1
-7
15
0
-26
-36
-18
-6
-20
-29
-35
-35
-31
-238
-481
-154
-61
-56
-31
-5
5
35
50
67
74
44
3
-9
-1
2
-5
-16
-65
-90
-39
-24
-11
-27
-57
-72
-43
-202
-517
-166
-45
9
42
39
28
91
94
115
138
95
30
19
7
-2
-12
22
72
168
71
118
202
306
415
328
244
176
-280
-13
193
417
452
672
622
981
1002
793
705
597
627
633
506
483
617
561
562
442
465
580
512
346
230
232
314
432
-44
498
996
1267
1235
959
804
719
739
994
1016
897
863
856
822
761
791
783
825
846
785
732
687
699
648
509
405
564
-51
318
653
685
660
609
407
318
251
203
156
62
-40
-109
-148
-191
-169
-168
-170
-219
-254
-198
-229
-222
-249
-287
-300
-297
-733
-611
-390
-335
-284
-273
-311
-318
-346
-290
-265
-296
-331
-339
-369
-366
-389
-418
-407
-453
-453
-434
-432
-436
-411
-406
-395
-364
-615
-718
-424
-326
-314
-292
-252
-237
-179
-126
-58
-37
-25
-46
-15
-20
-66
-111
-120
-237
-248
-220
-235
-207
-201
-218
-232
-185
-490
-565
-251
-159
-148
-114
-110
-103
-148
-164
-162
-182
-204
-246
-258
-263
-283
-302
-296
-360
-314
-274
-259
-256
-243
-201
-157
-153
-629
-257
12
157
221
312
272
364
494
668
578
310
311
260
245
102
-272
-1016
-1112
-1117
-1007
-782
-748
-592
-444
-357
-396
-586
-620
101
344
300
142
153
281
367
407
279
88
210
207
203
182
274
315
486
347
209
117
148
119
147
169
-35
368
200
-401
-87
47
94
114
171
139
143
104
118
85
13
-64
-121
-200
-224
-244
-274
-261
-271
-210
-143
-90
-79
-59
6
7
23
-438
-261
-51
15
30
83
78
94
118
174
185
181
118
104
76
46
38
25
-33
-43
-69
21
131
242
288
283
275
223
121
-385
-62
39
44
76
58
56
88
100
163
182
148
83
93
81
96
108
79
70
31
90
97
125
197
187
202
220
23
-339
48
165
179
226
260
252
264
224
157
52
-62
-141
-174
-119
-41
32
130
103
-12
-20
12
15
-4
-45
-57
-2
-108
-431
-78
48
76
109
90
105
153
238
355
400
343
288
277
224
198
189
173
144
85
89
155
183
164
194
176
157
74
-404
-64
102
155
207
287
279
251
264
230
239
181
135
83
72
23
19
28
21
-56
6
42
75
91
88
122
147
-50
-484
-112
12
62
82
51
64
73
107
119
115
47
-4
-19
-52
-69
-109
-139
-246
-308
-291
-176
-143
-155
-135
-132
-107
-127
-593
-206
-62
-5
-34
-32
-59
-26
7
20
50
75
35
20
8
-28
-33
-35
-25
-67
-56
-8
57
84
103
83
112
170
-54
-376
72
194
212
212
198
190
212
186
200
196
177
166
168
191
222
254
208
211
130
161
185
168
190
182
128
180
167
-431
-117
151
181
168
201
190
178
179
159
158
134
83
51
11
-45
-149
181
608
440
275
322
51
-8
-48
-145
-247
-365
-315
-81
334
505
455
435
340
47
-116
-156
-264
-144
129
423
314
189
256
47
-187
-306
-385
-324
-16
394
567
367
307
238
-35
-64
-34
-116
-151
73
465
620
350
380
304
49
5
-121
-198
-262
-148
254
564
529
250
283
56
-146
-230
-300
-330
-367
-130
296
389
128
121
94
-288
-384
-420
-456
-536
-439
-139
260
304
153
198
62
-119
-134
-157
-215
-305
-161
211
459
355
180
232
108
-82
-96
-111
-152
-164
-9
277
523
332
231
276
127
27
8
9
-20
-14
196
600
822
582
432
478
183
118
86
24
-69
-77
153
652
816
579
532
540
199
149
67
-4
-68
-64
292
736
792
554
529
473
146
-21
-155
-256
-323
-201
109
582
620
345
446
103
-86
-146
-194
-297
-336
-142
363
722
481
208
304
38
-126
-167
-273
-323
-397
-360
-13
207
187
6
61
-14
-266
-356
-474
-525
-564
-453
-78
267
188
91
75
-85
-328
-369
-548
-704
-705
-587
-244
242
232
206
359
341
-40
-226
-289
-349
-384
-390
-170
276
277
-32
-57
-90
-483
-481
-703
-839
-869
-728
-506
6
-158
-298
-227
-447
-413
-639
-630
-790
-861
-701
-100
549
523
278
76
-34
-448
-573
-382
-192
-279
-234
-24
88
178
231
227
303
9
-240
-276
-164
-27
-156
-69
168
97
-208
-340
-482
-654
-644
-644
-705
-442
-606
-530
-158
278
283
141
-25
-207
244
1056
1898
1813
1128
596
-602
-166
-367
56
361
266
58
107
395
584
626
848
1138
1439
1151
756
707
628
411
267
211
142
70
178
567
969
944
819
875
654
265
160
159
115
-72
-24
318
619
579
359
426
452
252
183
148
100
14
31
296
601
616
384
356
306
-10
-121
-187
-210
-225
-273
-147
128
164
-148
-117
-123
-349
-434
-482
-493
-475
-429
-176
383
676
567
487
395
106
-158
-329
-330
-324
-537
-484
-144
225
73
-38
55
-21
-252
-349
-388
-459
-601
-606
-354
103
148
-131
-91
-22
-300
-422
-365
-379
-442
-481
-234
135
502
98
-77
12
9
-57
-143
-224
-260
-320
-153
168
420
416
342
234
236
-229
-201
-171
-82
-341
-459
-348
32
317
342
293
426
274
268
337
145
58
-81
-55
175
259
196
271
166
-107
-154
-220
-184
-146
-337
-455
-159
82
134
-32
192
163
-158
-112
-205
-423
-449
-598
-529
-383
-135
-216
-198
-360
-520
-671
-693
-641
-647
-581
-545
-454
-345
-242
-217
-311
-334
-317
-279
-232
-191
-68
19
-12
-70
-48
-15
-26
-60
-73
-51
-37
-22
-125
-137
-124
-62
-38
-150
41
-28
-415
-281
-147
-163
-242
-255
-450
-437
-418
-255
-60
-82
-232
-259
-211
-72
-20
182
257
595
702
686
693
612
683
376
221
-367
-205
-33
-103
-141
-206
-478
215
142
22
-31
-3
-64
-78
-77
-17
-32
141
299
241
348
383
412
484
524
548
678
536
249
713
801
811
777
752
701
626
586
614
648
657
656
719
815
897
1364
2047
2047
2047
1932
2047
1318
1217
1507
1289
1082
1156
1238
1535
2047
1975
1663
1604
1587
1222
1462
2032
2047
1796
1982
2006
1615
1356
1352
1190
749
431
253
71
-126
-66
371
571
220
165
190
-153
-297
-392
-488
-608
-649
-479
-72
-8
-277
-299
-276
-580
-740
-830
-882
-947
-1023
-845
-465
-427
-713
-760
-785
-1052
-1143
-1182
-1208
-1237
-1201
-963
-594
-584
-816
-760
-749
-997
-1167
-1267
-1328
-1393
-1381
-1230
-881
-808
-977
-942
-942
-1152
-1197
-1235
-1265
-1327
-1160
-901
-503
-370
-587
-582
-523
-676
-748
-741
-724
-725
-732
-570
-150
113
-117
-164
-166
-368
-532
-621
-674
-634
-600
-387
-12
233
64
22
79
12
-183
-224
-272
-322
-384
-324
-47
218
121
-33
-44
-77
-341
-454
-596
-623
-592
-500
-206
216
327
134
110
148
-76
-268
-452
-598
-626
-634
-432
-46
201
76
132
252
96
-49
-138
-184
-242
-321
-448
-240
-136
-393
-416
-353
-173
-200
-239
-108
-103
-252
-231
193
785
567
397
291
260
-16
-131
-184
-162
-191
-72
146
30
-212
-664
-513
112
312
588
871
1009
979
907
1066
1367
1315
859
835
733
578
410
199
104
43
110
204
333
364
379
353
390
457
477
478
458
357
324
120
-410
-124
227
349
460
546
503
520
539
512
436
391
358
255
303
291
300
363
313
287
302
292
299
333
399
354
473
122
2
279
293
296
256
253
264
244
265
235
240
180
168
172
57
-2
254
606
535
319
286
16
-50
-140
-195
-277
-423
-268
113
396
330
177
142
132
-63
-235
-357
-413
-413
-171
198
325
113
153
140
-29
-180
-253
-285
-367
-376
-90
262
265
81
96
102
-171
-248
-307
-348
-381
-354
-56
175
-50
-300
-305
-248
-499
-607
-682
-736
-684
-586
-256
111
163
-142
-128
-74
-268
-362
-362
-341
-402
-306
-14
390
397
207
200
195
-46
-141
-158
-189
-240
-253
-53
383
480
251
238
232
21
-97
-149
-172
-245
-222
5
395
508
306
289
326
138
30
-123
-141
-216
-243
-113
313
512
338
298
308
154
89
-14
-117
-19
-73
130
684
1061
766
559
609
491
330
191
269
176
26
101
506
750
562
332
248
262
35
-109
-132
-248
-328
-281
-7
386
512
240
210
263
30
-106
-212
-239
-259
-307
-343
-67
378
401
204
187
188
-237
-292
-292
-300
-342
-415
-259
165
542
398
243
198
149
-183
-300
-371
-430
-496
-405
-34
393
386
154
167
117
-169
-317
-434
-447
-484
-507
-385
4
324
147
71
28
-1
-293
-310
-394
-444
-435
-354
-329
-258
-179
-146
-144
-84
-34
29
-28
-6
-56
-25
28
-17
-6
-10
4
-29
57
10
-459
0
197
163
176
157
86
131
157
169
152
94
120
117
139
28
-73
-49
-39
36
-42
-14
33
105
155
-267
-34
150
182
162
157
144
172
200
196
163
170
123
110
120
39
48
386
881
745
474
482
242
86
-39
-161
-282
-353
-246
245
654
547
315
121
171
-73
-263
-378
-437
-460
-272
295
469
222
114
65
-61
-347
-354
-396
-493
-451
-264
264
403
145
122
143
-26
-252
-306
-374
-430
-418
-233
245
421
132
59
65
-94
-252
-332
-373
-421
-354
-210
233
533
288
230
123
-28
-255
-363
-378
-402
-441
-252
204
561
381
217
187
143
-105
-277
-294
-363
-369
-338
-16
436
502
341
356
316
-3
-198
-224
-243
-297
-311
9
506
662
384
218
261
-70
-121
-161
-128
-154
-139
5
378
626
405
280
355
163
-97
-208
-245
-175
-47
-99
-84
27
19
-28
15
111
67
54
59
57
16
19
26
38
-13
36
19
-20
30
-18
-20
-18
-44
-138
-16
-221
-434
-6
111
62
128
156
233
266
229
251
181
88
-56
-11
113
42
11
-12
-21
-25
103
84
-43
43
61
-129
-361
10
160
218
255
213
175
167
145
169
136
196
288
222
145
37
286
752
864
440
408
221
-35
-149
-230
-332
-348
-124
492
800
750
494
376
317
20
-196
-269
-349
-281
-40
419
560
359
278
288
150
37
-61
-130
-26
-202
40
440
610
491
542
577
327
161
108
143
114
-7
190
720
857
491
329
348
145
-108
-248
-267
-291
-372
-247
199
478
288
156
119
-2
-181
-251
-291
-327
-358
-222
208
371
192
69
78
-16
-205
-176
-192
-314
-373
-245
158
399
315
176
121
33
-153
-214
-225
-232
-278
-214
159
467
347
171
171
106
-159
-299
-362
-418
-474
-431
-143
238
160
-24
-6
-55
-299
-382
-426
-445
-459
-385
-42
373
364
253
378
365
190
51
-82
-143
-176
-61
357
730
766
570
577
550
177
-81
-186
-203
-241
-245
-20
407
513
257
160
218
63
-147
-305
-365
-377
-469
-407
-32
279
165
30
70
-11
-294
-381
-431
-459
-515
-415
-7
378
339
59
39
14
-246
-313
-404
-451
-525
-509
-163
307
465
214
139
119
13
-138
-214
-233
-261
-360
-247
115
412
294
163
202
176
-122
-251
-275
-379
-336
-283
-249
-238
-210
-145
-125
-79
-131
-153
-129
-76
27
72
33
0
1
5
9
-97
-435
-23
51
56
17
-32
-42
-53
-61
-14
30
80
94
112
71
70
55
-18
-48
-85
-41
27
28
26
-388
-18
112
113
82
66
77
90
64
10
-4
1
19
43
-98
-132
-132
125
548
587
268
338
111
-29
-72
-159
-266
-357
-163
402
733
632
520
474
465
214
-32
-206
-317
-382
-248
136
398
179
59
94
-4
-186
-192
-296
-388
-454
-249
189
544
448
430
509
331
78
-73
-135
-299
-367
-235
129
389
208
31
119
151
49
68
-51
-77
-98
0
390
696
556
352
387
240
-150
-109
-97
-42
-18
47
441
845
794
547
477
402
160
-25
-97
-145
-180
-176
164
641
822
661
690
713
440
208
151
153
169
252
574
1220
1577
1347
1118
1037
826
472
252
159
57
-37
53
374
697
589
325
283
304
19
-150
-237
-284
-276
-191
102
659
752
452
291
154
-34
-233
-289
-332
-393
-465
-232
379
729
608
432
540
451
152
-52
-153
-193
-206
-111
339
774
800
610
670
776
470
213
-41
-212
-321
-391
-460
-456
-450
-440
-490
-502
-495
-485
-418
-372
-386
-425
-338
-326
-248
-178
-111
-46
-17
-97
-162
-229
-250
-288
-383
-359
-364
-261
-76
-54
-40
-49
-184
-292
-445
-815
-360
-231
-224
-180
-140
-122
-189
-218
-206
-189
-142
-125
-175
-240
-328
-461
-520
-569
-621
-645
-654
-630
-607
-570
-612
-828
-536
-447
-428
-439
-399
-352
-295
-189
-13
30
3
43
21
-51
-214
-293
-76
262
69
-191
-194
-377
-458
-490
-540
-602
-628
-477
-28
234
165
-23
-26
26
-80
-175
-205
-199
-64
280
775
760
395
322
295
127
-38
-96
-102
-111
-2
316
634
564
265
279
250
78
-26
-94
-79
-164
-73
243
567
454
182
134
39
-164
-263
-311
-336
-304
-177
220
670
675
461
381
305
66
-80
-144
-200
-217
-123
259
664
528
296
197
143
-85
-232
-290
-295
-351
-256
86
498
479
328
183
83
-126
-199
-245
-271
-303
-259
-9
340
315
95
41
22
-110
-144
-200
-259
-249
-235
-60
335
426
200
166
154
39
-113
-176
-222
-236
-245
-70
427
698
581
446
446
381
172
80
-27
-90
-170
-76
397
747
691
434
377
373
103
-46
-84
-169
-173
-104
163
588
667
369
269
280
86
-98
-161
-183
-219
-270
-87
387
585
408
192
247
86
-63
-164
-198
-206
-95
-114
-58
45
-1
41
19
7
11
62
62
27
12
61
1
-9
-15
-6
-49
-89
-100
-58
-42
55
-269
-253
82
175
184
192
166
95
142
90
58
60
8
26
19
32
-5
-27
-34
-121
-151
-88
-136
-118
-104
-417
-457
-167
-65
-64
50
73
284
172
96
51
-22
-39
-32
-73
-109
-204
-163
365
574
230
139
67
-150
-212
-298
-371
-449
-346
-5
420
442
141
117
62
-82
-332
-334
-410
-394
-176
335
421
100
71
88
2
-193
-279
-328
-357
-269
64
760
763
461
301
228
-3
-81
-173
-228
-254
-190
139
687
658
373
180
106
-52
-25
-222
-267
-311
-270
57
552
516
256
108
176
-44
-166
-236
-236
-242
-171
116
522
553
286
239
196
-17
-99
-131
-138
-159
-154
129
569
647
386
264
267
108
-52
-101
-109
-113
-148
8
466
674
533
380
439
353
123
46
-14
-71
-172
-77
342
717
559
335
271
176
-86
-157
-207
-215
-228
-119
288
642
587
353
339
326
108
-69
-149
-155
-170
-116
261
653
591
337
322
295
93
-18
-96
-131
-177
-158
119
582
606
327
266
250
7
-161
-258
-358
-354
-361
-137
314
473
262
141
111
-80
-292
-385
-421
-453
-465
-298
184
469
221
127
144
68
-127
-211
-327
-416
-458
-303
128
556
452
250
230
110
-235
-342
-412
-420
-464
-394
-19
460
450
180
147
151
-80
-201
-289
-307
-349
-298
-225
-176
-154
-122
-113
-45
7
48
26
47
11
-8
32
-5
15
25
16
34
55
133
187
212
325
286
322
378
384
389
435
530
587
734
308
351
717
757
745
758
766
778
812
853
888
842
841
833
864
886
752
705
661
576
538
547
547
570
556
510
-175
208
296
228
175
208
242
348
356
317
303
333
344
313
204
14
-92
277
622
394
281
295
9
-121
-244
-364
-474
-473
-241
306
491
233
98
103
-48
-382
-466
-556
-621
-456
-49
111
-39
-130
-108
-224
-468
-592
-620
-707
-639
-246
100
71
-207
-155
-245
-516
-640
-707
-760
-768
-593
-161
127
-82
-253
-230
-253
-453
-573
-600
-639
-593
-401
-8
79
-96
-150
-84
-244
-430
-501
-517
-544
-424
-1
402
361
117
120
24
-235
-348
-436
-439
-460
-342
-23
471
532
330
230
211
-68
-290
-385
-454
-507
-479
-266
182
295
57
15
5
-263
-426
-411
-433
-454
-465
-238
238
439
174
-13
-29
-158
-384
-459
-500
-502
-564
-436
-31
301
158
-14
0
-59
-339
-414
-416
-460
-548
-510
-137
294
318
63
21
6
-261
-444
-503
-547
-590
-636
-417
30
203
-71
-158
-142
-315
-598
-651
-649
-697
-753
-559
-19
311
131
-14
-82
-237
-514
-628
-667
-706
-732
-638
-294
85
-60
-226
-215
-221
-445
-585
-621
-570
-571
-529
-471
-395
-335
-323
-302
-282
-277
-238
-225
-200
-210
-221
-241
-245
-230
-211
-184
-180
-152
-115
-126
-103
-88
-121
-145
-116
-104
-102
-51
-456
-170
88
138
111
147
142
150
161
131
82
41
30
-4
-4
-38
-36
-3
25
42
70
132
176
194
238
47
358
403
414
432
420
418
389
363
330
321
338
343
328
302
188
320
853
1089
703
697
599
273
190
140
80
14
118
520
946
972
727
662
648
536
210
112
25
-5
268
813
1075
813
770
768
714
433
374
273
242
253
683
1187
1232
939
879
869
553
313
233
184
161
264
647
1121
1124
832
809
834
572
398
320
269
199
224
547
966
1024
768
739
731
430
255
131
101
61
107
389
806
927
672
1113
440
349
359
349
330
357
382
534
779
749
472
86
140
-52
-232
-204
-225
-361
-475
-317
69
254
115
-228
-167
-285
-449
-553
-596
-623
-660
-495
-104
40
-124
-275
-286
-344
-561
-655
-693
-697
-696
-685
-657
-649
-664
-607
-555
-529
-514
-500
-503
-475
-452
-420
-392
-371
-397
-386
-402
-409
-502
-452
-480
-442
-472
-479
-492
-477
-463
-532
-485
-434
-366
-461
-454
-394
-434
-360
-665
-421
-237
-184
-189
-166
-173
-180
-174
-122
-154
-198
-231
-145
-141
-218
-181
-225
-115
-178
-112
-162
-72
-76
-39
-308
-244
-37
50
74
54
101
137
115
185
141
121
64
79
79
-37
-162
63
532
654
503
582
472
455
248
173
121
-170
60
387
890
692
523
342
230
384
-3
-46
-151
-172
60
516
676
448
577
867
551
208
76
90
33
158
484
811
669
480
499
596
428
280
414
226
28
407
867
1067
895
617
604
648
446
436
491
460
233
358
803
1034
752
590
587
471
199
86
50
-34
57
156
656
792
583
436
489
372
86
-81
-70
-141
-174
119
621
804
621
503
434
366
83
-51
-99
-158
-217
-83
361
607
459
394
320
238
-110
-216
-294
-304
-384
-248
264
582
389
202
103
-206
-496
-620
-692
-751
-810
-566
-423
2
-253
-310
-321
-423
-543
-701
-492
-700
-794
-749
-442
33
-132
-418
-894
-347
-218
-159
-284
133
159
235
300
253
164
153
94
-54
-112
-33
-159
-177
-258
-238
-295
-198
-194
-16
-68
-96
-134
-152
-159
-183
-193
-253
-137
-146
-230
-284
-268
-183
-180
-162
-94
52
-367
-158
11
44
100
104
155
159
208
304
480
494
453
442
254
61
57
67
40
-26
-22
-29
-29
-50
-199
-445
-110
-37
-39
-29
-32
-47
-13
-4
-11
-24
-37
-60
-60
-127
-243
-127
372
628
344
297
220
-72
-157
-282
-379
-443
-308
119
506
502
311
242
192
7
-282
-357
-425
-438
-160
277
366
110
82
27
-179
-365
-457
-493
-500
-397
-6
354
237
41
60
37
-238
-332
-382
-399
-460
-353
74
441
252
97
137
39
-198
-288
-340
-374
-408
-243
160
380
149
15
7
-62
-265
-345
-381
-393
-414
-312
13
340
230
56
76
59
-154
-225
-253
-268
-305
-221
141
482
316
320
351
364
92
-66
-167
-188
-226
-199
196
748
624
370
297
226
-23
-164
-221
-238
-295
-253
122
531
493
242
204
153
-114
-210
-354
-269
-348
-351
-6
464
505
210
183
191
-16
-181
-256
-284
-313
-299
-6
432
517
268
215
190
19
-174
-269
-304
-348
-439
-221
197
413
166
68
69
-37
-269
-320
-344
-353
-336
-307
-250
-228
-193
-187
-136
-82
-33
-24
16
1
-25
-17
10
9
7
22
42
100
137
89
-278
149
233
231
211
194
192
248
230
233
203
173
159
71
75
80
39
23
33
47
79
126
-26
-249
162
276
287
284
271
280
291
271
268
240
223
238
232
155
36
111
593
928
654
505
486
236
99
-42
-144
-217
-250
8
496
691
532
366
340
284
8
-153
-241
-348
-384
-112
323
381
180
156
159
2
-176
-263
-289
-336
-297
69
455
424
181
120
90
-128
-264
-326
-382
-410
-401
-64
402
371
150
108
96
-122
-271
-325
-341
-368
-324
-10
392
372
179
128
124
-149
-259
-327
-337
-360
-304
12
425
371
168
175
196
24
-107
-160
-190
-214
-189
119
574
623
432
342
335
100
-73
-172
-183
-233
-224
52
488
659
414
324
317
179
-8
-140
-180
-167
-204
15
480
695
506
344
322
184
-53
-170
-196
-207
-243
-92
353
687
542
371
384
332
50
-74
-122
-162
-249
-167
280
683
559
290
292
287
-49
-175
-258
-253
-231
-202
-141
-80
-62
-43
-14
18
37
53
25
56
50
40
50
46
60
-11
-8
44
37
42
42
45
40
59
-111
-420
12
112
135
122
151
159
214
203
190
153
103
84
56
-46
-40
-1
-2
9
21
33
52
70
-62
-364
31
93
111
124
115
155
159
162
130
87
76
62
47
-43
-176
-106
300
580
406
295
285
22
-85
-194
-287
-362
-368
-119
318
499
325
185
187
158
-126
-264
-315
-405
-397
-121
291
384
178
190
181
-13
-172
-255
-301
-359
-306
62
414
310
147
149
119
-123
-244
-299
-330
-426
-304
81
416
323
165
189
167
-98
-206
-251
-274
-329
-228
136
396
275
150
179
154
-51
-173
-210
-291
-327
-204
133
396
287
144
173
161
-64
-160
-194
-209
-244
-173
179
474
398
227
239
205
-22
-128
-196
-278
-304
-235
40
387
442
283
256
256
61
-80
-149
-202
-250
-272
-76
327
482
338
258
248
120
-89
-246
-287
-290
-343
-241
135
451
378
223
239
192
-68
-199
-276
-312
-369
-305
20
421
428
250
224
242
-5
-215
-272
-257
-263
-227
-175
-125
-96
-51
-25
-2
8
26
32
16
16
9
17
24
14
25
59
-10
-17
22
41
19
46
40
37
41
-29
-408
8
130
158
158
166
194
196
201
178
146
96
81
3
-30
-37
-13
-20
-17
2
23
35
39
-368
-149
69
131
126
142
158
177
180
192
130
116
89
74
-5
-89
-103
148
568
604
357
385
197
-6
-117
-209
-286
-325
-136
336
588
436
309
307
261
-23
-124
-236
-314
-310
-62
316
443
276
246
264
108
-59
-156
-201
-253
-241
36
438
503
283
236
225
43
-107
-184
-296
-312
-296
-94
350
520
324
250
240
77
-108
-203
-245
-301
-333
-106
313
434
275
186
208
68
-116
-234
-274
-286
-312
-148
266
532
351
251
262
151
-64
-186
-220
-253
-315
-141
293
534
376
253
261
177
-98
-261
-288
-288
-364
-263
152
504
432
246
248
196
-64
-193
-271
-311
-395
-317
54
410
323
157
159
102
-163
-249
-261
-293
-353
-324
-32
411
505
289
248
245
34
-152
-227
-278
-331
-375
-153
292
482
307
151
163
74
-136
-220
-268
-280
-250
-205
-151
-122
-97
-78
-58
-54
-49
-44
-27
-13
-18
-34
-40
-52
-122
-107
-82
-88
-75
-67
-48
-84
97
48
-260
295
399
370
330
344
360
350
400
363
298
241
233
179
146
143
112
82
83
86
90
92
88
-387
-26
116
139
125
115
141
160
152
128
109
72
64
19
-31
-113
-119
161
586
546
303
304
99
-88
-209
-305
-374
-415
-256
204
552
449
234
238
182
-104
-256
-359
-419
-429
-254
217
463
264
139
125
11
-216
-320
-349
-398
-363
-44
394
476
254
159
172
-2
-144
-263
-283
-301
-288
14
478
655
416
270
249
90
-134
-223
-231
-284
-228
6
442
609
323
204
207
100
-131
-196
-167
-158
-151
-6
446
678
434
328
265
125
-80
-133
-189
-178
-221
-61
439
632
423
262
255
61
-157
-219
-204
-247
-293
-153
353
600
426
300
272
143
-3
-69
-123
-189
-264
-111
364
620
512
309
207
67
-157
-273
-350
-375
-415
-269
158
518
398
178
152
109
-184
-307
-389
-397
-464
-393
-11
405
396
107
125
144
-89
-265
-323
-332
-282
-245
-199
-147
-85
-61
-68
-60
-41
-30
-12
-8
-12
-33
-66
-79
-139
-118
-107
-128
-105
-121
-80
-65
-26
-206
-462
-116
-20
-55
-46
-12
18
52
52
47
9
-13
-70
-144
-138
-128
-146
-124
-106
-76
-36
3
-69
-474
-36
73
76
98
92
132
174
152
135
125
95
101
47
10
-84
-75
278
702
527
360
368
96
-64
-184
-275
-347
-357
-152
384
648
480
335
322
257
-43
-195
-284
-308
-283
-1
473
625
412
388
372
140
-53
-144
-186
-223
-171
233
668
602
384
373
339
54
-127
-200
-178
-231
-167
252
665
617
390
358
291
11
-157
-223
-272
-310
-243
147
536
499
297
228
220
-108
-245
-261
-287
-311
-264
52
481
536
294
220
194
-47
-213
-272
-306
-330
-332
-36
402
500
283
206
98
-54
-207
-286
-320
-325
-358
-210
253
521
334
176
174
79
-161
-268
-326
-345
-421
-338
8
359
273
56
47
76
-176
-265
-324
-325
-381
-362
-130
268
382
159
123
107
-69
-234
-287
-337
-369
-417
-257
104
260
139
87
104
-25
-214
-289
-328
-316
-288
-243
-214
-188
-159
-152
-125
-107
-86
-46
-22
-23
-7
-56
-84
-75
-61
-78
-79
-47
-22
10
32
1
-396
-30
63
69
92
78
107
129
164
155
132
99
39
-28
-21
-10
-41
-12
-11
19
64
124
-150
-128
178
248
259
260
283
311
344
357
334
312
320
270
230
199
101
276
776
1025
634
558
460
167
60
-82
-163
-204
-117
332
803
774
516
418
368
135
-72
-174
-192
-184
-62
396
791
603
418
386
270
-6
-125
-183
-196
-198
63
553
693
438
318
275
121
-108
-208
-236
-226
-257
-23
446
680
418
243
190
46
-171
-227
-279
-281
-290
-73
385
550
318
163
149
5
-249
-269
-245
-268
-272
-93
366
613
365
212
191
46
-157
-202
-260
-262
-305
-148
288
554
366
141
138
-19
-268
-316
-331
-347
-381
-308
101
454
397
192
133
55
-181
-300
-370
-402
-452
-366
-79
354
337
177
23
-2
-152
-255
-327
-309
-322
-329
-71
382
509
286
210
144
-14
-223
-293
-339
-403
-445
-256
210
528
164
109
-149
-477
-488
-646
-587
-668
-571
-472
-417
-358
-290
-264
-241
-200
-156
-87
8
253
625
541
60
-12
-433
-399
-258
-59
13
112
112
46
5
56
136
233
-53
-344
37
116
116
144
204
285
249
236
214
187
226
212
139
99
55
25
41
62
58
47
31
15
14
8
-36
-6
50
57
80
104
115
140
98
-397
39
211
229
217
198
222
232
230
188
135
100
91
82
57
-139
-90
425
763
454
320
306
-18
-153
-266
-382
-458
-439
-160
374
495
226
122
135
-58
-274
-378
-448
-477
-424
-24
413
283
89
106
41
-266
-374
-421
-445
-474
-294
206
490
256
123
167
34
-203
-290
-345
-389
-416
-228
356
569
311
239
253
7
-220
-323
-367
-393
-391
-147
352
524
274
171
180
0
-188
-253
-303
-335
-376
-62
523
652
386
339
342
97
-42
-83
-80
-72
-35
344
869
975
704
616
621
437
239
181
139
51
46
404
903
1030
740
622
589
394
152
52
22
-16
-19
232
710
918
642
557
535
285
162
130
88
116
183
330
727
1016
828
573
513
437
115
-39
-105
-19
-97
34
470
1010
930
733
717
756
700
627
321
256
81
-30
95
776
787
411
188
89
-112
-432
-448
-557
-629
-756
-477
-138
278
403
50
135
19
-266
-295
-344
-321
-633
-605
-279
103
13
-102
-90
-213
-362
-724
-759
-667
-848
-842
-589
-196
55
-241
-13
-101
-237
-559
-674
-629
-657
-682
-575
-186
106
-34
-109
-104
-186
-444
-548
-584
-642
-690
-618
-228
224
83
-89
27
82
-177
-343
-440
-528
-656
-844
-832
-804
-588
-685
-891
-985
-1027
-594
-421
-462
-470
-510
-415
-508
-694
-446
-98
668
760
545
716
1050
796
627
325
485
36
-206
53
91
80
80
154
114
132
83
12
-59
-100
-137
-144
-142
-117
-70
-61
-36
-20
-15
-17
-43
-49
-90
-101
-86
-66
-19
-37
142
100
163
134
108
109
105
121
136
160
160
242
-82
-64
308
378
380
367
353
336
363
353
316
251
216
206
175
131
-12
111
660
911
574
493
470
172
-12
-78
-122
-172
-57
347
926
1116
830
723
676
448
150
26
-40
-110
64
620
902
644
528
542
393
77
-37
-118
-166
-204
76
584
726
384
316
428
154
-42
-145
-195
-259
-273
-8
458
619
348
270
305
92
-163
-234
-272
-331
-320
15
514
560
244
135
186
-25
-218
-298
-335
-373
-343
-20
486
491
156
134
127
-186
-380
-444
-500
-578
-532
-209
307
253
-52
-121
-126
-318
-492
-500
-502
-555
-482
-115
354
365
73
47
70
-147
-269
-316
-366
-411
-402
-100
416
424
150
82
82
-113
-326
-381
-379
-398
-424
-238
308
574
273
157
128
-2
-256
-346
-397
-422
-489
-302
214
534
317
116
120
65
-241
-337
-384
-391
-357
-297
-266
-245
-228
-198
-150
-100
-151
-128
-101
-92
-93
-140
-149
-177
-178
-171
-182
-136
-162
-466
-375
-42
29
12
-11
9
44
85
72
47
20
-14
0
-94
-89
-93
-87
-122
-117
-100
-49
-25
2
-435
-80
118
144
150
118
134
138
154
167
156
139
159
162
131
-22
26
495
892
613
457
518
216
63
-26
-111
-190
-229
93
669
841
615
459
480
374
52
-87
-141
-189
-116
251
746
713
464
493
451
167
-3
-64
-123
-157
-51
462
844
636
405
366
215
-64
-162
-221
-257
-288
-209
222
689
614
321
290
264
-44
-197
-267
-304
-374
-260
116
599
507
202
163
187
-61
-260
-318
-334
-313
-327
-31
420
556
261
185
158
-18
-232
-285
-302
-340
-327
-74
389
568
287
174
191
71
-151
-202
-238
-272
-297
-129
401
670
426
314
321
258
-29
-160
-210
-250
-318
-266
94
619
642
384
346
334
63
-128
-241
-278
-315
-337
-122
462
696
435
315
327
201
-105
-218
-280
-334
-402
-295
237
685
505
267
315
313
-40
-238
-313
-360
-409
-397
-81
505
616
288
215
227
44
-221
-331
-381
-413
-362
-320
-263
-217
-188
-192
-148
-155
-106
-25
-55
-19
-61
-44
-50
-78
-62
-79
-20
-221
-364
40
134
151
147
180
155
144
96
60
25
22
4
40
48
69
68
68
-10
-4
17
15
31
3
66
92
142
34
-321
122
187
205
185
170
219
256
256
216
219
177
158
137
17
-72
268
726
636
396
428
210
-16
-149
-220
-326
-405
-249
232
662
484
268
312
240
-71
-225
-326
-364
-380
-195
265
578
322
203
232
143
-134
-212
-249
-332
-431
-195
335
519
308
179
206
108
-163
-262
-294
-322
-377
-224
173
497
302
172
201
158
-91
-225
-253
-277
-334
-225
200
531
405
175
176
172
-58
-220
-264
-248
-282
-226
159
688
815
616
589
619
465
233
112
-45
-172
-237
-20
510
659
381
268
285
184
-89
-187
-219
-253
-315
-161
368
648
425
264
286
162
-138
-214
-238
-297
-362
-238
252
647
492
259
267
234
-77
-244
-308
-342
-408
-344
39
473
415
173
160
164
-80
-256
-320
-338
-430
-435
-66
384
342
109
77
103
-128
-314
-377
-402
-438
-468
-279
170
397
143
39
80
-24
-262
-349
-384
-394
-391
-346
-341
-316
-267
-228
-213
-172
-156
-142
-150
-155
-173
-199
-230
-208
-203
-197
-183
-162
-148
-117
-90
-76
-93
-113
-114
-111
-113
-106
-88
-49
-61
-63
-33
3
-18
-30
-52
-79
-50
-152
-434
-23
108
140
144
168
158
143
115
76
49
3
-11
-5
5
6
19
20
-45
-24
4
-10
8
24
29
38
75
-56
-375
43
160
149
151
164
191
207
192
159
120
92
64
27
-98
-172
109
612
612
245
307
197
-64
-169
-264
-374
-440
-236
306
640
451
278
294
230
-111
-263
-350
-429
-364
-14
432
422
176
224
244
-13
-166
-213
-259
-390
-283
203
523
336
174
208
183
-116
-223
-268
-306
-344
-180
277
570
374
226
256
195
-53
-139
-171
-232
-281
-76
396
561
330
203
199
124
-136
-232
-286
-317
-349
-189
274
512
239
136
159
96
-154
-242
-289
-339
-389
-225
255
531
286
115
126
60
-195
-278
-310
-316
-346
-194
336
743
580
371
361
348
0
-87
-99
-150
-235
-143
328
677
569
326
300
257
87
-35
-64
-41
-89
-28
337
743
708
503
425
432
278
83
15
-139
-229
-241
74
484
514
283
200
-274
-582
139
174
49
180
-202
273
957
1259
817
768
839
556
208
199
-63
-172
-181
30
465
692
436
258
178
68
-240
-396
-490
-558
-620
-567
-146
332
292
71
74
184
-32
-217
-309
-350
-354
-410
-402
-420
-592
-702
-961
-917
-909
-872
-355
86
-114
-287
-221
-166
-81
-108
-254
-259
-206
-112
-145
-59
-158
-221
-263
-291
-327
-329
-348
-346
-330
-457
-600
-294
-217
-216
-200
-184
-172
-151
-128
-127
-149
-166
-170
-163
-174
-164
-160
-154
-154
-131
-120
-128
-110
-101
-82
-77
-62
-44
-37
-13
26
67
108
134
146
142
143
132
74
90
112
125
137
154
164
205
64
-164
216
325
349
333
327
358
384
411
430
413
388
363
319
238
91
151
580
911
641
465
504
291
108
-1
-110
-195
-179
91
548
731
483
353
415
428
142
24
-52
-132
-25
390
789
699
548
592
581
330
187
99
25
-21
221
676
896
654
584
755
590
352
314
238
137
143
432
842
848
614
513
479
246
51
-61
-108
-217
-177
131
525
436
241
161
229
39
-78
3
-68
-44
46
392
735
608
404
331
353
83
-4
-46
-48
-148
-10
365
595
476
305
319
214
-47
-210
-231
-311
-329
-127
221
443
212
78
123
95
-149
-277
-297
-360
-375
-242
165
274
28
-119
-127
-194
-413
-466
-472
-498
-504
-337
78
238
73
-26
57
262
52
-85
-255
-472
-545
-392
33
188
-7
-52
7
-42
-274
-339
-377
-409
-449
-321
-34
147
-58
-123
-80
-85
-241
-277
-257
-310
-379
-291
55
300
198
-30
72
72
-147
-362
-415
-433
-481
-397
18
139
98
-45
-45
-71
-278
-391
-420
-415
-467
-372
-24
270
121
-73
-77
-67
-317
-406
-436
-451
-502
-456
-143
236
231
53
-6
23
-130
-284
-325
-345
-388
-363
-135
258
331
167
118
150
79
-154
-197
-216
-234
-256
-91
299
474
279
177
247
161
-59
-140
-175
-176
-193
-4
423
658
462
355
375
291
77
-26
-78
-98
-161
-80
345
650
480
259
239
217
10
-146
-180
-216
-245
-210
67
485
522
336
288
307
216
-16
-107
-163
-210
-248
-4
447
561
350
254
278
191
-81
-120
-137
-175
-247
-116
282
549
404
320
339
331
127
-13
-101
-189
-289
-181
228
576
460
296
269
266
39
-109
-167
-232
-312
-316
-41
397
441
253
194
206
129
-116
-160
-245
-259
-302
-114
317
524
352
231
235
227
48
-50
-89
-137
-203
-64
351
677
592
405
460
443
222
107
60
13
-57
-28
262
616
615
469
464
459
325
145
107
107
100
130
171
225
200
193
156
126
186
165
123
132
108
72
47
64
39
-4
24
-15
2
18
16
33
75
-30
28
53
83
60
-2
-2
-220
-255
21
65
111
207
132
177
209
200
151
131
109
62
36
28
41
-68
-99
7
61
107
131
137
187
194
165
135
55
-24
-144
-446
-658
-664
-321
-36
212
227
222
340
425
462
382
318
351
344
330
328
344
340
353
283
1
493
620
654
686
762
839
961
1140
1386
1460
1536
1598
1642
1584
1325
1114
827
668
505
321
398
458
448
304
174
22
-87
-82
-63
-91
-96
-138
-133
-182
-264
-326
-360
-363
-384
-448
-465
-511
-551
-567
-582
-602
-625
-612
-586
-579
-583
-636
-665
-711
-750
-788
-816
-828
-882
-887
-892
-907
-925
-930
-945
-952
-945
-961
-970
-974
-976
-980
-991
-999
-992
-988
-1001
-991
-981
-959
-946
-940
-933
-927
-894
-878
-863
-858
-845
-817
-794
-776
-764
-743
-727
-702
-672
-658
-645
-607
-595
-575
-552
-535
-502
-458
-520
-535
-410
-363
-334
-323
-297
-251
-217
-184
-177
-179
-182
-174
-172
-152
-130
-118
-98
-88
-72
-69
-54
-52
-39
-14
14
31
33
48
66
92
-22
22
142
167
208
238
241
257
282
278
248
238
227
217
204
174
276
488
515
371
392
308
208
157
117
84
86
144
367
506
345
268
260
212
96
53
39
42
163
420
371
252
284
288
180
145
115
93
112
326
598
436
344
386
338
192
163
154
132
150
294
592
541
446
500
492
319
266
262
242
241
372
661
688
555
546
543
374
298
270
239
226
257
496
786
606
574
563
510
363
319
270
254
251
361
716
749
568
552
567
432
326
290
264
232
250
433
765
703
574
578
593
417
349
275
248
223
285
569
801
636
501
507
454
240
136
75
38
13
63
360
577
371
270
249
184
-5
-71
-129
-180
-190
-60
306
340
92
23
14
-89
-234
-290
-312
-337
-336
-212
92
158
-53
-93
-70
-178
-292
-339
-377
-429
-409
-183
124
68
-131
-130
-110
-265
-374
-407
-424
-450
-435
-277
48
56
-133
-129
-110
-254
-350
-387
-410
-425
-399
-189
182
112
-90
-109
-77
-246
-326
-349
-367
-383
-351
-182
185
220
41
54
112
-8
-148
-182
-183
-210
-191
28
418
400
180
181
210
78
-38
-74
-97
-120
-84
134
544
635
418
350
417
338
190
130
96
50
70
274
670
694
425
357
364
241
72
3
-28
-50
-45
136
542
568
359
346
310
225
112
50
25
-13
5
214
655
667
374
326
335
185
55
29
13
-10
10
228
600
576
399
399
404
265
163
122
90
48
88
330
664
584
408
422
472
289
136
72
65
17
53
283
605
576
399
371
324
187
94
47
-2
-32
-34
182
572
542
315
306
293
147
-14
-55
-76
-118
-89
102
492
497
246
206
222
111
-18
-51
-80
-119
-92
99
507
522
298
235
222
79
-61
-123
-151
-176
-193
-87
242
468
251
133
128
90
-117
-189
-238
-289
-309
-266
-71
203
76
-47
-75
-112
-266
-324
-354
-353
-353
-336
-201
166
192
-36
-87
-90
-170
-272
-295
-319
-336
-340
-242
63
173
-36
-120
-121
-153
-296
-327
-340
-353
-363
-331
-140
121
-5
-91
-78
-86
-182
-217
-246
-271
-306
-289
-151
28
-76
-168
-161
-150
-231
-252
-249
-253
-260
-247
-181
9
-20
-132
-141
-129
-179
-220
-216
-208
-222
-232
-163
41
3
-126
-151
-165
-197
-259
-276
-277
-282
-284
-251
-82
-58
-178
-208
-208
-235
-269
-283
-285
-292
-305
-301
-228
-218
-287
-307
-310
-330
-344
-345
-346
-349
-340
-330
-278
-258
-292
-285
-270
-281
-298
-295
-299
-300
-304
-296
-255
-233
-253
-250
-259
-263
-265
-259
-250
-245
-237
-233
-196
-141
-170
-178
-166
-167
-177
-185
-177
-168
-167
-165
-141
-85
-93
-81
-65
-48
-49
-26
-11
6
20
30
59
109
89
94
108
113
112
114
120
130
133
148
227
336
247
199
193
197
192
192
194
198
202
202
220
277
306
281
282
277
269
254
242
245
246
241
246
283
310
262
249
235
236
223
211
207
204
200
207
225
264
232
214
205
200
184
170
171
163
152
150
164
253
210
172
174
167
152
137
136
134
126
114
150
207
179
142
145
128
112
84
78
61
89
78
128
241
287
211
188
190
183
140
122
116
114
107
110
108
114
119
124
121
116
120
119
122
129
135
134
133
128
137
142
147
164
178
172
171
162
156
141
131
133
142
123
142
157
157
165
175
172
167
155
132
120
121
106
90
79
76
62
44
32
23
7
4
-2
-2
-8
-2
-1
-8
-10
-13
-11
-16
-16
-10
-21
-23
-29
-40
-48
-53
-55
-57
-63
-71
-72
-79
-84
-85
-86
-86
-88
-85
-89
-93
-92
-87
-91
-94
-104
-103
-115
-126
-135
-134
-133
-128
-141
-144
-151
-143
-144
-143
-132
-129
-135
-126
-115
-115
-102
-89
-81
-76
-68
-78
-94
-95
-102
-93
-122
-109
-101
-97
-85
-135
-153
-71
-40
-36
-18
10
21
46
68
52
51
8
-15
-24
-32
-33
-41
-52
-50
-56
-45
-36
-34
-27
-21
-31
-12
3
1
8
30
56
76
86
88
107
128
145
151
177
207
220
206
200
202
205
196
199
202
206
206
224
223
222
225
216
209
211
231
225
246
264
292
283
270
275
235
202
211
216
234
250
236
3
178
304
335
342
351
373
420
476
502
491
446
390
352
325
308
302
310
325
352
352
345
330
312
290
304
277
210
212
226
237
219
219
231
215
223
121
-93
123
225
231
238
243
256
261
269
244
189
118
68
24
-66
-60
271
664
422
251
254
14
-112
-160
-208
-271
-237
43
520
534
268
200
123
-79
-250
-317
-349
-256
183
400
148
98
102
-20
-219
-289
-330
-353
-196
284
317
74
59
31
-230
-316
-343
-364
-376
-266
148
332
102
32
6
-147
-277
-332
-370
-381
-243
201
281
78
34
15
-182
-301
-355
-387
-404
-322
66
340
148
30
19
-87
-219
-272
-339
-395
-324
23
378
199
79
83
25
-232
-311
-346
-380
-371
-176
231
198
12
19
17
-174
-286
-333
-382
-402
-287
63
231
71
-18
-7
-156
-313
-377
-411
-446
-403
-92
288
122
-53
-67
-92
-312
-405
-425
-435
-460
-353
74
374
95
-46
-30
-101
-340
-401
-444
-482
-503
-394
-10
222
-41
-90
-75
-177
-355
-404
-433
-447
-428
-228
258
292
-7
-49
-57
-195
-321
-362
-373
-383
-353
-63
412
359
89
32
35
-103
-216
-252
-271
-304
-226
182
686
527
288
309
276
13
-98
-145
-176
-198
-94
339
760
509
336
347
329
68
-19
-53
-94
-157
-22
457
814
570
431
498
454
151
33
-17
-81
-122
6
431
753
456
368
445
381
99
11
-18
-22
-63
120
747
1064
666
549
519
312
20
-66
-148
-179
-161
10
553
825
553
349
323
172
-77
-156
-196
-222
-238
-65
537
764
419
390
426
161
-22
-118
-179
-187
-173
113
655
653
292
244
296
109
-110
-212
-210
-207
-130
225
796
918
599
635
594
346
27
-109
-191
-248
-265
-41
493
584
290
195
227
113
-160
-225
-262
-301
-344
-160
312
540
213
91
92
2
-251
-328
-354
-379
-424
-302
192
479
173
7
-28
-51
-260
-331
-358
-385
-422
-307
179
552
320
169
77
20
-285
-389
-404
-413
-435
-350
104
484
182
-53
-24
-33
-247
-315
-341
-365
-402
-241
289
621
270
79
113
24
-258
-332
-330
-338
-383
-267
218
587
340
167
176
177
-78
-184
-198
-232
-275
-165
247
629
389
210
188
157
-116
-245
-301
-320
-338
-283
111
567
413
193
178
129
-97
-216
-266
-297
-348
-298
66
647
654
321
275
233
-3
-236
-320
-336
-357
-348
-78
455
571
260
206
216
64
-179
-237
-280
-313
-332
-112
465
653
346
202
229
134
-149
-256
-353
-326
-320
-291
-260
-211
-191
-165
-109
-83
-52
-34
-31
-9
-20
-35
-43
-47
-32
-15
30
42
76
82
96
96
99
53
39
32
18
24
24
23
28
27
20
30
3
-56
-78
-98
-126
-144
-160
-150
-151
-142
-141
-150
-186
-242
-271
-314
-337
-347
-336
-336
-285
-628
-474
-252
-167
-161
-158
-149
-146
-129
-166
-234
-284
-315
-334
-373
-393
-398
-413
-415
-424
-413
-409
-384
-372
-375
-375
-372
-381
-392
-397
-425
-429
-395
-379
-365
-357
-356
-351
-356
-333
-375
-356
-325
-309
-294
-264
-230
-176
-318
-474
-144
-52
-42
1
54
113
176
232
226
188
124
100
43
-84
-91
408
1047
776
470
488
250
12
-95
-188
-279
-212
249
947
1033
704
684
691
510
176
35
-57
45
581
1136
939
764
820
750
385
232
118
13
115
642
1266
1157
909
907
922
556
363
258
148
131
470
1077
1180
867
805
796
542
264
120
48
-42
50
537
1217
1089
826
792
715
384
196
71
4
-66
111
753
1305
1001
783
765
600
167
-5
-62
-98
-133
136
839
1240
916
743
747
679
297
135
74
-11
-50
275
986
1196
833
662
679
473
121
-24
-76
-137
-131
204
860
1031
716
638
648
473
157
22
-45
-148
-130
235
812
799
534
480
492
197
-110
-193
-222
-317
-281
148
692
684
423
352
354
81
-185
-319
-391
-485
-419
99
570
426
158
148
95
-241
-470
-580
-655
-731
-659
-140
339
220
-36
-73
-125
-413
-585
-687
-765
-837
-743
-251
175
-34
-242
-235
-310
-642
-807
-868
-879
-915
-750
-229
151
-64
-260
-233
-233
-514
-652
-682
-696
-763
-644
-188
115
-66
-237
-238
-246
-517
-606
-635
-649
-693
-556
-126
226
74
-80
-45
-30
-244
-366
-404
-416
-459
-408
-74
335
269
65
61
54
-179
-344
-397
-418
-464
-409
-44
478
491
268
221
230
54
-191
-286
-335
-385
-405
-121
477
612
341
241
207
28
-273
-401
-450
-498
-518
-212
441
658
398
248
253
148
-194
-300
-333
-387
-461
-200
410
706
437
300
294
124
-255
-393
-434
-476
-503
-234
376
622
370
235
267
236
-108
-232
-287
-293
-296
-254
-212
-162
-127
-93
-74
-43
-39
-12
-2
0
-25
-38
-74
-77
-97
-106
-100
-102
-79
-72
-45
-32
-29
10
-496
-251
-6
73
107
168
225
301
313
265
168
67
8
-56
-86
-90
-66
-50
-7
18
32
33
22
7
-6
-35
-56
-56
-48
-35
-28
-23
-10
-22
-28
-62
-58
-63
-46
-44
-20
-12
57
-434
-188
21
70
51
43
80
134
176
173
120
65
5
-53
-96
-232
-294
72
584
478
174
174
14
-276
-408
-527
-629
-682
-431
205
460
228
102
86
14
-385
-552
-600
-634
-536
-40
482
290
178
174
67
-303
-429
-492
-533
-551
-229
441
571
311
214
250
20
-264
-341
-388
-432
-391
51
637
627
362
319
295
-32
-212
-290
-400
-451
-306
243
740
616
402
426
379
28
-136
-174
-182
-237
-58
527
846
616
475
486
414
62
-61
-116
-160
-215
27
639
922
656
505
514
391
-10
-104
-136
-194
-235
81
672
893
591
470
419
218
-110
-217
-255
-305
-296
60
683
821
504
419
403
177
-90
-167
-196
-268
-322
63
720
741
436
382
340
39
-207
-296
-335
-378
-323
61
660
694
401
335
350
122
-132
-217
-264
-313
-333
-45
589
679
380
300
293
98
-172
-258
-288
-327
-329
-11
580
759
466
362
400
302
3
-97
-132
-197
-264
-45
497
720
459
327
337
245
-56
-179
-222
-261
-330
-154
324
691
532
342
358
357
20
-121
-161
-192
-270
-200
260
735
562
310
325
305
-28
-229
-303
-347
-407
-368
-20
554
648
356
286
212
71
-172
-250
-283
-336
-401
-152
425
719
412
285
255
69
-278
-401
-434
-484
-512
-220
411
599
303
207
214
77
-237
-344
-382
-436
-488
-265
347
577
287
174
186
-5
-302
-371
-417
-470
-513
-323
208
607
406
212
224
173
-168
-309
-354
-381
-445
-345
155
548
326
142
142
119
-216
-358
-412
-431
-429
-400
-354
-307
-279
-251
-225
-197
-210
-172
-174
-179
-192
-204
-215
-217
-219
-214
-210
-212
-204
-198
-184
-197
-202
-218
-237
-241
-255
-276
-274
-260
-241
-237
-223
-221
-228
-238
-242
-242
-293
-266
-231
-220
-200
-181
-156
-99
-166
-567
-147
-27
0
17
20
40
65
74
32
-16
-52
-77
-104
-118
-131
-151
-146
-127
-100
-97
-79
-57
-18
-18
0
-9
-70
-62
-30
-29
-10
2
23
49
50
-391
-24
121
150
149
173
217
283
306
269
207
139
86
38
-64
-133
183
801
700
394
440
198
-44
-159
-277
-381
-397
-106
544
725
406
344
336
133
-185
-311
-355
-400
-253
351
730
419
337
351
192
-115
-250
-302
-403
-370
50
713
712
436
403
391
54
-169
-242
-272
-322
-214
367
840
574
366
402
317
-70
-200
-248
-300
-349
-141
513
879
579
384
401
316
-54
-185
-218
-255
-285
-64
561
798
495
361
382
203
-70
-138
-167
-204
-214
83
688
876
576
466
490
338
24
-88
-128
-170
-217
-6
605
876
534
416
418
273
-71
-154
-188
-255
-351
-87
595
912
593
453
470
316
-69
-168
-191
-215
-279
-62
560
897
532
390
416
247
-108
-225
-256
-298
-342
-134
557
959
635
421
456
370
-34
-200
-256
-305
-371
-237
419
874
556
374
389
266
-154
-269
-307
-322
-366
-178
494
959
613
391
445
378
-41
-204
-257
-301
-381
-214
408
827
537
234
284
284
-118
-262
-292
-325
-388
-233
339
833
609
352
363
349
-34
-214
-269
-289
-372
-295
246
721
468
235
242
186
-199
-342
-392
-444
-522
-427
133
735
533
233
171
215
-156
-371
-429
-449
-511
-466
-25
670
636
272
244
186
-178
-440
-518
-543
-595
-577
-196
538
653
298
208
213
22
-341
-494
-532
-539
-605
-407
219
731
414
221
211
73
-344
-483
-527
-552
-627
-485
104
708
527
269
273
266
-79
-292
-371
-410
-470
-474
-146
493
620
327
231
231
33
-261
-361
-386
-428
-373
-333
-281
-226
-171
-118
-82
-51
-26
-2
0
-25
-50
-67
-69
-76
-85
-87
-84
-77
-55
-41
-27
-43
-58
-78
-89
-100
-106
-92
-85
-124
-126
-61
-41
-29
-34
-35
-37
