34
8
-13
-31
15
95
-92
-66
-13
64
24
48
27
-29
20
-33
-31
6
-17
50
0
29
23
16
20
-14
-51
11
-11
65
59
5
-136
-6
31
-84
-37
49
39
21
21
10
46
-7
2
-61
-51
-77
-16
109
-12
-89
99
12
-53
-2
53
31
-18
-45
14
19
-69
11
144
82
2
20
-33
-123
-76
67
60
20
48
26
17
18
-14
-100
-33
46
12
26
-11
-61
24
59
17
-29
-23
-49
6
-12
5
48
-29
-9
-38
-97
-97
-110
10
103
134
18
-56
-37
73
67
-23
-4
-49
-47
-23
-1
26
145
20
-69
-71
-9
119
14
-43
-61
10
44
-40
-27
136
-2
31
55
13
-50
-160
27
0
-34
46
12
-13
-16
8
76
-21
-48
-19
17
32
15
-6
-56
-12
35
1
-48
-28
-5
-50
3
120
20
-110
-138
72
128
53
-5
-75
62
-38
-56
87
-40
-20
117
-138
-28
37
51
-6
-25
-12
-92
-33
46
53
-37
57
130
0
17
-7
-28
40
-41
-51
-1
-13
-50
118
37
-58
-128
-25
-9
23
46
52
-43
-3
-34
-82
-107
-54
52
-11
30
66
-28
-42
136
36
-8
-48
-40
14
-27
-18
-42
93
160
207
210
-55
-126
-80
-62
3
-87
31
139
-51
-91
14
100
147
99
51
-255
-196
-11
97
-70
24
16
74
37
-16
16
-65
-135
-32
93
-30
38
-43
-147
-61
-35
10
197
266
-164
-181
66
-32
111
87
-68
-125
9
88
-155
-53
83
-5
73
121
62
-135
-80
61
-26
-95
-89
137
175
18
28
-131
-77
65
83
-182
-24
56
136
-69
-40
96
20
-25
-162
65
-100
39
136
-38
-103
176
7
-47
119
-32
-145
-68
49
-1
43
-90
32
40
17
-104
-43
37
51
60
50
-73
-23
6
47
140
29
-188
-149
-115
89
192
69
-76
-105
-32
135
45
113
-143
-95
78
88
-6
-149
-55
17
-54
-93
106
121
22
-230
3
11
92
81
-16
-107
-35
64
95
-105
-45
105
91
0
-210
-153
-110
-18
147
-126
82
195
118
-107
-176
-168
125
251
154
65
-189
22
32
19
-119
-15
33
123
10
96
45
-82
-28
81
-15
72
-20
49
105
-41
-152
-167
25
115
116
-20
-81
-148
-89
-68
55
-29
90
44
34
11
3
138
-83
63
-159
82
131
-39
-60
-24
-269
34
-27
73
24
135
43
-58
-72
-40
57
-26
-14
198
-47
-43
98
52
-70
-154
-129
-29
66
241
95
-56
121
-7
69
-188
-254
-22
51
-105
-7
-67
88
167
8
67
63
-111
-161
14
67
62
-34
-64
5
189
238
-192
-158
-119
-147
47
241
128
81
-66
-13
233
69
-88
-230
-116
-33
134
265
-60
-78
-9
-23
-12
-57
-252
-44
168
132
234
118
-35
-12
-123
-67
-186
-150
9
181
152
33
153
-9
-49
-11
-82
-74
-98
64
3
-53
-159
-178
-132
-5
62
73
-140
-49
43
22
25
82
121
-24
-47
17
166
285
74
-109
26
62
-38
-321
-186
44
263
263
46
-141
-185
-9
123
126
25
78
-76
-25
-273
-170
-26
-12
-70
-67
60
115
193
-33
-180
-23
76
147
157
102
-52
6
-55
138
-75
-112
85
28
110
16
40
76
81
-89
-286
56
68
157
-153
-223
-53
121
-27
-54
3
51
145
42
-58
19
-16
-192
-160
-88
6
32
60
182
27
-41
-21
128
-11
-86
-48
-171
-41
78
265
-65
-100
-45
-62
274
-44
-170
-143
-330
-160
53
180
86
-7
-99
-164
-1
27
33
31
0
-2
49
50
187
-136
-41
71
-70
-87
56
68
71
40
100
205
20
14
73
-44
-162
-83
-33
-51
-91
-46
90
74
131
122
30
-105
-60
-14
60
3
25
128
228
51
-141
-35
-52
-92
-80
-64
-38
-56
-129
-35
138
202
-36
-35
-72
126
161
225
-272
0
-43
116
152
81
128
63
-210
-144
-77
-52
-30
-92
-241
112
143
199
2
10
-6
-20
77
38
-60
-239
-216
47
157
101
75
49
-227
49
29
-10
-11
32
-14
55
251
-58
-224
-163
-37
119
59
-16
70
222
-6
-203
-172
-12
151
52
143
24
-229
-96
-58
-13
-37
-17
-143
-140
132
143
243
-41
-169
70
136
207
-40
-184
-144
-19
169
172
23
-49
71
-221
-110
-61
-45
-117
-116
161
107
-52
-132
-12
17
176
-48
-31
90
47
-46
23
-186
-123
72
124
66
145
214
-30
139
-40
-116
-72
-136
-104
1
69
-21
55
-32
-1
-29
142
79
-64
-68
53
138
-1
-136
-46
147
-40
5
-39
-50
-73
-4
86
-36
-100
23
-61
-118
-55
75
83
111
183
-65
86
58
-41
-55
-151
-123
96
92
16
-55
-61
-1
18
-48
-14
49
50
3
-103
94
42
111
212
78
-110
-120
20
-25
-103
-163
-34
175
137
-146
-79
-13
-20
20
-72
-205
-8
-104
35
124
296
17
-120
-6
-79
-6
-92
-72
26
20
-319
-100
187
98
139
35
-46
196
188
-228
33
181
-7
-110
34
-28
-21
3
-63
-38
44
-28
-21
-26
-130
-100
-12
24
49
144
11
-34
107
88
-34
37
2
176
7
-100
-242
-125
140
127
131
119
-57
-145
24
49
-78
-88
-107
-27
32
-30
-192
10
144
330
279
-74
-73
-131
-43
52
12
59
-89
-167
-59
-125
160
200
24
-11
27
-145
-129
30
177
97
88
3
-53
11
-31
-42
29
34
62
-36
-121
54
-33
-127
19
-14
73
-120
-90
-101
103
64
135
-11
-59
-26
137
-101
-133
-43
65
-140
-233
39
121
-11
138
10
-97
73
141
90
91
-73
-109
194
16
-69
-12
-42
-95
-43
113
-115
-101
-24
-177
1
28
72
356
245
-65
41
-155
-152
-15
-56
1
-7
-23
13
30
19
292
-86
-59
-25
31
-47
-61
5
-52
-153
62
189
50
-23
0
-58
-150
85
74
78
50
-42
-2
132
-29
-131
-38
-37
-15
5
-26
-110
-14
-127
66
233
39
-132
-79
58
56
12
41
23
-6
-46
-43
-47
88
254
-324
-37
96
87
68
40
-38
-93
16
105
-21
-91
-105
25
24
-13
227
-71
-182
-53
85
-52
-221
34
274
182
-83
-236
17
363
166
-106
-110
3
26
-74
-48
-72
-91
-15
42
28
-159
6
262
188
-98
-76
52
36
-117
-188
169
122
-17
-115
-32
7
-54
-104
15
35
-32
-110
-5
4
-156
17
396
182
-218
-46
-91
104
137
-101
-195
45
156
77
197
-129
-111
-27
-37
-51
-54
-44
-41
-86
-195
40
47
223
202
-185
-83
180
38
73
-105
-86
-44
68
24
-1
-83
-72
-65
-52
-22
6
92
-36
-34
87
200
50
-59
0
46
159
-64
-35
-13
-15
63
18
56
4
-34
-63
-133
-286
-23
212
219
-15
-25
-48
41
98
10
42
77
19
-57
-44
-46
-48
-32
-17
-1
163
-38
-63
-47
125
92
-71
-127
-129
32
122
155
-54
-59
5
134
138
-174
-3
71
-104
-99
-128
-258
-133
95
236
27
-105
-11
274
-69
-111
72
118
21
47
-79
-89
-148
-23
18
40
-136
54
159
137
78
-9
-141
-163
155
160
-138
-34
53
54
-91
-129
23
92
-26
11
-65
-209
2
132
164
77
-34
154
33
-140
-18
-61
7
-11
18
-23
-126
-128
-27
34
147
254
160
-75
-39
-30
145
-154
-266
-179
-88
148
39
71
-31
-34
1
-3
49
70
52
56
-22
-88
153
169
-173
-170
-100
194
34
50
24
-99
2
150
-156
-36
-62
40
21
24
-48
16
53
50
-7
-34
132
-19
-266
34
129
196
114
-111
-151
-4
43
-22
-72
220
187
-155
-35
-43
67
-66
-103
-63
-30
37
-15
-99
-34
-67
101
196
96
-51
9
-72
-12
60
-153
-70
-40
-41
-124
-53
98
172
-5
-186
-15
33
84
52
-31
-20
128
151
72
-52
17
185
27
19
-120
-110
-60
-45
-72
-79
-54
-93
-100
-119
106
256
-111
-22
-219
-39
-22
54
197
91
-15
103
121
18
0
-36
-6
-10
-13
-49
-72
-21
-34
-50
-9
-19
-48
-54
-53
109
-76
157
309
62
-70
-17
141
9
34
-58
-31
3
45
-23
-57
-46
-42
-71
-74
-51
-2
-84
-175
-56
240
329
135
-98
73
103
-10
-55
-26
-22
-47
-49
-61
-99
-2
161
273
-176
-27
-119
-192
-137
6
-23
106
124
5
23
67
67
20
-5
38
25
-26
-23
156
242
-202
-99
-2
-2
-198
-212
-40
141
97
-39
0
136
59
9
-80
33
88
206
-27
-22
-51
-39
-1
76
-48
-115
-145
28
-24
-67
-9
-37
-215
-141
-67
124
152
77
-34
-174
7
158
236
238
-15
-63
55
-2
-107
-201
-1
-73
-68
201
81
-29
-122
-256
-257
197
213
120
53
71
-70
-13
53
181
-77
-68
-90
-21
15
-29
-6
31
-15
-116
-99
72
179
197
-43
-279
-127
66
119
77
56
34
-17
-29
-4
-4
167
142
-196
-31
25
-36
-93
-77
2
175
135
-62
-74
-9
-63
-28
26
-88
36
110
86
-24
-67
-31
-25
-7
-59
-78
-70
-7
77
189
6
-334
-118
261
184
100
-81
-49
130
132
-6
0
-12
-21
0
13
-29
-87
-88
-25
3
-23
-19
-30
-45
-32
-95
-25
97
76
130
103
-114
-62
52
151
167
-135
-308
29
20
-42
-50
-80
-79
-24
-63
-38
-19
-44
-66
151
215
104
5
6
64
125
23
41
108
9
7
65
-231
-129
-64
-60
-50
-82
-79
-71
-101
-170
-45
230
336
109
46
14
47
-12
24
57
56
9
-79
-105
-58
-75
-50
-12
18
-33
-114
50
45
200
-87
11
154
-77
118
59
-121
19
64
-53
-70
-43
4
-15
-53
-55
-40
-69
-155
-13
166
208
21
-54
-60
73
71
91
8
5
-54
93
-9
-52
-30
-32
-29
-50
-85
-22
53
-20
-140
-80
167
319
6
-126
-73
125
79
-23
118
126
57
-115
-78
-34
-83
-96
36
89
13
-11
-19
-110
-58
-56
62
104
32
143
-91
-46
-62
-99
106
-1
21
58
52
-103
-36
3
-25
0
-20
-56
-70
-94
-16
2
-10
249
145
-87
-91
-61
50
10
110
-44
85
-2
-34
59
111
-4
-90
-11
-24
6
-24
-104
-143
-92
-10
54
-51
-159
-62
275
304
-109
-159
-186
37
211
113
19
35
-61
-75
-46
13
8
-16
-20
27
26
-11
-18
8
-35
-55
41
-118
90
29
-66
123
79
-12
57
32
32
-7
-79
-17
55
84
-40
-104
-60
12
-40
-54
-8
40
-4
10
-69
-102
44
102
26
-121
70
237
83
-33
-168
-16
82
171
75
-42
0
-95
-96
29
70
63
-162
-60
16
-42
16
-18
-72
-105
164
193
42
5
-62
-10
85
-22
-41
-140
1
78
-13
-112
-86
30
112
-15
-166
-35
33
17
6
128
153
25
-71
-6
-23
-27
74
-6
20
-99
-86
-15
-27
-19
-39
-79
-100
-74
-11
-113
-230
-98
317
217
-111
-43
140
98
46
-19
25
3
13
55
113
-10
-73
-41
47
-55
-72
-39
22
89
101
-42
-103
112
121
28
-28
55
61
-25
-63
23
27
219
-114
21
-1
-26
-60
-66
-118
-73
-39
-32
-157
-50
70
181
223
-120
-149
-126
145
125
-13
-92
45
49
138
243
213
71
-65
-137
-78
40
35
-30
-58
-72
-38
-58
-55
-48
-125
-89
-32
136
54
-139
-22
147
91
-77
24
37
156
91
-115
-106
-1
-2
-46
-77
-66
-17
8
-15
-54
-73
-70
-102
-79
19
-19
198
171
-47
-87
115
109
68
38
6
29
12
-60
-105
-112
-104
-133
-31
72
3
-82
-77
-45
6
13
-75
-48
47
175
279
86
49
86
-34
81
60
13
68
49
-20
-34
-13
-18
-48
-85
-97
-107
-78
-32
-8
-92
0
99
96
-88
64
155
124
48
18
-111
-92
80
62
-34
-35
-36
29
9
-19
-83
-33
24
192
20
-45
34
70
57
-139
71
77
130
4
-31
52
89
24
-81
-183
-131
-176
-335
-127
141
59
-54
-144
-219
23
-23
34
276
-101
-15
22
12
53
-26
103
-39
-8
-7
-9
1
-15
-15
-11
-5
-11
-31
-216
-168
250
366
251
137
-234
15
116
39
174
54
-59
22
-2
9
-53
-2
72
35
1
-25
4
22
-4
-44
-58
-72
-12
117
-126
-162
160
38
-85
210
76
7
54
57
-52
17
-26
73
63
-16
74
2
-102
-59
-42
-118
7
67
8
-30
-84
-82
-38
9
42
-55
-122
-28
50
-78
-100
119
97
94
-24
-12
38
-22
-25
58
98
14
0
-48
-93
6
39
-17
-68
-71
-70
-60
-48
-37
-26
-35
-73
-227
-123
136
163
122
135
60
206
53
74
68
-39
-37
122
13
-44
-28
-23
-33
-75
-71
-40
-45
-69
-85
-82
-87
-108
-181
-149
37
237
186
18
-158
98
116
99
178
138
84
-29
52
94
53
-60
-11
0
-46
-71
-97
-95
-82
-81
-97
-100
-231
-174
210
172
-87
21
104
152
-34
-5
168
1
-9
-34
10
14
30
-10
5
45
-63
-67
0
-1
-23
-56
-58
5
34
-112
-119
-29
4
152
108
69
194
122
34
-60
-77
35
163
14
-44
-77
-25
-21
-42
-98
-149
-11
22
-62
-87
-94
-88
-71
16
6
35
183
-110
51
270
123
-7
18
-3
48
-1
9
-53
-3
-46
0
6
-43
-70
-36
-8
-32
-37
-15
52
233
-97
-144
-163
34
137
136
21
105
185
53
9
39
-2
-30
-43
-40
-10
-69
-22
-19
-46
-91
-23
-44
-64
-64
-49
-31
-20
-8
-29
-73
-37
13
149
10
281
306
70
-34
90
-18
-100
-1
82
191
-52
-158
-69
-7
-7
-47
-75
-85
-93
-83
-67
-48
-116
-131
-9
205
264
-2
-94
104
20
1
18
-107
-81
51
71
0
-46
-85
-93
17
23
-11
-40
-40
-71
-41
46
-40
152
185
99
-49
-29
52
-26
47
93
116
-27
-63
-84
-90
-72
-69
-66
-51
-127
-172
-11
206
92
-108
-40
-166
14
60
19
11
27
62
-6
0
148
42
-86
-92
85
148
69
-33
-55
-71
-67
-55
-33
-2
-1
-87
-11
-62
220
281
1
-11
104
-11
-64
-31
-88
116
136
0
-54
-34
15
-12
14
42
31
38
31
47
42
-19
-159
-35
144
123
158
177
-46
-96
-43
-115
-211
-114
31
-20
-53
-52
-39
-82
-28
88
109
46
-168
-48
57
215
220
-93
-1
55
35
-15
-87
-39
40
92
-103
-82
-110
-189
-152
-54
98
-36
-81
-57
43
88
-75
-91
56
187
221
-56
34
140
99
27
40
-60
35
119
155
77
-117
-133
-114
-89
-88
-96
-91
-97
-81
-60
-38
38
110
-118
-108
101
387
61
123
17
60
-22
-33
1
-56
-43
148
29
7
-14
-38
31
10
-10
-4
-32
-36
9
10
-156
-33
43
-28
-62
-81
7
138
147
26
-29
54
30
-9
-4
-22
-65
-31
-21
38
70
42
-22
-58
-36
-29
-30
7
4
-85
-105
87
59
67
21
-28
11
19
73
78
113
88
-136
-130
-76
-75
-69
-59
-61
-53
-29
-126
-127
136
53
-134
-63
-135
-216
-5
110
-99
-139
-107
-29
70
-105
-41
57
207
151
11
10
24
0
-31
-34
-12
-2
-10
-21
-36
-29
-11
8
-133
-189
72
299
118
-21
-44
43
77
143
158
89
96
154
268
167
141
29
43
102
55
80
54
45
-54
-29
-141
-101
-85
-92
-122
-205
-248
33
258
117
-9
-159
65
134
94
-69
0
156
136
88
41
119
26
27
-51
-38
-32
-36
-56
-79
-103
-107
-114
-87
-110
-136
-113
-14
-24
-7
115
293
36
6
50
77
73
-34
-110
67
68
82
-7
-38
-63
-77
-34
-40
-65
-82
-92
-110
-123
-110
-66
35
-134
-51
16
-20
-66
-71
169
67
132
100
15
-18
-42
110
20
6
-5
-12
-36
-2
75
-10
-2
-35
-33
-49
-68
-69
-71
-51
-52
-50
-28
54
-171
-22
-28
60
120
66
55
39
165
143
35
0
181
173
-7
-48
-35
5
-30
-152
-62
182
89
-80
-14
-53
-39
-21
-24
37
-58
-202
-17
78
210
-16
-35
-72
31
181
198
165
24
-19
-39
-26
-87
-98
-78
-58
-75
-138
-218
-12
81
40
-13
-99
-31
-55
-74
-102
25
74
46
10
-69
221
193
91
74
92
40
106
111
120
-4
-12
-2
-53
-71
-63
-77
-91
-103
-117
-121
-114
-103
-86
-67
-64
-53
17
106
29
-63
155
215
121
118
84
9
104
34
-92
101
109
3
-95
-84
-27
61
95
62
-40
-83
-92
-80
-70
-54
-14
41
69
-108
-46
203
85
45
50
-47
42
178
175
-158
-197
176
138
-26
-130
-251
-83
33
-53
-207
-146
89
49
-38
-6
34
49
101
-48
58
139
18
-10
65
73
168
84
87
65
20
-130
-140
-115
-95
-87
-78
-69
-92
-117
-143
-146
-130
56
115
-125
-59
29
-4
64
68
14
-7
-20
107
122
-4
50
112
41
-78
-71
-53
-67
-68
-80
-76
-60
-40
-20
4
-5
-1
23
68
93
-94
-100
117
332
-49
-93
110
250
122
69
-51
106
97
11
-84
-52
-14
-87
-79
62
-14
-131
-50
22
-3
-57
14
32
27
12
-17
-18
-1
20
14
50
143
-35
18
106
96
142
239
196
61
-32
-48
5
71
-55
-100
-77
-68
-93
-123
-229
-269
-25
6
4
-27
-92
-71
-84
-128
-55
95
-21
19
97
173
204
163
162
115
122
74
66
48
8
-16
-50
-77
-69
-79
-97
-108
-114
-116
-108
-100
-91
-78
-52
-33
-18
-54
-174
-137
180
208
-30
-126
-187
1
133
-50
0
184
338
232
86
34
28
58
80
92
97
22
-31
-65
-88
-101
-110
-117
-116
-126
-122
-116
-101
-73
-54
-41
-25
-11
-34
-157
-74
205
46
110
156
183
170
82
43
24
117
58
-89
57
73
45
-4
-9
-14
-49
-60
-61
-47
-69
-91
-102
-101
-92
-85
-73
-59
-49
-65
-68
-48
23
163
98
-134
53
209
199
58
131
182
134
-16
-24
126
85
-2
-146
-92
25
-73
-82
31
-25
-136
-44
95
19
-20
28
21
-9
-2
-1
13
47
32
7
-7
-6
2
4
7
21
68
7
-102
7
209
261
86
30
146
-34
-44
-61
-243
-217
7
-75
-150
-160
-139
-118
-158
-117
-9
-64
-95
-51
-7
79
54
3
48
39
13
21
69
73
84
68
66
73
109
144
260
-128
-178
149
264
363
135
58
40
-68
-89
-114
-8
92
-36
-151
-241
-228
-23
-79
-167
-211
-112
39
-25
-36
10
-7
-51
-12
-11
-7
10
19
28
38
60
73
138
158
-193
-122
165
138
99
166
145
109
5
-62
52
5
-87
-204
-125
108
14
-111
-240
-134
5
-166
-134
-5
25
-38
-60
52
159
-104
-95
198
161
128
107
117
62
0
-17
18
74
207
82
62
39
-33
-52
-49
-66
-65
-100
-124
-140
-143
-133
-120
-111
-82
-69
-51
-50
-33
-11
30
49
2
-35
-23
201
186
75
308
197
-57
106
52
-44
-9
-36
4
78
8
-72
-103
49
1
-88
-87
-29
19
-55
-45
-43
-64
-98
-64
-37
-21
8
16
19
31
17
3
5
11
17
33
43
57
87
109
222
-95
-220
154
342
270
36
-22
109
16
-161
-278
-212
-198
-282
-176
-103
-140
-163
-134
-67
-45
-64
-70
-60
-32
-17
-7
6
22
31
41
51
58
59
70
74
79
86
91
93
86
90
103
120
147
277
29
-214
72
277
372
215
-14
52
163
97
-97
-103
-55
-134
-112
-23
-88
-295
-180
43
58
4
-63
-93
-114
-101
-83
-64
-34
-31
-11
1
20
34
40
53
43
50
68
91
92
136
247
-163
-174
98
229
168
220
178
74
-6
-59
-17
65
-6
-122
-169
-127
-129
-262
-113
126
-16
-175
-212
-58
11
-38
-85
-97
-97
-61
-32
-22
-23
-15
1
11
23
32
44
76
214
156
-110
-216
22
207
213
114
98
100
105
107
20
-11
-19
-126
-11
60
-7
-128
-224
-144
-113
-193
-10
42
-65
-120
-56
54
48
-2
-14
-18
-117
-89
71
104
132
106
64
27
24
22
13
30
46
54
71
48
-6
-79
-112
-25
77
160
123
-35
28
39
39
71
17
-46
-82
-57
-8
-226
-248
-27
52
-34
-162
-116
-63
-123
22
93
-11
-119
106
126
20
27
-13
-27
-27
-26
87
156
115
56
4
-9
14
26
20
34
47
33
32
33
23
138
167
26
-121
-216
-24
137
171
267
103
-36
-5
-42
-59
-64
-129
-203
-217
-114
-22
-93
-232
-222
-77
-216
-57
68
-19
-183
-58
172
48
-75
8
61
54
14
0
9
46
64
82
97
97
103
91
105
121
131
265
35
-255
-52
204
263
75
89
168
56
26
30
4
-98
-135
-131
-2
-64
-95
-263
-246
-72
-122
-234
-64
77
9
-98
-111
-38
10
-52
-71
31
77
38
2
-2
10
25
26
26
49
58
59
68
61
68
69
61
68
76
73
126
188
-195
-176
75
244
208
177
91
-36
-111
-13
70
-66
-163
-215
-161
-207
-320
-20
7
-124
-218
-61
25
0
52
-4
-93
-84
-65
-21
-22
9
46
47
39
58
68
85
105
161
124
73
23
-30
-121
-20
169
207
186
53
118
76
66
15
-23
-13
-65
-178
-31
135
52
-108
-304
-240
0
-128
-225
102
113
20
2
-63
-49
-70
-12
121
114
1
-26
-25
-2
32
76
0
-10
-59
-37
-7
19
23
42
38
15
23
37
37
35
30
42
15
11
39
35
58
22
-4
25
24
195
261
178
68
13
-54
-120
-155
-162
-168
-176
35
72
-130
-204
50
65
-8
-38
-36
-45
-103
-73
-55
26
171
-119
-121
-49
1
28
34
12
3
45
54
37
49
54
67
67
77
60
52
58
40
-44
-37
-40
-50
96
231
46
18
-4
-32
-94
-211
-142
70
175
-13
-123
-118
-197
-229
29
50
-64
-108
77
119
47
71
5
-86
-8
32
-23
-79
-51
24
-12
-7
-13
-22
-12
-12
-14
-14
-1
3
4
3
26
30
18
19
39
39
46
41
29
39
30
18
7
11
18
25
17
19
10
10
41
63
92
218
32
-114
-56
155
235
115
30
1
-31
-63
-58
-136
-44
17
-64
-131
50
-1
-193
-183
-148
-35
0
-55
-89
-143
-143
-112
-79
-49
-13
4
5
12
3
1
14
27
39
37
46
31
33
46
35
40
47
56
55
51
47
59
61
52
63
52
62
60
44
82
82
66
107
190
123
-46
-38
22
-5
-47
24
150
97
-16
-36
-58
-124
-163
-227
-124
-7
-121
-150
-147
-44
-201
-130
-34
-59
-51
-8
-72
-31
-57
-72
-49
-5
19
24
39
59
55
49
44
51
56
50
55
56
49
45
53
52
60
46
42
40
39
41
36
34
38
42
44
41
44
44
61
52
138
67
5
0
-1
-7
-4
-15
-32
31
84
29
-51
-100
-144
-180
-123
-43
-112
-129
-198
-71
-57
-93
-31
-51
-100
-80
-60
-45
-22
-5
-4
-3
4
21
20
24
39
34
42
39
53
47
52
39
50
61
59
72
47
56
70
83
43
66
64
63
57
68
61
63
106
134
45
9
-8
4
32
-33
-20
-5
1
-48
-157
-52
106
-2
-111
-123
-134
-149
-164
-44
-93
-256
-128
63
-54
-73
-80
9
-3
-44
-50
-41
-9
24
41
42
37
42
44
43
44
39
37
34
30
28
39
44
45
55
51
54
78
129
94
21
33
34
17
18
17
23
22
31
35
28
23
4
-2
-6
-14
-11
-1
-5
-194
-180
107
82
-59
-79
-92
-136
-155
-116
-8
-101
-103
166
29
-60
-24
-8
-31
-25
-17
-32
-2
-4
-15
16
28
62
71
112
125
51
11
-2
10
31
40
43
36
32
35
31
25
23
7
4
-3
-9
-10
-15
-20
-26
-8
-15
-20
-32
-28
-23
-21
-10
-1
-1
0
3
-9
4
16
-13
6
26
190
-60
-57
5
20
31
32
32
29
30
31
17
25
14
12
15
17
0
-5
-7
-8
-3
-6
-17
-16
-7
8
2
11
-10
-8
-12
-2
17
-81
-116
-8
-144
-73
60
-18
-125
-65
-80
-118
-117
-99
-47
-53
-84
-28
9
-31
7
29
25
19
55
42
34
33
35
28
1
4
20
19
34
27
6
11
-1
5
16
19
18
34
34
43
37
30
34
46
45
57
26
28
25
22
22
13
7
-2
-5
0
3
5
10
-2
4
-6
-8
-15
-18
-8
-36
-37
-24
-14
-7
-8
-10
-3
-6
-6
-5
-4
5
15
24
15
11
17
23
22
15
22
23
22
27
21
24
23
32
27
15
18
20
12
4
2
-2
0
-4
-12
-10
-11
-6
-18
-15
-11
-20
-24
-22
-18
-5
0
4
-6
-1
1
7
3
3
-3
0
4
2
7
7
-3
2
-4
1
-8
-19
-21
-32
-29
-21
-34
-25
-19
-38
-28
-13
-9
-47
-34
-14
-28
-15
-4
-28
-14
-6
-5
9
3
5
14
17
32
-2
10
35
8
-3
-7
9
2
5
24
0
0
-12
13
10
0
16
-1
28
-13
13
15
27
-66
-18
3
-26
-8
-14
-22
3
-27
17
-38
-3
-13
-4
12
-14
38
-26
11
9
-23
24
-21
4
13
-22
28
-3
-7
15
-17
-10
12
1
22
-11
0
120
-18
-72
-17
8
3
15
8
31
12
18
11
19
20
4
22
3
-10
6
5
13
8
2
11
12
12
8
14
22
19
8
15
-3
6
5
5
-3
-6
-4
-3
1
-7
-4
-13
-11
2
-3
-10
-11
-11
-9
-8
-25
-16
-15
-8
-3
-2
-17
-2
-5
1
-9
-2
0
-11
-7
7
-3
-1
3
-1
4
5
8
6
11
4
-1
2
3
1
-1
-7
-4
-10
-10
-14
-11
-13
-15
-16
-8
0
-9
-7
0
0
-1
-2
5
7
1
17
19
14
19
14
20
3
10
14
11
10
4
15
7
17
13
21
8
8
9
13
0
2
-8
2
0
-3
12
-1
-11
-5
-7
-23
-22
-6
-18
-8
-26
-3
-11
-21
-22
-1
-14
-9
-6
-10
-16
-11
-13
-10
5
-3
7
-3
8
-16
-4
-11
-6
5
-8
-13
-4
2
2
3
-4
10
7
-6
3
9
12
1
4
18
7
-2
5
2
9
-8
-7
0
11
-11
-15
0
-1
-4
8
1
10
-4
5
11
13
10
6
19
10
21
9
17
-1
4
3
7
13
-13
-2
-5
0
1
-10
0
-13
11
-8
10
-4
-9
-6
4
26
-13
-12
10
6
-8
11
10
8
20
-7
17
-2
3
-3
-9
22
-10
-11
9
0
-3
0
8
-13
-2
-10
-10
4
-18
-8
5
-6
0
-10
-5
-2
-2
13
7
-27
4
-3
29
-10
2
-6
-4
0
0
2
-6
-3
5
-13
-8
2
4
-18
-15
-4
0
3
-8
-3
-4
-5
3
9
4
11
24
6
5
10
6
12
12
13
10
-2
4
14
-1
-7
2
0
7
10
-5
-3
0
-8
2
-7
-7
-4
1
-7
11
-2
9
3
5
4
-7
-3
1
-5
-3
0
-18
-7
-3
-5
5
-8
-11
7
4
-5
10
0
0
12
-21
-15
-1
-5
3
-9
6
0
-11
8
-5
3
2
-7
10
-5
5
0
6
8
5
0
-4
0
-10
5
7
-7
2
1
7
11
9
-4
4
2
-3
2
-1
11
11
-18
-15
4
0
7
-1
-13
5
-11
-7
-8
-9
-7
-12
0
-5
-3
9
8
8
-7
-29
0
0
-22
-22
-12
-21
-2
0
-9
3
7
31
4
-1
0
10
12
10
-9
0
-3
23
2
10
2
5
0
3
3
7
1
11
-6
2
5
1
22
8
-20
1
-6
-24
-1
0
8
7
-32
-2
-3
-7
18
-6
8
4
-3
0
-5
6
11
4
2
-13
2
26
-2
-1
-33
-2
5
8
-17
-10
0
19
-6
25
-15
23
-18
15
-6
15
-10
31
-9
17
-17
5
-29
23
-11
20
-46
-2
-14
-11
-13
21
-1
-18
-6
-10
-2
4
34
-24
11
-20
10
-16
16
3
37
-26
0
-10
-13
17
3
2
11
-16
-2
-20
-2
2
6
-22
-10
2
3
15
30
0
24
-8
21
-22
5
1
3
0
1
25
-9
13
6
19
-2
11
11
6
-17
-6
0
5
-4
8
3
-9
9
6
6
22
-6
-4
7
14
4
7
-10
-11
0
7
8
-24
3
0
-1
1
-8
-7
-4
0
-6
-14
-10
-10
-15
-19
-2
0
-14
3
-8
-4
4
-4
1
6
-6
0
-2
-7
0
1
-10
-1
-6
-17
-10
-17
-9
-1
-3
6
14
10
8
12
17
4
18
19
16
8
11
18
11
6
5
5
5
3
2
3
10
-1
-8
1
6
-2
-1
2
-7
-16
-14
-3
-8
-15
-5
-9
-6
0
-4
3
-1
5
5
6
-3
0
3
9
0
13
12
-10
-5
0
-3
-16
-28
7
0
-1
10
-7
-12
-7
19
-2
16
-7
7
-10
3
-10
-10
7
-3
-15
19
-12
20
0
12
-11
0
-8
1
-29
-2
-22
5
-12
23
-7
19
-17
11
-8
14
-14
-1
-23
20
-21
12
-24
42
-28
30
-14
5
-30
15
1
16
-9
9
-13
-6
1
0
7
-6
18
23
33
-28
15
-11
21
-8
41
-10
-7
-2
-11
10
-33
25
-27
15
-15
-6
-3
2
39
-40
28
-24
9
40
4
46
-31
5
-18
6
19
-11
25
-27
17
-27
13
4
-8
33
-34
6
-27
-1
-4
-21
21
-6
-6
-40
-23
-7
-19
20
0
-4
13
-12
9
1
7
5
4
12
4
3
-15
-8
-7
9
12
-7
0
14
16
22
-7
12
2
16
5
1
21
21
3
9
3
-1
-8
-7
-12
1
-28
-20
-8
-10
-1
1
2
13
6
17
6
1
0
7
-10
-8
-5
-9
7
0
9
21
12
0
-5
-3
-1
-11
1
-4
5
-6
-1
0
0
-1
-1
3
-14
-22
-19
-14
-10
-25
0
-3
3
5
9
24
15
-13
2
4
4
1
10
-11
-6
-16
2
-2
2
12
-2
7
6
7
0
-4
1
25
-1
18
8
9
-6
-8
-8
-5
-23
-14
-13
-33
-14
-3
-1
-17
-13
-10
-4
-8
-3
-3
-2
-9
-12
-3
2
4
-1
-16
6
11
-5
15
-17
13
1
13
0
-6
12
0
0
-5
9
12
17
0
-1
26
-2
28
-13
6
-6
15
-9
9
-18
40
-15
-1
-13
-4
-11
21
-19
11
-22
3
-30
19
-24
23
-33
4
-19
6
0
29
-2
3
-20
-1
34
29
16
0
14
7
32
-11
22
-20
18
-5
6
-8
0
-4
9
25
1
-15
-23
5
6
50
-31
-1
4
16
-7
19
3
-9
-2
-4
15
-18
1
-24
27
-4
17
2
18
-11
15
-1
-1
-29
-11
5
13
0
11
28
31
10
15
18
9
0
15
5
-12
-9
-18
18
8
-27
-4
13
6
0
-14
-4
-14
-3
-7
13
3
-4
6
-22
-7
6
3
-1
-8
-6
6
2
-6
-12
-7
-4
-8
5
-9
-1
-13
-19
-24
-21
-15
-16
-12
-14
-10
-1
-1
4
2
-12
-7
9
-5
2
4
-12
-22
-24
-5
-6
4
-1
-7
-3
4
12
10
-5
-7
3
9
-7
-3
-14
-3
12
-9
6
10
-5
10
3
8
-1
6
4
-4
17
18
-11
9
18
6
0
-1
2
-3
8
-4
11
12
23
8
25
17
17
-2
-20
10
11
-16
-19
-1
-6
-2
-24
-13
-6
-25
-15
-11
-2
-20
-15
0
0
8
7
-22
-10
0
-12
-11
-4
1
-5
-3
12
24
8
0
2
12
-8
7
3
-2
10
7
14
0
22
-6
10
-17
6
-21
22
-17
10
-7
15
-12
28
9
19
-9
-16
6
15
11
-8
10
-16
28
-26
13
-9
-6
0
2
-15
-2
17
-23
20
-1
14
0
17
-48
-18
-6
23
-34
14
-14
32
-7
23
-19
23
0
-4
-1
-6
-15
-23
7
-19
16
-6
34
1
-5
-7
3
43
0
-15
18
13
16
26
26
15
19
5
11
22
5
-1
-3
4
-2
-8
-19
3
4
1
11
-11
-3
14
-16
0
-13
-15
-20
-24
-24
-27
-18
-17
-7
-11
-12
-12
-4
-8
-9
-2
-2
8
16
8
-12
-11
-8
11
3
3
10
-1
10
-11
-16
1
-6
-10
-4
10
7
-8
13
12
14
20
8
0
1
2
-12
-9
-13
-1
1
-1
-1
9
20
-3
1
3
2
14
19
-6
-11
0
17
8
7
19
2
6
-15
-35
-2
13
-18
-3
8
15
-5
-3
0
5
-8
-18
-8
-32
-20
-35
-13
-24
-24
-26
-14
-5
-10
-18
-24
-11
-14
12
-13
5
3
14
13
15
22
33
-3
11
22
-1
5
11
11
-5
-1
12
6
-2
25
4
28
-5
32
-4
-2
4
-5
-2
9
6
4
-6
12
-3
24
18
6
-3
15
-8
11
5
21
-12
2
7
1
-1
-5
0
0
3
-5
-8
26
2
-13
8
23
-35
-39
-31
13
-12
-21
-14
-7
7
13
13
14
-15
0
18
8
-3
20
1
5
15
16
17
13
17
2
9
9
0
-4
-13
7
-3
8
9
22
20
-16
-17
-10
-8
-25
-23
-5
5
0
-5
-14
0
-3
0
17
1
-5
3
10
-9
0
0
-9
-4
-5
-4
-13
-21
-12
-12
-16
-5
-9
-8
-13
-7
-15
-15
2
5
-5
-5
10
-3
0
-1
-10
-20
-11
-11
-9
-4
-5
-1
0
-3
11
8
11
20
17
17
1
14
22
15
-5
1
0
-4
-5
2
2
-3
-16
-6
0
13
18
-5
-2
-2
3
1
-15
-3
12
-19
-17
38
9
-1
2
12
-2
-4
0
-9
0
14
10
-8
4
7
19
12
2
-12
12
15
11
-13
-3
5
-5
-7
-2
-8
-10
-13
-1
-24
2
29
7
-17
-7
-15
-2
-7
-15
-6
-10
-25
-13
14
-6
11
1
-22
-8
-3
1
-3
0
-14
-11
-21
-1
16
34
0
4
-13
-1
6
22
18
18
38
-21
-29
0
22
-24
24
12
-2
-15
-25
4
6
19
3
1
0
-12
21
25
18
-5
-2
-7
0
-4
-11
-14
0
19
18
11
12
11
14
16
-6
2
-4
-6
0
0
11
19
26
17
1
-1
7
10
2
18
2
-3
0
3
4
-2
-9
8
10
-8
-24
-19
-15
-12
-6
-13
-13
-5
2
-3
3
3
-5
-7
-24
-25
-21
-19
-18
-1
1
3
-4
0
3
-3
-9
-16
-9
-4
-10
-7
-6
-2
4
2
5
8
8
6
14
20
11
3
3
2
-3
-2
-11
-3
-5
-5
3
-1
1
12
8
4
6
0
-2
4
0
5
7
2
-2
6
9
9
11
13
15
16
10
0
3
0
2
-2
-6
0
9
11
27
36
19
9
8
17
-3
7
11
-14
-13
-15
-2
-24
-27
-10
11
-10
-9
1
-7
-12
8
-16
23
0
-28
-19
-10
-6
-7
-9
-16
-10
-32
-16
-7
-30
-9
-11
-2
1
-4
-4
-1
-15
-12
-20
-18
13
3
9
1
3
21
18
-16
13
9
0
6
-14
10
8
-11
-4
1
1
10
0
10
1
12
16
11
-5
13
-9
-9
-8
-11
-9
-24
-9
8
12
10
13
16
20
8
5
20
24
24
13
-1
16
16
2
1
9
11
13
5
7
4
-4
-9
-8
-1
-10
-10
-1
18
5
-6
-6
9
2
-10
-18
-8
-28
-17
-18
-15
-31
-13
-11
-20
-9
2
2
4
-8
-1
11
9
1
0
-2
1
-18
-3
1
-2
-8
7
2
5
11
0
-11
3
12
1
13
19
15
27
23
18
10
-2
0
15
-8
0
1
-4
13
6
10
21
8
1
-12
-1
-5
-7
-7
-11
-18
0
10
16
14
-7
-18
-3
19
9
0
0
3
4
15
2
-6
-5
16
15
-10
-14
-19
-10
-43
-38
-16
-20
-20
-34
-37
20
-3
-27
0
-10
-14
18
19
24
7
7
-11
-19
-36
34
17
2
14
10
17
8
0
0
3
19
-2
5
-12
-9
2
-14
1
-15
11
4
-6
-8
0
13
7
9
9
2
-16
7
-12
-7
-10
-20
-28
-35
7
16
18
11
14
23
15
22
-8
29
5
0
9
-17
1
11
-21
-4
2
4
6
-5
8
8
14
3
-5
8
-10
-3
-1
1
0
5
5
5
4
2
10
3
-1
4
5
4
8
0
1
-3
-4
-6
2
3
-15
-13
-15
-20
-28
-27
-20
-12
-18
-26
-15
0
-12
-10
-11
-10
0
-8
-5
-12
-2
3
-8
0
2
7
5
12
7
10
8
14
22
21
13
22
32
23
17
10
6
-9
0
-2
-6
3
2
6
15
7
5
2
-2
-4
-4
-11
-11
-14
-20
-19
-13
-12
-10
-10
-9
-6
-3
-1
0
6
7
16
8
12
11
13
20
19
11
-1
-1
0
-5
-6
1
13
13
10
24
27
22
21
22
17
10
6
1
19
17
5
8
4
-19
-20
9
11
16
21
22
-6
-21
-25
6
0
3
-11
-19
8
1
-15
-30
-7
-23
-12
-17
-21
11
-2
-15
-27
-8
5
-6
-32
-23
-17
22
0
-39
-29
-36
-17
0
-3
-14
1
-23
10
14
1
-7
-17
-22
-3
1
-15
-23
-12
12
1
1
7
13
2
-3
8
12
4
6
6
3
10
15
1
-2
2
6
2
-5
-4
-19
-7
2
6
8
9
11
13
19
15
13
4
4
0
0
2
0
-8
1
7
5
0
2
9
9
3
0
-5
-4
-17
-20
-6
4
0
-7
2
7
-4
-2
13
-1
1
-6
-7
-7
-7
-11
-5
2
-1
4
-3
0
12
18
5
1
2
0
7
4
5
7
11
1
-6
-4
1
-4
-6
-18
-12
-12
-8
-10
-11
0
12
16
12
14
14
21
20
1
0
-11
-6
-6
0
-7
-6
-2
3
-9
-4
10
15
6
4
6
5
-3
-7
-8
39
15
9
24
27
2
12
28
13
-20
-1
11
0
20
22
23
-2
7
-11
-22
-9
-5
-24
-6
-13
-16
-4
-31
-2
-11
-7
-11
-12
-22
0
1
-4
-4
0
7
-2
-8
-2
12
-13
-38
-17
10
-4
11
-7
0
-2
-8
6
5
-1
-14
-9
4
-8
-10
-2
-5
-11
-1
1
-2
0
-10
-12
0
5
4
-12
-14
-14
2
14
1
13
14
6
-1
-2
3
1
12
1
11
11
6
2
3
17
6
9
-3
3
1
0
-2
-19
-8
-21
-9
0
4
9
5
6
19
-4
-13
-2
0
-7
-2
-1
5
-2
5
7
13
8
10
14
18
11
6
1
5
3
4
10
2
9
15
18
6
10
3
-3
0
-1
-5
-2
-3
-6
0
-1
3
1
-2
0
4
-7
8
0
-3
-9
-15
-5
-7
-7
-10
-18
-20
-9
-3
0
1
8
3
-1
-6
-7
4
-9
0
1
-15
-12
-4
-2
-2
-5
-1
3
0
8
-5
-9
6
0
-13
-22
5
32
29
13
14
1
-6
3
19
5
20
18
3
16
16
8
24
2
17
5
-22
-14
-5
-10
-13
0
-1
-14
-5
-11
-12
1
5
8
2
-16
-34
-6
4
-5
1
-5
-3
-10
-7
-22
1
13
3
10
15
0
8
14
21
18
12
-13
-18
-15
-20
-5
-12
-21
-24
-22
-22
-23
-9
-12
-8
-2
2
11
-2
-5
-13
-10
-8
-8
-2
0
-1
-1
3
6
11
7
7
9
13
9
9
1
6
10
1
4
7
13
18
10
-6
0
-1
0
5
6
7
-4
2
8
7
6
6
0
3
0
0
-5
-5
-8
-4
-4
-10
-10
-4
-6
-5
6
6
5
0
11
3
12
16
11
2
-3
2
12
2
0
-8
-6
-3
-5
-3
-7
-2
-7
-7
6
10
13
8
0
2
-5
-8
-1
9
0
-6
-1
-4
3
2
19
18
26
30
35
31
18
16
9
11
4
1
6
-7
-10
1
4
-6
0
-9
7
5
-6
8
1
10
-13
-12
-6
7
9
-18
-3
-4
-4
-9
-9
-14
-7
0
3
5
-8
-7
-24
-34
-8
-16
-13
-19
-12
0
9
-3
-16
-23
-26
-21
0
3
2
-21
-34
-25
5
-3
13
-8
-7
-11
5
8
1
-10
-17
-9
-3
-2
-5
1
13
-1
-18
-3
-4
-9
-12
-1
-7
-7
0
19
12
23
7
15
19
8
7
6
6
5
0
-8
-2
1
4
9
1
6
8
7
14
22
13
10
12
5
13
17
11
8
0
-11
-7
-11
-9
-4
-2
-2
2
6
12
25
17
13
9
13
4
-5
-2
-6
-5
-5
-11
-7
-5
-4
0
0
-3
-2
2
-2
-6
-6
-5
3
3
0
11
12
2
3
6
7
3
1
3
1
-1
3
-1
8
13
8
8
1
7
10
13
7
3
7
4
-6
-4
-6
-5
-2
-6
-6
-12
-18
-20
-15
-2
-8
-8
-23
-32
-25
-12
-22
-20
0
-4
-10
1
2
4
1
1
-6
18
17
-25
-18
-18
1
18
21
17
-6
-8
-20
-13
-10
6
5
26
-4
-34
5
12
7
16
10
8
9
10
-7
-11
-4
6
13
1
11
-9
-7
-6
-1
1
7
0
-4
-6
-7
7
-5
5
-1
-12
0
2
-13
-4
-8
5
11
9
8
1
0
0
2
4
-7
-7
2
0
10
1
0
-1
5
-2
1
0
3
10
5
10
11
10
8
3
6
3
-4
-3
-2
2
-7
-6
4
0
-17
-11
0
-4
4
-1
-3
7
1
4
-5
0
-9
-22
-15
-16
-15
-15
-14
-9
7
2
7
14
20
15
10
5
9
11
9
1
-9
-3
2
1
3
1
9
12
1
-1
-3
3
0
1
0
14
11
16
-3
0
0
0
-3
3
-8
-11
-14
-12
-11
-13
1
10
1
15
28
8
-2
3
11
11
5
4
-4
8
25
13
-7
-13
22
7
-12
0
9
14
11
28
18
26
5
-4
-10
-6
23
30
15
-15
-6
-3
-17
-21
-35
-17
-18
-15
-1
-1
-13
-18
-23
-19
-16
-32
-19
5
-17
-21
-8
6
0
11
0
7
15
1
-6
-3
-16
-4
2
-10
-11
-3
3
12
19
24
16
8
0
-15
-3
16
11
-4
-10
-4
-11
-5
8
-2
-13
-11
4
-11
1
-11
-1
-6
5
-6
-7
-26
-5
-9
-14
-15
-5
-8
-2
0
8
0
0
6
11
0
0
5
-1
-2
17
16
12
15
12
10
14
-7
-3
-1
1
5
6
9
10
12
14
4
2
11
22
11
6
4
3
5
1
4
10
-1
-4
-3
3
2
-4
0
0
1
1
-5
-3
-5
-11
-3
-6
-8
2
1
-7
0
-1
-12
-5
0
-5
0
2
1
12
-6
-15
-5
4
2
2
-7
-7
1
-1
-2
-2
-9
-5
-7
-15
-20
-5
-7
2
3
1
8
11
11
5
6
0
0
-4
-9
-19
-5
-5
0
9
0
-8
4
2
6
2
0
7
4
3
5
10
7
2
7
6
2
4
-8
-1
5
-8
-8
0
0
3
3
2
8
1
8
-3
-3
-4
-11
-2
-1
10
9
11
20
5
1
10
2
0
-10
-8
-1
2
-26
-27
-3
0
13
-11
0
0
16
21
5
18
24
26
14
-5
-5
-7
-9
-3
11
1
-6
-15
-7
-14
-12
-22
-9
10
12
16
-9
-1
0
-2
-6
-16
-6
-4
-14
-6
16
10
2
5
6
7
1
-12
-3
-2
-3
-5
-1
-9
-12
-1
-10
-15
-5
-13
-15
-7
-6
0
4
1
3
1
6
3
11
6
0
6
9
0
0
1
16
4
8
0
6
0
-3
-1
4
8
11
11
10
9
9
-7
-8
-10
-10
-10
-4
2
3
-1
0
-11
-3
1
-10
-5
-2
-3
-5
2
-2
-5
-8
-12
-8
-5
0
-6
-14
4
3
3
8
0
8
7
6
6
13
6
12
11
5
5
4
-2
-3
-1
0
5
3
0
0
-2
1
1
11
14
10
16
19
15
9
10
8
8
7
0
0
-2
-6
-6
-1
-8
-19
-18
-20
-23
-3
-7
-14
-21
-13
2
-21
-30
-20
-20
-25
-17
-9
-2
-23
-23
-7
-10
-13
-2
3
11
0
-8
-3
15
13
17
16
8
-11
-11
-7
0
7
1
5
-7
-12
-8
12
22
25
8
2
13
19
10
-1
5
8
1
5
7
11
12
3
10
11
13
11
10
10
11
-2
-2
4
16
11
13
14
7
9
1
4
4
5
7
6
2
0
2
0
-1
1
0
16
18
20
1
2
0
-3
2
-2
-6
2
-10
-3
-9
-8
-9
-5
-2
-7
-13
-2
-18
-18
-20
-19
-21
-27
-21
-18
-14
-22
-20
-12
-15
-19
-10
-15
-9
-19
-14
-12
-8
-7
4
1
0
-2
-2
1
4
4
10
5
0
0
1
-8
5
3
-3
2
9
0
-1
1
8
8
5
11
13
20
18
9
10
11
9
10
8
4
3
7
1
0
-3
4
8
6
3
9
-2
2
12
14
5
9
18
7
9
2
2
0
7
4
6
15
14
19
3
-6
-16
-12
14
2
-1
6
13
3
12
17
1
-10
2
3
-6
-11
0
13
4
-13
-30
-6
6
5
11
6
-18
-13
-24
-21
14
6
0
-11
-2
0
-4
-1
4
2
-6
0
15
6
4
-7
-11
-4
-1
3
1
-7
-4
1
8
5
-2
8
3
-9
0
-4
-4
-2
-8
-12
6
8
2
10
-2
-1
-2
-3
-2
4
-3
0
2
10
11
-1
-6
4
2
-4
1
-7
1
2
0
-4
9
12
-3
-2
7
-6
2
-1
3
4
5
-5
2
0
-3
11
-6
8
2
2
-2
-4
-4
-17
-13
-7
1
-10
-1
-6
-3
1
11
2
-2
-5
-3
-2
-6
-12
-13
-11
-6
0
-7
-3
2
7
4
-1
-2
5
1
-5
0
-4
-10
-5
-1
-1
4
4
10
8
0
-2
-7
0
1
3
6
-3
-7
-9
-5
-10
-11
-9
0
-10
-11
-3
1
-5
4
-4
-8
-4
0
5
2
6
-2
17
20
22
20
14
11
7
3
20
-1
-15
-5
17
10
3
2
11
0
-7
-11
0
-9
4
8
0
0
8
14
23
0
-15
-14
-15
-19
0
-10
-2
-3
2
20
15
10
24
3
-3
10
-5
-27
-19
-18
-30
-19
6
-3
11
-8
-16
-16
-17
-12
-17
-3
5
19
-2
-10
-8
0
-3
-14
5
22
2
1
5
5
9
-3
-1
4
6
4
9
8
11
1
10
15
3
5
0
-8
-2
7
-9
0
-6
-15
-21
-9
1
7
8
-9
-14
-14
-1
15
-13
7
-5
2
14
12
7
15
4
19
23
24
25
19
20
17
20
19
2
5
2
0
-18
-5
-21
-23
-20
-5
-23
-21
-22
-15
-12
-34
-14
-13
-20
-12
-3
-18
-14
1
-6
-10
-7
1
-1
1
-3
-1
5
4
7
12
5
-2
0
12
8
4
15
-1
-6
0
-12
-9
3
2
-1
3
-2
-4
-1
7
4
-7
-6
-6
4
1
3
-4
-6
-3
-1
-2
0
14
3
1
7
12
0
0
6
18
14
9
10
20
18
5
6
9
6
-3
0
4
9
-14
-2
5
8
-3
10
14
17
4
7
11
-3
-18
5
19
4
-2
-2
-8
-1
-7
1
1
-4
-16
-22
0
6
-17
-14
-6
-4
-3
-18
-2
8
12
10
1
0
-7
-3
-7
-5
-11
-9
-8
-10
10
-1
-9
0
-6
-12
-12
-7
-4
11
-9
-3
-4
4
0
0
-4
0
12
8
-6
7
4
-10
-4
-3
-10
5
5
-2
3
5
19
7
11
20
15
14
5
10
-4
-2
-1
-3
-13
-6
-5
6
2
-2
-9
0
0
-8
-5
0
0
1
1
0
4
19
7
-6
-11
-8
-5
18
19
-12
-4
5
-12
-9
-3
3
3
2
8
5
11
3
4
18
-5
-4
-6
-7
-4
-5
-8
-13
-11
-12
-2
-8
-12
-9
-12
-16
-16
-13
-13
-6
-18
0
-5
-10
-5
3
1
7
12
8
8
7
3
7
13
9
8
9
5
4
0
-1
-9
-7
0
5
-1
-2
4
10
8
11
5
8
9
7
0
-4
0
0
0
8
3
-3
-2
-15
-30
3
31
12
-5
-5
10
13
17
-7
0
-1
-14
-10
5
0
-2
4
8
1
-6
-13
-8
0
-17
-7
8
12
18
16
17
20
2
5
-7
-7
-20
-22
-18
-7
7
13
12
1
-3
0
6
0
-2
-8
0
3
-4
-4
-8
-6
1
4
-3
-12
10
5
-1
-9
-5
6
17
10
5
-2
5
-4
0
-3
6
-6
3
20
3
3
-2
3
0
6
12
-2
0
-3
6
0
2
-18
-9
-6
-4
-9
-3
6
-9
-3
4
2
7
11
5
-1
0
4
0
9
38
-15
-27
-6
0
-7
-8
2
-17
-9
1
-3
-5
2
16
-2
-8
-3
-3
-7
-10
-3
-2
-7
-7
1
-3
0
0
-3
1
2
5
-4
-2
2
2
0
6
-6
0
4
6
7
4
6
-1
4
1
-11
-9
-5
0
1
6
10
13
5
1
5
15
7
5
6
6
11
11
18
11
4
3
9
13
8
10
12
8
2
0
-3
-1
-7
-16
-1
3
-1
-8
-4
-13
-12
-6
-5
-7
-7
-7
-3
-4
-5
-17
-13
4
9
2
-6
-11
-4
8
-12
-2
3
0
-3
4
1
-2
11
-8
-5
-3
-15
-11
-5
16
3
0
0
-6
0
-9
6
-7
-9
-1
4
14
24
9
-11
-7
-21
-13
-2
-3
9
22
21
3
8
9
8
-27
-20
2
19
7
2
-9
-22
-4
8
7
-2
-6
-1
-10
-8
0
-6
-1
-14
-15
1
12
-1
0
-3
-7
-4
-7
-26
5
16
0
10
-9
-8
1
1
-5
-9
-14
12
12
13
-5
4
0
-5
0
8
12
0
-4
4
9
10
10
10
0
4
7
14
23
7
7
1
-1
-8
-6
6
2
-7
-1
-3
-10
-20
-11
0
5
9
20
30
18
14
0
5
4
-5
-14
-5
-7
-17
-17
-8
-9
-7
-24
-2
6
-1
0
-6
1
1
-4
-7
-6
-1
-1
3
6
0
3
-6
-2
5
-3
2
10
-13
-11
-5
0
5
9
16
2
22
15
-5
-4
-2
-1
-3
-8
-6
0
0
1
-3
0
-2
0
9
14
21
3
-6
-1
-1
-9
-8
-13
-18
-18
-15
-18
-4
-7
-12
-12
-3
-1
-2
-4
4
13
9
17
8
-1
-5
-7
-1
-4
0
1
-2
-1
1
9
12
10
7
11
7
15
14
8
0
-6
4
13
0
7
5
6
10
24
-14
-20
-30
-8
8
13
22
16
0
-15
-15
-16
-7
0
-7
0
3
-8
-14
6
4
-4
6
-2
1
17
5
15
4
3
-12
-27
-10
10
-1
4
12
12
15
0
-11
7
10
-2
-15
0
4
-6
-11
-5
2
1
-3
4
2
-2
-6
-11
-1
-7
-2
-4
3
-1
10
0
-5
1
-5
0
0
6
7
9
10
9
6
3
5
7
6
8
12
12
10
3
0
-6
3
-2
-1
-1
2
-6
3
-3
-6
-7
-15
-11
2
11
11
11
3
6
5
-1
3
7
0
13
13
5
1
0
0
0
-6
0
-16
-36
-23
-14
-10
-7
-12
-14
-15
-12
-10
-9
-7
-9
-13
0
0
-1
3
5
-1
2
3
-7
-9
-2
-4
-3
1
-8
-3
3
-3
-3
-1
0
-2
-6
4
4
-5
-2
1
6
10
12
12
20
19
7
3
0
3
3
4
0
0
1
-2
14
16
11
7
-1
5
10
-1
-5
-1
0
2
1
4
4
1
2
1
-7
-8
-8
-1
-5
-3
-2
-10
-11
-4
-10
-1
-19
-19
1
7
20
16
3
-10
-11
-8
-16
0
0
-6
8
0
-5
-13
-23
-24
-9
10
9
-1
0
7
3
7
15
20
1
-1
9
12
-9
2
10
2
7
1
-4
-4
-9
-5
16
19
-2
4
-4
5
-1
-4
1
8
2
0
-9
7
2
0
-8
-6
2
6
6
6
-8
-1
12
9
-3
5
-7
-11
4
27
37
22
3
3
-2
6
49
22
33
24
1
-15
-21
-16
-3
-5
18
3
27
-25
-16
13
3
-29
-14
-28
-4
-25
-19
11
-13
1
1
5
0
-2
7
5
5
12
16
13
8
4
12
18
5
-1
8
17
3
3
-6
1
-25
-21
-16
-21
-15
-13
-20
-22
-15
-15
-22
-24
-26
-29
-30
-25
-27
-31
-29
-29
-24
-22
-16
-15
-7
-4
3
8
6
6
8
0
-3
-6
-6
-6
-6
0
-3
3
0
0
2
8
14
7
19
16
19
34
36
52
24
13
12
16
27
10
-6
9
25
20
-5
0
7
10
7
-3
-3
3
11
-2
0
-4
3
8
0
2
0
-4
-1
-9
-8
-4
-4
0
-2
-6
-4
0
0
-4
2
5
8
1
0
3
1
0
8
1
0
0
3
-4
-14
-12
-8
0
-7
-6
-7
1
-6
1
2
-1
-2
1
1
1
-9
-7
-10
-7
0
-1
1
6
3
5
12
0
2
3
20
20
18
16
16
13
0
4
-8
-13
-14
-6
-9
20
3
-3
4
-4
-1
2
-4
-16
-5
-6
-12
-22
-8
-7
-17
1
19
2
-13
-3
10
2
-18
-10
-8
-7
-3
-8
11
9
13
10
9
-11
0
5
0
6
18
2
6
10
5
8
-2
6
2
-1
-5
-6
-1
-3
-5
0
-7
-1
0
3
-9
-7
-4
-3
-6
-5
-4
-7
-8
-3
6
12
24
15
11
8
7
10
-4
1
6
-5
-6
-2
8
2
8
3
10
1
-7
2
-5
8
5
2
3
10
3
-1
2
3
22
7
11
26
14
7
8
12
16
0
-27
-5
9
4
-10
-25
-12
1
-16
-12
0
-7
-16
-2
-34
-14
-10
-2
-7
-4
-24
13
12
-25
-8
11
10
10
17
-7
-12
-29
-23
-32
-25
-33
-30
-26
-25
-18
-9
13
2
-1
6
6
11
11
6
6
7
-1
-11
-14
-12
-8
0
8
3
10
7
12
22
7
18
20
12
4
14
11
15
9
-3
10
13
11
3
7
3
-9
1
11
-5
-10
0
0
-6
0
-5
-8
-12
-15
-5
6
1
-10
-8
-8
9
3
-6
-8
-14
-14
-8
1
3
-4
-2
8
11
11
23
13
12
12
-1
5
-21
-1
10
4
7
-3
-5
-7
-4
1
6
8
15
5
3
3
8
6
5
7
10
11
3
0
0
-2
-2
-2
16
11
9
4
-6
8
13
11
0
-8
-4
-4
-3
-6
-2
11
2
7
12
11
8
8
5
5
7
-6
-5
8
1
-7
-10
-8
0
-1
-7
-13
-11
-14
-5
4
1
-15
-10
-3
-3
-11
-15
-14
-19
-13
-17
-17
-13
-10
-14
-15
-3
2
-5
3
7
12
14
