81
89
84
62
35
12
8
-5
-12
-28
-23
-22
-38
-36
-27
-34
-31
-11
-10
-4
6
7
1
-7
-4
223
462
196
-300
-259
-196
-88
-63
-58
-52
-46
-56
-66
-66
-57
-50
-28
-4
10
15
11
41
79
74
81
58
25
3
-9
-26
-30
-67
-72
-73
-81
-72
-71
-70
-65
-50
-29
-39
-27
-25
-28
-35
-33
-16
-32
-42
-26
222
456
171
-290
-235
-164
-70
-61
-71
-89
-93
-86
-81
-66
-36
-38
-29
-9
3
6
11
39
62
72
78
63
25
-2
-10
-21
-44
-47
-50
-66
-76
-60
-63
-68
-64
-58
-57
-62
-62
-64
-71
-68
-40
178
433
137
-277
-229
-154
-83
-80
-77
-81
-89
-92
-78
-78
-78
-66
-45
-37
-26
-16
-5
-4
9
23
12
-22
-44
-62
-77
-87
-93
-91
-109
-98
-96
-93
-95
-87
-82
-82
-79
-68
-65
-74
-70
-60
-67
-76
-64
-59
-68
-69
-59
-43
-51
-48
-30
-35
-31
181
447
238
-298
-252
-184
-105
-94
-91
-96
-100
-110
-98
-87
-89
-81
-71
-52
-37
-31
-16
-7
-1
23
39
30
19
0
-16
-25
-30
-29
-39
-37
-49
-45
-53
-60
-58
-60
-72
-60
-52
-41
-34
-45
-36
-40
-26
-15
-21
-25
-30
-35
-40
-50
-44
-40
-20
224
406
101
-284
-228
-160
-96
-69
-73
-73
-79
-62
-65
-65
-37
-16
-10
0
10
11
5
16
26
36
32
18
-10
-37
-34
-45
-54
-58
-52
-59
-60
-52
-51
-57
-43
-36
-48
-48
-34
-50
-61
-63
-7
211
441
66
-293
-239
-152
-75
-55
-55
-58
-66
-80
-73
-71
-70
-46
-8
9
9
13
26
30
40
45
25
-9
-29
-38
-49
-69
-67
-56
-54
-50
-45
-44
-58
-62
-54
-55
-56
-47
-47
-48
-47
-41
-39
-47
-48
-42
-40
-40
-22
-11
-7
-18
-9
-10
-21
-20
-20
-29
-36
-26
172
416
311
-222
-198
-168
-66
-49
-40
-50
-43
-61
-64
-52
-48
-43
-19
8
15
22
31
48
56
62
95
101
87
64
48
29
19
6
8
32
23
5
26
9
7
-2
-4
3
-17
-17
-10
-37
146
425
308
-284
-215
-167
-57
-34
-20
-29
-31
-30
-30
-37
-34
-32
-10
2
10
9
13
32
42
62
33
3
19
-13
-27
-22
-5
-20
-6
-12
-20
-26
-25
-16
-32
-36
-33
-37
-62
66
312
399
-114
-276
-223
-136
-80
-69
-73
-76
-64
-59
-49
-39
-24
-21
-15
4
15
30
59
69
75
72
53
16
-13
-24
-27
-30
-37
-33
-30
-23
-28
-45
-55
-54
-49
-54
-41
-37
-28
216
494
130
-347
-285
-191
-111
-94
-84
-84
-84
-89
-75
-66
-71
-60
-45
-43
-36
-8
27
42
54
65
55
20
-4
-18
-29
-49
-52
-49
-63
-75
-66
-57
-68
-70
-69
-74
-79
-70
-70
-76
32
313
426
-136
-322
-263
-160
-122
-99
-92
-108
-109
-98
-108
-104
-92
-87
-76
-59
-42
-14
4
25
38
32
11
-12
-29
-50
-62
-62
-74
-84
-90
-102
-98
-96
-77
-79
-78
-86
-81
-82
-75
-69
-76
-71
-60
-50
-55
-48
-36
-37
-23
-26
-30
-31
-34
21
266
477
78
-272
-228
-148
-69
-50
-63
-58
-57
-66
-57
-41
-57
-23
-20
-26
-6
1
-5
18
43
77
62
59
45
-1
-10
-16
-31
-47
-55
-41
-56
-58
-52
-55
-45
-58
-38
-46
-41
-33
-39
-28
-39
-34
-29
-39
-47
-26
-9
-14
-18
-14
-15
-23
-23
-33
96
349
438
-119
-265
-236
-135
-97
-78
-71
-72
-68
-73
-65
-46
-38
-30
-7
2
5
8
21
39
64
90
90
61
26
12
-8
-24
-14
-3
-13
-29
-26
-33
-38
-28
-12
-11
-19
-10
-10
-17
-24
-12
-28
161
468
425
-274
-256
-165
-54
-31
-22
-14
-23
-32
-26
-25
-29
-10
19
24
26
42
60
64
81
103
91
73
52
25
7
-7
-11
-21
-38
-52
-56
-63
-63
-68
-58
-52
187
460
220
-309
-237
-180
-95
-69
-62
-63
-66
-51
-45
-43
-33
-20
-1
12
26
32
31
35
50
48
34
14
0
-13
-22
-25
-23
-31
-32
-31
-35
-34
-31
-42
-59
-54
-61
44
267
381
-93
-267
-229
-136
-88
-92
-92
-93
-98
-106
-96
-81
-70
-47
-22
-6
-13
-10
13
28
33
41
25
-15
-37
-38
-37
-45
-53
-57
-53
-62
-66
-60
-69
-80
-68
-81
-87
-84
-75
-78
-70
-75
-83
-83
-98
61
270
270
-210
-302
-279
-210
-173
-159
-154
-157
-154
-146
-139
-117
-95
-82
-64
-35
-30
-28
-22
-1
3
10
9
-1
-17
-44
-57
-57
-86
-108
-95
-96
-100
-106
-92
-78
-77
-72
-66
-67
-72
-67
-62
-71
-79
-74
-75
146
391
228
-329
-288
-220
-114
-97
-85
-77
-85
-97
-80
-61
-54
-42
-26
-13
-6
10
31
49
65
87
93
53
22
1
-27
-46
-49
-44
-55
-53
-46
-52
-62
-62
-61
-49
-46
-32
-30
-42
-44
169
448
278
-294
-246
-185
-80
-60
-68
-66
-64
-64
-73
-74
-56
-60
-61
-32
-21
-16
7
38
55
56
57
22
-8
-25
-29
-44
-42
-43
-58
-76
-76
-68
-64
-62
-51
-51
-57
-71
-70
-77
-80
-71
-61
-71
-66
-55
-49
-32
184
440
201
-277
-226
-159
-78
-68
-71
-77
-79
-77
-55
-48
-30
-27
-8
8
19
20
23
26
45
64
73
57
34
24
15
3
-5
-5
-7
-22
-15
-10
-12
-13
-19
-15
-21
-24
180
413
286
-246
-197
-165
-57
-34
-22
-18
-16
-14
-9
-23
-1
17
15
43
42
34
32
80
90
72
71
32
-1
-7
-5
-24
-33
-41
-30
-45
-42
-29
-53
-46
-51
-36
-45
-33
198
440
217
-322
-278
-218
-104
-82
-84
-93
-90
-96
-105
-104
-93
-87
-66
-58
-52
-53
-33
4
31
40
37
16
-15
-37
-44
-61
-66
-66
-70
-75
-89
-84
-80
-90
-96
-96
-90
-91
-80
-63
-67
-78
-80
-71
-86
-92
-79
-64
-71
-66
-69
2
241
467
74
-327
-296
-211
-135
-120
-122
-112
-104
-92
-78
-65
-60
-48
-35
-18
-16
-21
-12
13
26
33
54
56
30
-1
-23
-42
-67
-75
-65
-69
-78
-65
-69
-68
-73
-64
-66
-55
-66
111
367
410
-218
-276
-231
-115
-58
-48
-59
-50
-55
-56
-43
-20
-11
-5
10
18
23
33
60
80
80
66
43
4
-8
-11
-15
-22
-21
-9
-16
-23
-5
6
-5
-20
95
318
384
-144
-263
-208
-116
-57
-40
-48
-52
-48
-49
-50
-20
-18
-7
12
25
32
45
59
83
85
76
60
50
22
17
8
-8
-4
-12
-19
-18
-6
2
-8
-4
-13
-26
-30
-29
-46
-45
-42
-36
-32
-10
-4
4
-10
-1
12
212
451
239
-244
-196
-151
-64
-65
-75
-69
-63
-49
-37
-27
-32
-27
3
13
14
22
34
36
41
59
84
79
65
46
25
3
-9
-4
-14
-23
-26
-21
-20
-28
-23
-15
-5
14
24
21
8
7
14
8
0
-20
176
428
379
-234
-245
-211
-100
-57
-57
-70
-78
-71
-62
-46
-29
-5
2
9
26
30
21
31
58
85
92
78
49
13
-21
-32
-38
-46
-51
-54
-53
-64
-54
-43
-40
-47
-46
-47
-50
-60
-50
-46
-56
31
294
420
-59
-310
-246
-158
-98
-75
-82
-76
-68
-67
-75
-77
-64
-44
-37
-29
-15
-3
11
42
69
64
51
40
15
-11
-20
-24
-34
-47
-43
-48
-49
-38
-40
-50
-58
-50
-55
-51
-38
-48
4
252
423
6
-276
-217
-145
-82
-68
-69
-79
-68
-46
-47
-52
-43
-28
-26
-9
4
20
31
58
79
70
53
38
16
2
-16
-17
-5
-9
-13
-20
-31
-36
-25
-32
-42
-45
-51
-58
-57
-46
-49
-63
121
387
347
-255
-255
-198
-96
-55
-32
-35
-39
-37
-28
-34
-46
-38
-10
0
4
20
33
42
68
96
99
75
51
32
0
-16
-13
-16
-34
-45
-40
-40
-31
-19
-18
-29
-44
15
240
458
96
-264
-210
-140
-60
-44
-51
-50
-38
-39
-33
-26
-14
-8
-5
2
0
-12
-20
15
30
22
14
-2
-26
-30
-29
-40
-37
-30
-40
-51
-45
-44
-49
-53
-59
-54
-55
-43
-37
-42
-48
-51
-52
-66
-65
-49
-56
-57
-56
-48
-56
-51
-33
-53
-40
186
467
209
-329
-268
-190
-109
-87
-95
-103
-76
-78
-61
-56
-56
-35
-20
-25
-11
-3
-4
-6
12
52
69
86
87
36
3
-13
-44
-62
-58
-55
-52
-68
-51
-45
-65
-66
77
344
409
-108
-286
-233
-146
-68
-44
-43
-48
-45
-42
-36
-37
-16
0
12
16
21
22
30
67
88
67
31
18
4
-15
-14
-8
0
-6
-2
-2
-11
-14
-5
-13
-20
-30
162
404
421
-233
-277
-222
-105
-68
-61
-69
-64
-66
-68
-48
-36
-37
-28
-6
8
-3
7
30
46
60
80
56
18
-10
-16
-40
-59
-62
-66
-80
-84
-66
-52
-55
-60
-52
-63
-66
-58
-55
-72
-41
189
433
127
-323
-263
-207
-124
-93
-88
-97
-93
-87
-80
-79
-69
-71
-61
-37
-28
-32
-14
19
38
51
50
27
-2
-13
-20
-29
-48
-47
-52
-68
-74
-63
-52
-71
-71
-51
-60
-50
-34
-28
-44
20
236
415
39
-281
-235
-173
-89
-68
-69
-68
-62
-52
-56
-61
-58
-54
-43
-18
-7
12
29
52
69
81
74
46
19
1
-6
-17
-46
-39
-64
-58
-64
-57
-62
-53
-64
-50
-65
-71
-53
-56
-55
-60
-61
-48
-44
-49
-42
-39
-32
225
482
215
-312
-253
-183
-89
-89
-79
-73
-71
-61
-37
-34
-28
-8
9
18
29
35
38
44
60
89
109
90
61
34
19
-8
-9
-16
-23
-17
-2
-4
-6
-5
3
-13
85
354
444
-99
-260
-189
-90
-54
-35
-35
-45
-52
-59
-42
-32
-24
-6
9
13
13
23
41
61
83
78
53
20
6
-2
-16
-26
-25
-39
-50
-46
-41
-48
-44
-34
-33
-45
-44
-53
-64
-63
-68
-80
-63
-52
-50
-20
218
452
110
-307
-254
-189
-112
-90
-106
-121
-124
-113
-105
-105
-79
-68
-51
-36
-21
-17
-8
18
47
76
76
82
44
6
2
-2
-34
-27
-35
-32
-44
-46
-34
-31
-27
-18
-14
-18
-25
1
-20
-8
-31
-21
-21
-49
-42
-20
-9
-9
-5
56
295
567
244
-266
-232
-169
-43
-24
-31
-16
-23
-16
-16
-2
-3
18
40
38
48
56
41
55
65
84
107
112
82
44
26
7
-8
-14
-13
-17
-32
-28
-16
-24
-30
-23
-27
-30
-26
-22
-29
-36
-31
-43
-52
-55
-55
-50
-31
-5
2
-8
-28
178
475
377
-278
-297
-233
-122
-93
-88
-100
-102
-98
-100
-82
-67
-64
-57
-34
-28
-35
-29
-2
13
36
54
47
18
-14
-28
-39
-52
-53
-45
-50
-56
-54
-43
-51
-46
-46
-57
-56
-45
-46
-50
-57
-49
-40
-47
-39
-26
-27
-14
225
482
189
-289
-227
-149
-89
-79
-83
-91
-89
-76
-75
-66
-47
-37
-30
-20
1
7
13
23
44
47
40
10
-8
-33
-51
-56
-55
-58
-54
-50
-63
-74
-59
-51
-59
-72
-67
-66
-72
-73
-69
-70
-89
101
371
272
-308
-258
-197
-98
-76
-66
-63
-73
-72
-74
-79
-82
-46
-13
8
21
40
23
32
62
71
53
42
7
-5
-31
-25
-20
-37
-18
-21
-28
-43
-28
-24
-22
-26
-41
79
302
369
-128
-273
-245
-134
-70
-70
-69
-65
-52
-54
-42
-37
-2
12
19
37
12
29
53
76
103
87
67
30
3
6
-6
-19
-15
-20
-36
-56
-64
-75
-89
-79
-76
-76
-70
-69
-68
-75
-60
-56
-60
-56
-53
-56
-60
165
468
316
-295
-260
-200
-103
-87
-100
-121
-117
-118
-123
-111
-89
-71
-44
-11
6
16
33
49
72
99
107
92
53
21
-6
-28
-45
-42
-41
-51
-44
-30
-38
-42
-32
-29
-44
-30
-9
-8
-14
-4
-6
2
10
-7
131
409
481
-145
-269
-228
-120
-79
-72
-76
-85
-98
-86
-54
-26
-14
0
33
52
46
51
67
75
77
86
78
40
-5
-28
-42
-51
-63
-61
-62
-66
-78
-83
-73
-69
-69
-64
-75
-92
-93
-67
-69
-65
-67
-82
156
434
306
-345
-315
-270
-144
-117
-128
-130
-138
-128
-141
-113
-103
-73
-53
-27
-24
-20
-14
4
11
39
40
24
-26
-37
-42
-55
-62
-58
-50
-57
-52
-47
-53
-45
-52
-51
-62
-66
-61
-61
-44
-38
192
444
256
-316
-253
-201
-100
-61
-75
-73
-61
-67
-78
-50
-34
-24
11
32
51
58
74
64
88
110
103
68
31
17
-20
-21
-17
-15
-44
-22
-36
-29
-31
-26
-19
-20
-14
-27
-36
-58
62
319
402
-88
-273
-235
-147
-90
-79
-79
-80
-86
-82
-87
-84
-74
-65
-65
-42
-2
-1
5
20
49
56
37
6
-11
-38
-55
-66
-68
-74
-76
-58
-52
-58
-60
-59
-64
-66
-54
-32
-33
-37
-38
-37
-49
-50
-53
43
282
452
-4
-271
-229
-140
-66
-63
-76
-84
-88
-98
-79
-47
-42
-26
3
23
30
36
44
54
70
87
83
61
28
9
-8
-29
-41
-37
-37
-48
-50
-50
-54
-60
-47
-40
-49
-41
-35
-39
-47
-50
-54
-65
147
436
321
-282
-250
-189
-107
-98
-77
-88
-108
-103
-110
-124
-116
-87
-61
-42
-38
-19
-24
0
12
34
19
-6
-27
-56
-86
-83
-88
-95
-99
-99
-98
-108
-104
-113
-84
-77
-83
-76
-84
-85
-91
-96
-100
-92
-81
-80
-82
-65
-43
-38
-43
-38
-45
-57
117
388
307
-300
-300
-258
-153
-102
-86
-86
-89
-89
-91
-71
-70
-41
-17
-9
3
17
6
-7
44
74
95
89
81
47
19
1
-4
-14
-26
-19
-26
-31
-32
-29
-27
-22
-16
-30
-46
-61
-33
-35
-40
-40
-45
-52
-68
108
423
397
-253
-273
-218
-115
-70
-61
-80
-90
-78
-64
-60
-53
-36
-23
-14
-9
5
6
16
54
84
90
84
57
20
-13
-24
-32
-45
-49
-57
-64
-74
-62
-51
-55
-71
40
288
437
-49
-287
-237
-147
-80
-63
-74
-74
-60
-50
-43
-21
-12
-4
7
20
24
25
36
55
59
50
32
13
-7
-9
-14
-20
-6
-3
-10
-8
-2
-12
-27
-28
-24
-49
118
411
352
-282
-256
-195
-99
-69
-66
-75
-81
-68
-89
-78
-66
-42
-30
-15
1
10
6
33
52
62
55
28
14
-11
-21
-25
-36
-39
-28
-38
-42
-40
-37
-33
-32
-43
-45
-49
-60
-65
-53
-73
-55
-61
-61
20
270
405
-22
-271
-233
-142
-82
-57
-49
-58
-80
-83
-68
-52
-50
-28
-19
-2
12
14
33
50
65
75
90
54
35
38
20
-11
-13
-26
-44
-51
-36
-40
-36
-41
-57
106
346
388
-186
-296
-287
-180
-114
-104
-103
-91
-83
-72
-53
-36
-26
-12
2
8
-4
-6
6
23
24
9
1
-28
-38
-28
-23
-37
-42
-46
-56
-69
-73
-70
-79
-93
-85
-86
-90
-86
-78
-96
113
438
334
-336
-288
-222
-128
-102
-98
-106
-114
-101
-101
-100
-80
-72
-56
-22
-1
7
22
43
55
74
81
64
15
-10
-17
-32
-55
-56
-47
-53
-44
-40
-48
-47
-52
68
324
429
-137
-275
-244
-158
-111
-103
-111
-101
-106
-105
-100
-77
-67
-56
-37
-24
-26
-33
-21
-9
2
10
-5
-26
-46
-54
-51
-58
-68
-59
-65
-70
-71
-73
-63
-84
-92
-95
-98
-95
-87
-70
-90
-81
-74
-77
-81
-71
-61
-68
-66
-66
-68
-68
-69
78
300
388
-116
-302
-267
-181
-118
-94
-113
-120
-118
-97
-104
-74
-61
-44
-16
7
16
24
32
62
57
82
106
93
64
27
21
-7
-4
5
10
0
3
10
8
16
36
46
28
7
21
1
-5
-19
-1
59
322
536
140
-249
-197
-120
-23
-9
-12
-11
-30
-43
-43
-40
-29
-2
31
40
36
47
56
60
91
115
105
71
37
2
-18
-31
-28
-38
-52
-61
-59
-56
-78
-70
-71
-77
-64
-50
-56
-68
-72
-74
-51
204
492
172
-350
-286
-200
-122
-108
-106
-104
-124
-122
-120
-135
-129
-103
-72
-52
-29
-16
-10
-1
32
50
35
12
-13
-47
-60
-61
-68
-78
-79
-67
-56
-62
-64
-54
-52
-65
-55
-46
-44
-57
-47
-49
-64
-50
-36
-41
193
500
366
-293
-240
-169
-69
-59
-52
-62
-85
-96
-78
-60
-55
-28
-3
7
14
17
26
35
42
76
86
59
33
9
-11
-40
-40
-49
-54
-38
-42
-46
-49
-35
-34
-32
-39
-51
-41
-35
-57
-37
-30
-37
-19
-8
-11
-22
-23
-12
-24
-1
20
255
490
168
-303
-262
-196
-96
-77
-55
-58
-62
-55
-58
-37
-31
-14
17
11
18
27
10
30
56
88
89
65
38
19
1
-34
-10
-28
-27
-32
-25
-41
-47
-19
-13
-20
-20
-18
-25
-30
-20
-20
-40
143
452
394
-238
-242
-188
-77
-27
-24
-42
-51
-49
-55
-66
-46
-24
-20
-7
10
-2
-10
13
53
72
71
61
32
0
-11
-22
-37
-55
-57
-64
-74
-98
-96
-84
-92
-91
-88
-85
-98
-102
-93
-90
-104
-109
-98
-98
-99
-78
-70
-74
-84
-74
-75
-83
-88
-72
162
462
275
-360
-329
-273
-165
-134
-136
-135
-127
-112
-105
-89
-71
-56
-52
-35
-22
-28
-31
-17
-5
15
51
70
50
4
-28
-34
-47
-66
-69
-65
-69
-70
-68
-78
-82
-77
-56
-57
-62
-56
-42
-40
-42
212
541
362
-335
-288
-233
-121
-79
-77
-81
-76
-80
-86
-76
-73
-56
-31
-7
-13
-18
-4
10
51
75
58
23
-4
-14
-30
-58
-37
-65
-74
-79
-75
-93
-106
-98
-89
-88
-79
-74
-73
-71
-64
-67
-75
-77
-50
-53
-63
-61
-45
-39
-42
-26
217
500
257
-321
-287
-241
-137
-84
-88
-95
-96
-101
-86
-80
-58
-37
-34
-2
20
14
18
28
57
74
84
83
65
17
-4
-15
-21
-25
-22
-26
-38
-39
-29
-22
-23
-10
-4
0
-11
-12
-16
-15
-5
7
-3
-11
-2
-5
60
306
508
47
-282
-242
-135
-67
-59
-59
-52
-35
-26
-13
-4
-4
6
27
38
38
33
31
44
71
105
96
70
44
16
0
-14
-16
-10
-25
-36
-32
-37
-45
-42
-27
-30
-34
-31
-28
-25
217
489
219
-318
-265
-190
-109
-91
-71
-64
-73
-74
-52
-37
-35
-24
-10
-8
4
24
46
48
55
72
59
28
7
-14
-25
-29
-26
-29
-41
-45
-41
-46
-43
-47
-49
-58
-62
-74
126
371
307
-324
-297
-240
-127
-96
-111
-116
-118
-110
-104
-79
-66
-59
-49
-33
-23
-31
-11
19
43
48
46
26
-15
-36
-40
-46
-57
-56
-46
-59
-66
-60
-71
-73
-84
-92
-98
-91
-71
-73
-61
-62
-59
-74
-59
-54
-84
82
371
322
-281
-314
-283
-187
-155
-133
-146
-155
-151
-127
-116
-112
-97
-55
-67
-35
-25
-6
-26
8
32
71
69
32
15
-31
-50
-49
-59
-64
-64
-55
-43
-62
-54
-38
-49
-44
-33
-40
-27
-59
-34
-50
-52
142
412
336
-247
-281
-243
-142
-89
-71
-65
-76
-74
-58
-52
-46
-14
13
25
37
50
40
47
76
104
99
77
45
23
-2
-17
-18
-31
-43
-41
-44
-60
-54
-45
-57
-52
-60
-43
206
520
213
-350
-275
-168
-78
-69
-66
-67
-80
-72
-56
-49
-42
-15
-1
-4
-9
-20
-7
21
76
83
52
19
-12
-32
-40
-41
-43
-53
-53
-49
-60
-62
-48
-44
196
496
308
-352
-296
-222
-104
-81
-80
-83
-86
-89
-80
-58
-53
-33
-9
11
17
30
53
70
75
78
76
45
15
2
-1
-4
-10
-4
7
0
-12
-2
4
-10
-13
-10
-11
-23
-32
-32
-31
-28
-18
-10
-9
-15
-13
-14
-23
-31
-27
-14
199
457
224
-302
-274
-226
-133
-115
-119
-108
-78
-80
-68
-50
-45
-43
-42
-21
-13
-25
-10
-8
0
15
43
38
17
-25
-39
-64
-50
-52
-50
-79
-59
-63
-73
-76
-79
-73
-76
-82
-66
-63
-57
-60
-37
188
457
144
-317
-251
-187
-107
-74
-66
-65
-88
-84
-90
-98
-91
-55
-37
-16
-20
5
-1
42
85
67
67
56
20
-24
-21
-15
-13
-8
22
-4
-21
-3
-13
-21
-19
-51
210
475
295
-326
-274
-223
-114
-79
-48
-58
-47
-57
-55
-39
-24
-6
-4
23
13
-7
-5
44
88
106
109
88
51
22
16
0
-10
-10
-7
-16
-25
-25
-29
-32
-28
-17
-22
-28
-26
-29
-51
-44
-14
-24
71
337
504
-7
-295
-238
-133
-77
-58
-49
-48
-54
-45
-47
-41
-36
-13
0
7
18
29
43
49
82
102
91
66
38
-4
-33
-23
-22
-32
-40
-36
-37
-44
-38
-31
-37
-38
-21
-16
-19
-14
-11
-14
-14
-4
-3
-19
-29
-28
-27
-39
-43
-42
-41
-45
-48
-49
-70
-95
-64
-44
-44
-34
63
330
517
95
-261
-242
-153
-74
-55
-67
-67
-69
-72
-80
-77
-72
-65
-53
-42
-37
-28
-29
-14
7
43
82
80
40
1
-45
-60
-55
-60
-76
-92
-85
-48
52
208
-81
-363
-271
-163
-73
-57
-39
-38
-39
-33
-15
9
13
39
57
49
51
74
106
110
97
46
0
-28
-35
-19
-36
-21
-8
-19
-33
-40
-18
-6
-5
23
3
4
36
277
524
243
-273
-230
-168
-71
-33
-61
-79
-77
-72
-88
-64
-44
-7
7
31
63
67
72
95
116
115
112
97
64
28
9
2
-10
-23
-25
-28
-41
-43
-43
-46
-49
-48
-53
-46
-37
-39
-40
-41
-59
-56
-47
-58
-67
174
443
216
-328
-269
-195
-111
-104
-96
-108
-127
-114
-97
-84
-67
-48
-46
-56
-20
-6
-4
3
31
58
68
51
13
-26
-45
-49
-53
-63
-63
-70
-74
-79
-66
-68
-77
-61
-71
-83
-80
-79
-75
26
324
483
-85
-297
-239
-135
-90
-71
-79
-81
-99
-92
-90
-92
-88
-72
-58
-20
-10
-12
14
62
70
68
52
27
-14
-37
-40
-53
-63
-67
-67
-66
-69
-56
-66
-58
-61
-50
-60
-55
-49
-53
-64
-29
-18
-24
-26
-31
-25
-36
-26
-34
-38
-42
182
508
373
-312
-320
-271
-137
-75
-62
-55
-48
-63
-48
-36
-29
-24
-20
8
-6
4
-6
1
15
25
84
86
68
53
16
-7
-23
-25
-10
-12
-15
-24
-26
-39
-40
-30
-24
-42
-34
-17
-28
-48
94
387
485
-109
-320
-261
-162
-98
-77
-70
-73
-60
-37
-32
-39
-20
0
11
27
29
28
47
74
96
81
64
31
-13
-43
-46
-45
-54
-49
-50
-61
-64
-58
-58
-73
-80
-77
-87
-82
23
296
463
-52
-312
-250
-154
-87
-71
-80
-84
-81
-80
-85
-73
-57
-50
-34
-26
-32
-32
9
54
71
79
76
51
17
5
-2
-15
-17
-13
-21
-40
-44
-39
-40
-34
-29
-28
-42
-40
-30
-35
-33
-31
-27
-36
-37
-15
-13
-23
-24
-6
-16
-12
222
516
328
-258
-230
-180
-85
-59
-51
-53
-61
-51
-49
-39
-40
-25
-9
7
27
31
24
42
51
86
92
102
75
22
-3
-27
-21
-43
-28
-28
-25
-40
-32
-20
-49
-45
-40
-49
-56
-45
-47
-45
-44
-16
-21
-17
2
8
13
0
12
-5
-35
71
329
448
-75
-308
-263
-181
-100
-52
-53
-70
-69
-58
-52
-53
-42
-32
-29
-11
-5
-9
-22
-16
12
46
73
68
46
11
-20
-31
-32
-42
-52
-43
-50
-56
-51
-47
-56
-71
-61
-50
-51
-56
-46
-45
-55
-52
-46
-64
25
311
493
-14
-284
-233
-127
-80
-60
-65
-90
-100
-85
-72
-75
-56
-44
-44
-34
-16
-18
-21
-3
31
42
29
11
-18
-47
-54
-47
-64
-71
-72
-74
-85
-88
-85
-98
-90
-81
-69
-65
-52
-49
-62
-62
-51
-49
-37
-26
-25
-32
-27
-25
-30
-40
-37
-24
-44
133
415
306
-283
-247
-189
-95
-82
-73
-65
-72
-75
-67
-44
-38
-7
7
22
29
34
23
24
36
65
86
76
60
41
9
-18
-30
-34
-40
-50
-33
-36
-40
-44
-35
-36
-30
-48
-33
-40
-55
-41
184
462
258
-277
-225
-169
-73
-52
-55
-60
-64
-53
-50
-46
-44
-51
-34
-10
-4
-7
-10
32
48
54
31
14
-13
-18
-24
-31
-48
-44
-53
-64
-63
-60
-72
171
423
169
-358
-310
-235
-142
-121
-106
-92
-97
-88
-79
-65
-51
-18
0
11
23
38
54
71
84
72
37
11
3
-11
-24
-20
-19
-20
-9
7
-10
-6
2
-14
-8
-1
-5
-17
-24
-26
-31
-41
-32
-38
132
427
481
-190
-258
-208
-88
-62
-48
-47
-44
-51
-65
-58
-48
-41
-10
16
27
41
53
66
67
96
128
125
91
56
31
4
-21
-32
-38
-53
-62
-44
-36
-48
-46
-44
-45
-47
-44
-41
-39
-43
-40
-33
-39
-52
-46
-28
-26
-39
-32
-20
-18
-12
-11
238
539
331
-318
-289
-223
-106
-84
-90
-92
-81
-78
-84
-78
-68
-64
-44
-24
-17
-22
-16
0
5
32
62
57
17
-13
-33
-65
-82
-79
-69
-79
-77
-71
-74
-78
-64
-84
-91
-79
-78
-65
-51
-22
-37
-41
-31
-32
-50
-48
-41
-66
146
452
325
-352
-321
-247
-124
-122
-93
-87
-89
-80
-81
-65
-53
-22
-22
0
3
9
35
28
68
86
77
63
30
0
-44
-28
-59
-75
-73
-67
-52
-50
-51
-22
-30
-30
-15
-34
-61
-24
-37
-68
-44
44
333
484
-79
-308
-270
-162
-60
-51
-47
-30
-31
-43
-26
-14
-18
5
31
43
36
39
48
62
76
103
95
61
36
21
12
5
11
8
-2
-16
-18
-25
-37
-49
-48
-50
-55
-43
-36
0
260
538
186
-323
-263
-169
-84
-65
-60
-56
-67
-74
-58
-36
-33
-33
-13
-7
2
9
36
55
67
79
73
33
-5
-25
-45
-70
-73
-70
-74
-77
-70
-58
-70
-68
-70
-79
-97
-117
81
393
342
-340
-354
-289
-184
-144
-131
-140
-151
-140
-126
-118
-98
-69
-49
-45
-42
-36
-37
-10
31
55
44
29
0
-12
-32
-39
-44
-61
-62
-58
-77
-58
-65
-66
-68
-59
-46
-48
-44
-28
-35
-30
-28
-16
75
343
425
-140
-291
-238
-118
-66
-46
-48
-33
-46
-42
-51
-26
3
45
80
94
122
115
122
129
165
169
178
149
86
92
51
54
28
15
27
6
-4
-4
-17
-10
-10
13
12
5
8
28
12
10
14
9
-22
36
310
525
123
-330
-277
-201
-120
-91
-96
-130
-110
-89
-49
-38
-87
-19
7
-19
-24
-7
-18
-40
-12
15
28
26
-9
-44
-89
-129
-150
-124
-116
-127
-87
-94
-148
-156
-139
-180
-162
-161
-161
-164
-142
40
382
193
-423
-352
-269
-183
-195
-170
-184
-214
-185
-164
-205
-123
-121
-183
-80
-115
-87
-60
-48
-1
-28
-33
-26
-54
-85
-131
-122
-108
-145
-61
-95
-54
-124
-141
-204
-43
-104
-110
-91
-94
-113
-144
-20
210
514
0
-375
-337
-232
-146
-102
-152
-116
-101
-89
-52
-88
-61
-45
-85
2
-9
53
58
58
98
78
132
86
48
-3
-5
-2
-3
-91
-16
-59
-31
-96
-81
-83
-75
-109
-93
-76
-73
-36
-76
-85
-84
-115
-55
-118
-136
-44
-150
-81
-81
160
421
336
-340
-327
-342
-200
-157
-88
-106
-155
-113
-156
-169
-182
-78
-57
-19
-5
0
-31
-4
71
122
157
166
109
142
39
72
104
47
152
81
46
132
135
42
85
96
202
386
652
529
-102
-49
-40
144
199
143
184
291
121
231
197
197
165
217
250
221
203
284
301
355
394
432
469
429
476
399
259
316
177
137
185
158
112
75
123
409
625
83
-306
-268
-197
-113
-98
-95
-130
-107
-174
-230
-251
-236
-272
-264
-224
-208
-199
-164
-110
-88
-86
-112
-148
-175
-203
-209
-204
-221
-245
-242
-258
-277
-268
-265
-245
-258
-249
-266
-260
-262
-253
-253
-276
-60
213
117
-461
-436
-394
-271
-258
-244
-249
-233
-223
-207
-189
-200
-160
-144
-100
-59
-33
-31
5
29
50
72
65
34
28
29
-44
4
-23
-24
16
-9
12
14
71
120
180
43
28
-285
-232
-246
-203
-80
45
79
92
96
96
115
125
143
185
198
235
231
248
267
266
252
242
213
140
96
67
31
-10
-30
-34
-28
-43
-44
-38
-48
-67
-72
-83
-104
-118
-123
-118
-130
-118
-121
-121
-123
-97
-81
-82
-99
-46
207
436
90
-362
-324
-258
-178
-151
-146
-160
-160
-156
-149
-145
-117
-100
-97
-79
-59
-65
-71
-66
-54
-47
-24
3
-15
-68
-120
-133
-132
-130
-138
-127
-113
-111
-92
-79
-99
-78
-71
-81
-56
-66
-63
-59
-62
-45
-41
-28
-17
-6
48
316
499
-43
-260
-216
-84
-28
-39
-29
-32
4
22
16
58
47
110
119
120
116
138
119
117
145
158
141
120
85
82
60
52
28
38
35
34
39
37
28
-7
87
332
487
26
-274
-227
-143
-70
-60
-56
-68
-67
-66
-64
-51
-31
-16
-11
1
3
-18
-14
7
35
50
36
26
-3
-33
-45
-42
-54
-57
-60
-73
-90
-90
-88
-86
-92
-81
-63
-54
-73
-76
-72
-84
-95
-90
-97
-115
-69
155
383
86
-344
-295
-231
-162
-130
-143
-172
-178
-179
-179
-157
-134
-117
-82
-44
-28
-9
-14
14
32
74
80
93
73
22
3
4
-24
-44
-42
-44
-51
-37
-42
-21
-23
-6
-19
20
-4
7
-15
118
400
423
-161
-257
-216
-116
-73
-66
-55
-85
-74
-44
-26
-40
5
-2
16
39
56
34
40
45
72
72
50
20
-7
-30
-40
-43
-64
-73
-77
-89
-103
-108
-97
-99
-94
-87
-91
-95
-105
-121
-117
-106
-118
-117
-44
180
380
-39
-344
-306
-208
-142
-140
-138
-142
-154
-167
-148
-119
-96
-72
-50
-38
-32
-44
-42
-37
-19
3
25
2
-34
-63
-81
-93
-92
-90
-87
-100
-102
-91
-101
-101
-100
-90
-75
-64
-56
-44
-51
-64
83
325
354
-130
-237
-186
-104
-66
-52
-41
-60
-47
-33
-49
-29
-11
-10
50
65
90
96
111
142
155
151
158
120
85
84
43
63
39
22
57
58
31
39
34
11
29
17
25
33
45
63
64
43
40
18
24
18
63
306
535
207
-239
-208
-134
-18
-30
-37
-42
-55
-54
-27
-16
-10
-5
18
37
33
27
20
6
16
55
74
68
41
15
-25
-45
-52
-68
-90
-88
-84
-73
-61
-41
-44
-63
-50
-59
-68
-70
-59
-68
-77
-73
-79
145
424
264
-321
-284
-214
-117
-98
-82
-82
-90
-98
-80
-66
-57
-18
-6
6
20
33
31
31
47
74
78
67
53
21
-10
-26
-12
-27
-34
-37
-25
-35
-32
-14
-33
-19
-31
-34
-15
-31
167
391
356
-236
-224
-192
-103
-68
-26
-41
-25
-4
-13
3
33
38
28
41
71
63
74
64
107
108
103
85
102
53
30
11
-1
-1
-11
-22
-19
-36
-38
-30
-31
-47
-53
-48
-44
-42
-35
-13
209
437
178
-297
-270
-205
-114
-116
-121
-120
-125
-128
-121
-107
-96
-102
-82
-57
-57
-61
-62
-65
-60
-35
-13
-26
-59
-89
-112
-118
-128
-126
-130
-150
-147
-147
-156
-145
-133
-140
-141
-133
-139
-144
-135
-135
-135
-133
-117
-113
-109
-101
-102
-114
-124
-125
-133
-135
-133
-150
-168
-163
-177
-159
-150
-129
-118
-126
-82
73
210
8
-309
-247
-175
-121
-115
-125
-134
-124
-127
-123
-102
-87
-73
-66
-45
-52
-35
-39
-34
-18
6
48
98
91
38
24
-3
-20
-13
-19
-9
-22
-24
-28
-56
54
193
228
-78
-313
-180
-72
-23
15
23
52
72
75
100
119
114
138
176
156
163
166
158
141
172
133
106
66
58
52
30
22
19
28
2
16
19
4
8
0
10
-6
-9
-22
154
427
489
-159
-289
-255
-128
-76
-82
-88
-87
-97
-102
-94
-80
-76
-57
-26
-22
-22
-18
-9
11
18
42
35
1
-26
-50
-69
-70
-23
111
-41
-146
-393
-519
-363
-214
-151
-139
-118
-94
-84
-62
-19
-1
17
32
64
78
86
96
94
69
53
45
16
-16
-45
-56
-73
-76
-50
-42
-50
-46
-37
-32
-30
-37
-34
-39
-32
-31
-28
-42
-25
60
211
229
-52
-275
-205
-106
-62
-44
-60
-45
-29
-27
-31
-2
37
47
61
79
101
93
110
118
145
161
172
170
136
106
68
40
3
-7
-3
-20
-41
-18
-43
-53
-77
-53
-69
15
236
370
-77
-293
-249
-123
-72
-53
-38
-18
-45
-20
0
-12
22
65
73
83
61
72
75
81
91
100
85
49
37
-1
-26
-20
-24
-30
-29
-18
-17
-38
-41
-45
-61
-65
-66
-32
180
445
149
-371
-324
-239
-134
-129
-132
-119
-124
-104
-90
-73
-53
-33
-8
0
-16
-33
-14
-16
2
35
67
63
20
-6
-41
-66
-88
-96
-110
-126
-137
-133
-137
-158
-148
-161
-162
-152
-129
-132
-118
-105
-102
113
423
301
-365
-323
-239
-151
-145
-144
-140
-135
-120
-103
-89
-86
-56
-20
-6
6
7
-3
-11
9
39
51
39
16
-17
-41
-44
-46
-46
6
106
54
-55
-249
-429
-343
-172
-69
-63
-56
-43
-22
-7
20
50
62
71
98
103
111
113
118
111
96
89
55
16
-26
-33
-31
-23
-6
-13
3
-7
-2
1
6
-13
-13
4
-3
-9
-16
11
-24
10
2
5
13
-22
-1
-9
-21
8
23
4
2
10
5
8
155
399
363
-181
-225
-187
-65
-28
-47
-29
-26
-53
-63
-23
-9
-14
16
41
25
37
47
40
26
21
78
110
146
162
150
98
75
71
147
242
294
76
-36
-157
-132
-120
-130
-143
-147
-159
-160
-164
-156
-138
-84
45
157
183
126
-210
-366
-359
-314
-212
-183
-159
-160
-141
-112
-68
-40
-8
31
59
70
59
30
-4
-21
-25
-54
-72
-66
-74
-77
-81
-63
-61
-56
-44
-52
-68
-65
-65
-71
-69
-58
-65
-74
-76
-64
-72
-72
-54
-42
-46
-43
-14
-16
-20
-22
-19
-21
-11
52
160
258
88
-198
-186
-127
-53
-13
-6
-5
-4
2
2
4
23
49
42
47
62
71
84
114
156
187
228
281
340
360
336
314
266
243
169
-16
-209
-223
-200
-176
-151
-152
-151
-143
-164
-136
-137
-130
-118
-77
3
97
227
-21
-339
-281
-175
-144
-168
-164
-146
-149
-148
-128
-111
-57
-35
16
169
322
111
-55
-272
-261
-222
-200
-204
-209
-191
-199
-184
-200
-221
-298
-370
-363
-298
-256
-194
-158
-210
-168
-99
-33
-9
60
135
177
173
28
-231
-386
-355
-300
-338
-266
-189
-121
-60
44
124
216
276
332
359
196
-92
-205
-271
-299
-273
-210
-130
-87
-13
65
149
229
343
432
539
431
-2
-242
-352
-331
-245
-185
-190
-149
-68
15
101
172
246
370
552
709
540
74
-209
-254
-216
-233
-224
-203
-150
-109
-62
-18
63
196
396
659
750
774
706
239
-94
-306
-385
-372
-349
-352
-361
-326
-256
-127
102
286
352
454
592
465
154
-180
-436
-451
-456
-452
-436
-423
-350
-215
-2
302
589
846
790
678
227
-215
-433
-473
-501
-529
-548
-547
-487
-424
-230
155
576
725
736
543
168
-261
-448
-518
-547
-562
-570
-525
-437
-293
21
387
703
844
696
333
-28
-345
-504
-537
-564
-545
-554
-481
-330
-143
180
544
808
828
588
163
-203
-393
-460
-443
-453
-461
-416
-328
-131
121
451
749
960
776
361
-80
-306
-331
-369
-363
-334
-314
-274
-146
80
277
514
705
745
474
80
-204
-260
-274
-233
-197
-171
-123
-54
51
208
363
411
347
296
-47
-226
-226
-212
-156
-100
-35
46
97
106
224
348
229
129
39
-188
-284
-220
-175
-152
-64
24
109
158
166
217
217
-2
-164
-305
-365
-297
-190
-94
-55
12
104
202
230
207
196
10
-257
-388
-468
-418
-278
-68
58
123
161
251
321
348
224
8
-269
-442
-504
-525
-421
-225
29
198
296
364
444
522
536
531
181
-241
-508
-653
-676
-664
-502
-269
-11
224
375
489
609
701
723
371
-198
-421
-530
-582
-548
-476
-301
-107
108
315
466
588
646
679
550
300
-10
-213
-538
-586
-524
-443
-276
-153
14
181
291
360
398
257
-14
-204
-310
-383
-479
-522
-392
-273
-123
67
188
314
371
409
266
8
-224
-336
-437
-485
-385
-355
-203
-104
59
188
315
381
407
325
48
-164
-392
-444
-520
-444
-326
-196
-115
44
222
320
396
456
473
485
243
-122
-407
-516
-516
-398
-323
-192
-71
74
207
302
358
385
384
404
155
-262
-477
-504
-457
-369
-306
-178
-46
98
224
298
357
412
444
431
259
-260
-555
-594
-522
-403
-304
-199
-68
37
107
187
283
361
386
395
303
194
-56
-376
-416
-372
-328
-261
-234
-200
-142
-66
7
70
127
163
214
282
326
82
-214
-448
-524
-467
-328
-248
-212
-191
-133
-89
-40
64
230
334
382
356
142
-210
-413
-509
-468
-419
-352
-296
-248
-182
-24
95
226
297
279
204
155
-63
-260
-386
-425
-404
-339
-250
-141
-13
151
205
239
243
169
71
-1
-76
-262
-388
-397
-388
-333
-217
15
183
268
310
285
247
189
72
-22
-138
-300
-338
-371
-336
-233
-125
167
403
463
446
379
353
171
10
-140
-281
-394
-458
-486
-450
-328
-67
193
323
399
370
294
164
-18
-209
-301
-337
-393
-414
-432
-386
-229
-1
344
660
736
662
534
299
-77
-261
-394
-493
-548
-576
-581
-506
-399
-108
245
487
677
652
360
86
-215
-382
-469
-516
-531
-527
-510
-380
-142
240
515
743
750
428
48
-250
-334
-397
-452
-460
-466
-463
-445
-359
-173
104
337
472
306
180
-79
-197
-186
-176
-148
-107
-97
-96
-91
-51
125
227
157
-148
-241
-297
-249
-160
-48
7
70
129
135
159
165
147
35
73
64
-252
-269
-145
-69
27
150
196
250
295
332
320
255
112
-167
-308
-370
-447
-400
-286
-25
221
310
409
461
504
525
479
310
56
-99
-246
-404
-416
-342
-226
36
285
423
482
523
542
500
236
20
-191
-366
-457
-432
-397
-369
-199
107
302
433
518
546
532
434
214
-96
-360
-459
-521
-503
-468
-367
-159
136
354
482
579
641
544
362
99
-251
-388
-479
-515
-505
-453
-304
-64
220
384
510
625
696
636
368
-102
-349
-501
-550
-533
-547
-469
-268
-12
159
312
444
552
628
637
620
573
-57
-515
-587
-601
-630
-524
-321
-107
21
134
241
308
424
481
499
540
534
361
301
31
-318
-559
-448
-321
-282
-240
-191
-139
-87
-28
66
120
124
102
-60
-202
-365
-410
-368
-271
-157
-120
-84
-11
76
182
240
189
81
-57
-309
-446
-419
-333
-239
-132
-78
-29
58
95
211
253
208
59
-89
-460
-537
-447
-329
-282
-223
-156
-81
-15
54
213
250
197
89
-56
-434
-543
-440
-362
-328
-278
-249
-207
-131
-35
88
196
170
141
2
-317
-464
-372
-311
-285
-250
-215
-198
-137
-81
36
173
205
242
153
-184
-406
-349
-288
-269
-272
-258
-231
-207
-187
-174
-111
-17
72
76
-72
-188
-360
-302
-196
-146
-152
-98
-62
-66
-34
3
57
55
-115
-219
-362
-315
-363
-295
-170
4
49
84
137
164
186
218
145
-48
-189
-395
-472
-396
-250
-97
63
233
288
353
439
463
461
287
-79
-391
-598
-677
-650
-550
-329
-13
300
511
677
798
893
959
814
398
23
-317
-492
-480
-435
-320
-150
98
399
599
713
791
832
814
792
692
591
59
-479
-635
-664
-642
-518
-309
-83
152
338
473
537
613
694
718
687
664
591
460
129
-280
-500
-670
-600
-383
-240
-137
-56
25
112
193
280
308
312
344
376
443
549
293
-49
-388
-501
-470
-428
-395
-358
-324
-305
-259
-199
-163
-101
-86
-26
-2
-6
47
103
-147
-275
-338
-283
-251
-197
-166
-124
-91
-29
-26
8
3
-17
-42
-95
-99
-104
-140
-129
-158
-127
-128
-81
-78
-62
-45
-62
-69
-52
-71
-73
-84
-77
-99
-111
-124
-144
-173
-181
-180
-168
-176
-166
-154
-150
-162
-160
-153
-159
-170
-164
-164
-174
-173
-170
-171
-180
-172
-160
-162
-146
-127
-111
-120
-116
-106
-106
-113
-115
-112
-114
-125
-112
-120
-126
-121
-112
-112
-118
-108
-98
-100
-96
-89
-79
-79
-74
-63
-60
-18
-26
0
-183
-318
-306
-219
-112
-58
-39
-16
-16
0
28
41
75
135
149
156
256
304
375
460
531
539
565
531
467
411
356
315
256
216
203
214
242
143
36
-53
-224
-72
19
29
48
67
76
106
131
148
168
157
212
202
196
202
144
125
92
74
63
32
26
5
22
16
30
7
9
6
-1
-26
-13
-15
-27
-49
-52
-65
-90
-91
-106
-132
-153
-171
-183
-203
-211
-218
-224
-237
-228
-237
-245
-239
-225
-219
-225
-214
-200
-177
-182
-164
-155
-151
-144
-138
-128
-143
-144
-143
-136
-147
-149
-148
-141
-138
-141
-139
-128
-133
-134
-112
-110
-104
-103
-102
-91
-96
-69
-2
200
263
125
-63
-181
-195
-208
-208
-191
-192
-180
-166
-166
-136
-93
-79
-43
0
70
110
140
207
268
318
320
282
247
170
127
111
93
34
38
33
16
6
5
-4
-25
2
8
-4
-8
-6
2
-7
-4
-20
-26
-18
0
-1
19
28
-2
33
18
38
27
17
36
28
24
43
46
43
37
58
68
44
46
63
49
36
34
38
32
24
28
0
-2
-2
-16
-38
-47
-52
-28
50
158
-85
-372
-319
-217
-133
-124
-112
-98
-96
-99
-65
-37
-25
-5
8
-3
-4
14
46
63
64
46
-5
-62
-78
-86
-101
-111
-122
-118
-136
-137
-137
-139
-142
-122
-124
-139
-145
-142
-144
-148
-144
-145
-141
-146
-132
-127
-130
-127
-108
-105
-107
-95
-91
-97
-97
-90
-87
-86
-80
-59
-69
-58
-54
-36
-42
-46
-24
-21
-4
-29
-23
-27
-30
-34
-32
-24
-39
-18
-10
23
115
419
346
50
-30
-23
-48
-26
-30
-30
-32
-29
-5
1
20
63
62
63
78
101
120
130
138
146
131
96
87
71
71
42
53
49
31
45
40
38
35
42
47
36
27
28
24
5
13
4
-7
-9
-11
-17
-22
-15
-29
-30
-43
-51
-52
-58
-78
-85
-96
-126
-124
-109
-110
-109
-92
-75
-74
-82
-32
148
388
139
-136
-140
-161
-162
-181
-191
-196
-197
-197
-185
-168
-152
-138
-130
-114
-88
-72
-51
-47
-68
-72
-94
-106
-113
-119
-128
-136
-126
-133
-130
-124
-122
-127
-113
-112
-117
-131
-116
-118
-124
-119
-113
-108
-113
-100
-95
-100
-16
283
462
44
-118
-120
-137
-131
-136
-121
-146
-138
-120
-99
-62
-23
5
12
12
38
65
76
52
59
35
36
34
29
39
18
29
43
14
20
24
27
43
34
43
55
53
56
48
71
29
70
68
67
54
49
71
38
48
40
53
39
30
17
28
12
23
6
-3
-19
-9
-13
-14
-23
-24
-29
-19
5
192
473
403
-53
-67
-77
-83
-95
-104
-103
-101
-100
-83
-62
-52
-45
-37
-26
-23
3
34
38
32
28
5
-29
-42
-54
-73
-92
-77
-78
-88
-92
-81
-93
-104
-98
-104
-112
-96
-89
-89
-75
-81
-91
-103
-100
-96
-109
-111
-107
-111
-128
-119
-118
-122
-121
-101
-110
-113
156
459
270
-170
-150
-147
-154
-150
-136
-138
-143
-126
-113
-103
-90
-70
-46
-50
-48
-27
-1
-7
-13
-5
-13
-41
-27
-13
-12
-20
-12
-21
-29
-37
-20
-29
-14
-15
-9
-5
-3
1
2
20
23
12
27
43
17
28
27
21
20
34
35
43
32
35
33
36
9
58
375
598
242
5
-3
-21
-16
-8
-33
-31
-37
-25
-12
0
8
13
9
10
19
20
34
55
38
18
10
-3
-27
-37
-51
-64
-64
-73
-78
-79
-80
-72
-83
-77
-76
-74
-84
-72
-67
-76
-84
-78
-76
-85
-94
-90
-99
-104
-100
-93
-102
-105
-103
-113
-115
-125
64
339
447
-125
-137
-156
-149
-152
-163
-173
-167
-167
-165
-149
-132
-116
-100
-85
-85
-76
-61
-47
-64
-73
-71
-79
-87
-82
-81
-98
-108
-106
-109
-121
-108
-96
-93
-88
-78
-68
-78
-69
-51
-40
-36
-45
-46
-34
-37
-33
-39
-47
-35
-44
-45
-34
-35
-23
-24
-37
74
381
587
70
-47
-56
-53
-57
-63
-69
-67
-71
-71
-24
-17
-8
15
21
20
40
50
68
88
71
38
62
52
32
35
46
38
22
26
43
18
17
35
21
15
19
23
11
7
10
14
21
15
32
18
13
6
-2
-4
-12
-6
-9
-12
-29
-21
-41
83
402
620
31
-91
-104
-109
-118
-120
-114
-112
-100
-93
-72
-59
-49
-43
-29
-37
-34
-15
-5
5
-6
-5
-12
-29
-40
-36
-41
-40
-40
-46
-52
-62
-55
-66
-58
-50
-42
-43
-46
-47
211
507
457
-104
-97
-112
-107
-114
-122
-114
-105
-102
-94
-63
-44
-43
-35
-36
-40
-42
-43
-49
-52
-52
-32
-30
-28
-20
-21
-26
-23
-29
-42
-40
-34
-44
-52
-43
-41
-55
-44
-48
-77
143
480
581
-99
-96
-119
-121
-132
-136
-135
-144
-144
-120
-108
-89
-73
-61
-62
-58
-45
-25
-22
-21
-16
-8
-25
-33
-34
-34
-40
-42
-42
-49
-58
-57
-49
-68
-26
283
591
212
-122
-130
-143
-150
-154
-143
-141
-156
-149
-126
-111
-98
-78
-52
-48
-38
-29
-35
-48
-64
-68
-76
-61
-57
-58
-65
-65
-64
-72
-71
-68
-74
-84
-57
-41
-51
-55
-63
121
399
560
-41
-100
-126
-123
-127
-136
-140
-139
-134
-123
-105
-91
-87
-74
-51
-45
-53
-47
-44
-46
-37
-32
-34
-31
-26
-32
-44
-53
-51
-62
-58
-49
-54
-55
-52
-45
-8
279
585
242
-74
-84
-84
-93
-104
-96
-108
-114
-92
-77
-66
-50
-30
-16
-4
8
30
6
-12
-26
-27
-42
-46
-56
-66
-58
-39
-29
-34
-36
-29
-21
-28
-16
-9
-10
-22
-6
-16
78
343
606
155
-50
-75
-78
-80
-92
-98
-96
-92
-95
-86
-65
-48
-34
-18
-5
-13
-8
4
8
7
3
7
3
-22
-32
-38
-41
-49
-28
-29
-35
-34
-28
-32
-31
-21
-23
-31
-34
-40
135
428
570
-61
-82
-102
-102
-107
-122
-115
-110
-111
-100
-85
-71
-61
-39
-36
-39
-27
-15
-1
2
-4
-7
-17
-27
-24
-34
-49
-48
-38
-43
-44
-38
-45
-52
-36
-30
-42
-41
-17
-14
-42
154
460
598
-18
-55
-69
-85
-91
-78
-89
-97
-89
-75
-72
-58
-42
-34
-38
-29
-21
-10
2
4
-1
-16
-20
-29
-50
-58
-53
-59
-68
-61
-44
-53
-57
-59
-59
-52
-45
-38
-49
-34
-35
55
345
626
90
-71
-97
-98
-112
-118
-120
-127
-132
-135
-115
-115
-105
-84
-70
-76
-62
-43
-31
-26
-40
-40
-64
-77
-79
-86
-103
-104
-96
-103
-113
-94
-88
-88
-93
-80
-67
-74
-78
-62
-60
-66
-14
270
565
231
-102
-112
-130
-132
-128
-131
-136
-125
-113
-101
-98
-85
-69
-64
-49
-23
-13
-16
6
20
6
-8
-9
-18
-36
-46
-48
-52
-64
-61
-48
-43
-43
-48
-37
-37
-31
-25
-21
-33
-44
-32
40
290
551
176
-55
-77
-92
-94
-104
-115
-112
-105
-102
-102
-95
-90
-85
-75
-47
-37
-28
-11
5
10
-1
-10
-20
-38
-45
-55
-69
-74
-81
-75
-77
-77
-62
-57
-68
-53
-48
-58
-52
-48
-55
210
528
358
-97
-94
-101
-110
-117
-120
-126
-127
-106
-103
-89
-78
-66
-66
-70
-53
-33
-33
-14
0
-17
-30
-39
-52
-69
-60
-68
-69
-69
-67
-68
-70
-68
-65
-58
-46
-35
-36
-41
-33
-20
-44
84
384
631
75
-54
-72
-80
-89
-99
-95
-104
-121
-98
-75
-74
-75
-57
-37
-28
-24
7
24
15
18
16
7
-11
-22
-28
-44
-54
-54
-55
-67
-74
-63
-52
-58
-48
-37
-37
-33
-30
-24
-36
-39
28
313
616
246
-63
-83
-91
-97
-99
-107
-114
-106
-105
-100
-90
-85
-74
-56
-32
-13
-5
14
32
19
15
14
3
-21
-35
-41
-57
-60
-61
-64
-85
-73
-47
-48
-59
-42
-31
-28
-31
-28
-34
-38
32
316
608
223
-61
-80
-86
-92
-111
-124
-129
-109
-112
-100
-84
-74
-70
-36
-20
-4
-7
9
24
22
12
11
-16
-27
-23
-39
-52
-50
-54
-57
-56
-46
-28
-39
-33
-15
-23
-24
-17
-16
-9
-24
29
328
594
362
-54
-64
-72
-77
-68
-78
-92
-82
-67
-62
-66
-58
-36
-31
-9
16
10
44
67
51
58
34
42
27
7
-1
-4
-24
-29
-32
-39
-53
-56
-44
-38
-40
-30
-24
-33
-51
-40
-28
-62
124
480
648
-92
-110
-127
-136
-143
-147
-156
-170
-176
-167
-154
-162
-150
-117
-105
-92
-71
-52
-42
-36
-32
-49
-61
-69
-82
-101
-113
-120
-136
-154
-145
-148
-141
-123
-117
-112
-93
-78
-76
-81
-80
-70
-80
-35
266
615
257
-127
-140
-150
-163
-158
-150
-150
-151
-132
-117
-123
-123
-97
-72
-54
-34
-11
-1
-4
1
-7
-18
-19
-25
-41
-41
-55
-55
-58
-46
-44
-54
-59
-54
-46
-36
-11
2
-29
-2
18
-4
-2
297
632
540
-29
-18
-49
-52
-48
-68
-60
-61
-59
-39
-25
-22
-12
10
35
54
66
78
88
86
64
75
41
42
40
18
28
-1
9
13
-17
-1
8
8
-13
-11
-10
-15
-6
8
19
33
23
30
18
42
383
720
439
-34
-40
-54
-76
-87
-87
-102
-117
-125
-125
-116
-107
-84
-57
-42
-23
-9
9
26
20
26
2
-6
-19
-38
-60
-73
-73
-81
-93
-98
-102
-98
-100
-86
-70
-89
-78
-60
-61
-65
-63
-41
-37
-61
112
445
655
12
-88
-100
-112
-127
-127
-130
-141
-151
-147
-147
-136
-127
-82
-52
-27
-15
-5
7
7
1
-4
-22
-17
-26
-50
-69
-74
-91
-85
-97
-87
-104
-92
-86
-73
-70
-57
-51
-39
-37
-26
-39
252
554
531
-77
-77
-64
-93
-96
-108
-104
-111
-116
-101
-81
-58
-37
-25
-13
12
31
32
47
26
40
7
10
-9
-16
-21
-46
-24
-53
-56
-43
-61
-66
-47
-52
-63
-66
-84
-88
-81
-31
-29
-21
-5
-6
193
522
688
-8
-72
-107
-111
-118
-133
-136
-136
-135
-146
-140
-119
-117
-100
-80
-63
-67
-54
-18
-9
-2
2
-10
-29
-60
-76
-85
-104
-113
-111
-124
-132
-137
-136
-142
-151
-139
-131
-140
-124
-116
-107
-93
-92
-76
-92
-78
-60
-66
226
601
495
-102
-114
-126
-129
-150
-157
-164
-177
-172
-148
-131
-118
-102
-83
-70
-42
-14
-5
12
10
4
-4
-16
-16
-29
-30
-45
-38
-50
-40
-40
-17
-9
-1
-5
-8
-5
4
18
21
29
43
31
57
57
328
643
532
24
24
-16
-5
-13
-4
-22
-26
-30
-31
-24
-6
15
44
45
72
96
88
117
117
111
96
91
68
54
72
68
46
28
24
18
26
8
17
8
16
28
41
15
23
336
648
493
-50
-44
-65
-76
-83
-89
-107
-112
-109
-107
-98
-85
-75
-68
-68
-62
-55
-51
-46
-23
-8
-28
-39
-45
-55
-73
-66
-62
-74
-79
-85
-81
-97
-100
-100
-106
-119
-119
-121
-122
-124
-108
-81
-67
-64
-54
-41
-49
-25
261
618
414
-66
-77
-96
-110
-116
-140
-163
-168
-144
-134
-128
-99
-81
-75
-47
-16
19
34
38
53
33
41
25
18
-11
-10
-20
-44
-49
-49
-57
-74
-61
-60
-60
-53
-57
-38
-37
-36
-16
25
21
29
42
31
32
53
328
648
546
-20
-26
-41
-53
-49
-83
-91
-105
-134
-111
-101
-87
-54
-32
3
25
37
61
58
42
25
31
-17
-13
-41
-55
-76
-90
-90
-107
-117
-121
-120
-125
-111
-110
-89
-71
-63
-64
-76
-63
-86
-40
292
666
299
-102
-113
-129
-142
-155
-153
-165
-179
-173
-167
-173
-167
-141
-119
-98
-63
-55
-52
-38
-28
-30
-48
-57
-56
-71
-84
-86
-83
-95
-104
-101
-107
-120
-125
-117
-117
-96
-69
-60
-62
-56
-45
-49
-45
47
311
605
237
-64
-77
-93
-102
-106
-105
-117
-109
-120
-119
-127
-116
-92
-62
-35
-6
12
25
23
20
32
25
12
5
2
-18
-24
-33
-34
-31
-36
-37
-40
-45
-40
-70
-45
-38
-45
-22
-11
3
16
34
25
320
634
567
-28
2
-23
-31
-37
-54
-67
-50
-74
-58
-50
-46
-10
-1
36
60
77
85
96
83
92
86
58
62
51
29
25
6
5
-3
-1
-16
-24
-26
-31
-34
-26
-27
-44
-51
-57
-81
-81
-55
-46
-44
-34
-20
-30
24
350
695
271
-68
-101
-129
-138
-158
-190
-194
-187
-185
-184
-162
-146
-135
-119
-93
-70
-42
-28
-8
-9
-29
-23
-40
-64
-75
-86
-107
-118
-116
-116
-124
-135
-125
-124
-136
-138
-131
-134
-130
-124
-109
-92
-72
-61
-46
-44
-49
0
304
662
384
-56
-82
-114
-121
-124
-147
-154
-161
-152
-147
-130
-104
-89
-73
-45
-6
22
39
53
56
27
24
18
-1
-3
-2
-9
-25
-32
-28
-33
-48
-53
-56
-59
-54
-47
-41
-40
-17
4
1
22
28
35
38
26
282
560
636
16
-18
-37
-53
-46
-85
-90
-98
-130
-156
-107
-101
-104
-50
-27
20
60
64
95
77
56
82
43
24
44
-7
-29
-15
-31
-36
-55
-48
-58
-58
-57
-47
-25
-30
4
5
9
21
23
20
5
250
633
719
-10
-26
-59
-73
-85
-92
-107
-126
-135
-122
-142
-138
-104
-60
-50
-20
7
14
7
18
27
9
-11
-25
-39
-60
-65
-68
-85
-100
-98
-100
-108
-103
-87
-87
-75
-48
-44
-46
-38
-35
-34
-48
84
411
678
165
-85
-101
-123
-130
-125
-130
-147
-148
-146
-155
-169
-145
-110
-90
-66
-28
-15
-19
-21
-13
-22
-34
-26
-47
-70
-82
-89
-104
-109
-109
-113
-126
-128
-116
-112
-107
-85
-82
-90
-84
-74
-78
-85
-4
290
634
260
-99
-119
-136
-137
-145
-155
-162
-155
-157
-177
-180
-165
-148
-121
-77
-34
-19
-3
1
-1
-9
-6
-16
-36
-32
-32
-44
-59
-68
-59
-69
-82
-79
-67
-67
-47
-31
-21
-24
-13
-10
-10
-11
171
449
604
-4
-57
-72
-76
-68
-76
-102
-90
-109
-122
-101
-104
-104
-72
-38
-28
19
41
41
40
49
39
24
20
20
24
-1
10
1
-16
-28
-30
-34
-44
-49
-39
-26
-11
-6
-6
-26
-26
-13
-21
71
372
638
183
-44
-61
-67
-86
-91
-94
-107
-118
-118
-122
-135
-127
-104
-66
-57
-42
-18
-1
10
13
31
25
7
1
-7
-20
-24
-37
-48
-65
-76
-71
-80
-96
-95
-86
-78
-58
-44
-38
-42
-34
-30
-28
-40
206
524
589
-64
-85
-104
-105
-116
-125
-127
-139
-157
-167
-161
-151
-160
-133
-98
-79
-56
-30
-26
-22
-20
-17
-29
-43
-57
-57
-72
-84
-89
-95
-114
-120
-122
-128
-140
-144
-137
-132
-108
-82
-74
-83
-86
-68
-71
61
362
610
64
-97
-116
-132
-144
-142
-158
-169
-170
-172
-175
-173
-154
-122
-108
-82
-33
-36
-13
2
-2
-24
-20
-20
-42
-48
-44
-44
-64
-61
-45
-72
-54
-59
-57
-61
-53
-57
-51
-38
-12
-2
1
15
16
4
12
153
446
650
170
13
-27
-57
-59
-50
-72
-82
-101
-95
-113
-112
-81
-77
-62
-32
9
25
26
37
39
41
34
27
8
-13
-31
-46
-66
-70
-71
-74
-78
-91
-86
-83
-89
-74
-58
-58
-52
-47
-49
-53
-44
-38
227
549
518
-77
-94
-117
-112
-132
-155
-162
-166
-180
-192
-191
-186
-170
-139
-107
-85
-66
-44
-25
-17
-12
-7
-17
-31
-38
-37
-48
-56
-56
-45
-60
-58
-54
-62
-69
-51
-33
-20
-21
-8
-13
-12
3
3
74
359
666
220
-18
-34
-46
-57
-61
-71
-89
-97
-98
-100
-119
-110
-75
-55
-36
0
17
24
34
45
40
31
32
31
12
1
-1
-11
-30
-35
-35
-47
-51
-56
-50
-52
-35
-14
-13
-30
-26
-15
-15
-24
214
504
622
-10
-42
-63
-84
-95
-105
-123
-127
-132
-141
-152
-147
-129
-110
-89
-61
-46
-45
-38
-31
-37
-45
-41
-44
-51
-54
-42
-57
-70
-57
-50
-56
-74
-72
-68
-73
-56
-22
-16
-19
-11
-6
-7
-2
-5
158
441
699
116
-25
-60
-58
-74
-89
-111
-110
-124
-135
-139
-136
-130
-99
-65
-42
-27
13
40
43
32
30
34
22
0
-4
-17
-34
-39
-35
-40
-45
-51
-47
-52
-49
-28
-20
-33
-13
-11
-14
-8
0
0
283
609
604
-50
-63
-78
-81
-97
-111
-116
-133
-147
-150
-160
-159
-130
-110
-96
-63
-38
-28
-27
-30
-25
-27
-49
-64
-69
-82
-95
-86
-94
-113
-111
-112
-119
-123
-110
-104
-85
-71
-60
-70
-57
-47
-56
60
390
670
110
-75
-101
-123
-137
-139
-154
-167
-173
-184
-194
-196
-195
-178
-149
-114
-89
-76
-51
-41
-47
-49
-48
-50
-73
-78
-75
-93
-104
-98
-100
-112
-125
-117
-122
-131
-125
-101
-86
-75
-58
-64
-61
-50
-46
23
332
683
289
-82
-111
-118
-132
-156
-167
-168
-176
-188
-195
-192
-177
-165
-140
-102
-82
-56
-26
-3
-3
0
-1
-7
-28
-45
-49
-45
-58
-61
-55
-57
-72
-70
-68
-71
-76
-49
-25
-18
-18
-16
-8
-2
2
3
234
520
639
-4
-40
-67
-69
-86
-98
-103
-109
-118
-134
-137
-128
-110
-90
-56
-27
-14
13
39
41
44
41
40
20
11
13
3
-5
-3
0
-13
-35
-28
-31
-43
-33
-11
2
9
9
6
8
25
25
88
383
672
327
4
-20
-26
-50
-71
-56
-82
-92
-94
-93
-103
-100
-68
-51
-32
7
35
44
63
66
52
36
33
24
14
9
5
-4
-17
-12
-17
-32
-35
-30
-42
-46
-32
-20
-23
-33
-25
-15
-2
4
62
356
691
426
8
-13
-31
-16
-48
-69
-75
-78
-90
-109
-111
-104
-91
-70
-39
-22
4
30
35
37
52
53
37
35
41
37
17
14
16
10
0
8
10
2
-7
-11
-14
-23
-25
-21
-25
-31
-21
-7
5
6
19
18
13
22
17
113
400
701
248
2
-29
-63
-88
-105
-107
-108
-123
-126
-120
-108
-110
-88
-62
-43
-32
-5
23
20
23
30
25
4
-12
-25
-39
-47
-48
-53
-62
-69
-76
-83
-94
-88
-72
-57
-56
-42
-45
-50
-36
-27
-44
190
511
578
-76
-74
-88
-113
-132
-138
-140
-153
-164
-171
-175
-189
-178
-147
-138
-121
-91
-69
-53
-49
-46
-40
-46
-63
-68
-74
-92
-100
-94
-111
-120
-118
-130
-140
-134
-131
-121
-99
-80
-79
-79
-75
-70
-69
-36
265
588
293
-91
-113
-136
-154
-152
-164
-168
-183
-185
-195
-209
-212
-184
-160
-146
-104
-77
-65
-48
-31
-21
-32
-38
-42
-55
-64
-64
-70
-81
-87
-82
-82
-89
-86
-81
-95
-85
-71
-68
-73
-75
-63
-59
-66
-72
148
417
525
-65
-85
-111
-119
-119
-125
-140
-132
-126
-140
-138
-132
-116
-103
-86
-68
-48
-32
-9
3
0
2
-1
-10
-23
-24
-25
-35
-43
-39
-36
-45
-43
-33
-28
-36
-40
-33
-32
-41
-37
-40
-47
-44
-34
-38
-47
-48
-32
-22
-11
-7
-1
-7
-1
4
-6
-20
-28
-35
-39
-37
-28
-31
132
435
613
51
-27
-51
-62
-61
-60
-71
-83
-79
-87
-99
-94
-92
-96
-87
-69
-46
-28
-4
16
27
39
37
22
4
-11
-23
-22
-36
-41
-41
-49
-51
-40
-44
-46
-39
-41
53
343
622
140
-56
-73
-88
-96
-103
-108
-120
-125
-117
-105
-85
-74
-44
-32
-31
-25
-15
-7
4
13
10
-4
-23
-28
-20
-29
-32
-28
-28
-31
-39
-30
-26
-23
-28
-15
-10
-19
-18
-11
-7
-14
-15
-7
-11
-14
-8
-10
-20
-24
-16
-22
-31
-30
-20
-28
-38
-44
-40
-36
-34
-14
-12
-17
-9
2
23
148
491
480
196
-32
-43
-50
-71
-84
-85
-94
-109
-107
-105
-110
-105
-82
-66
-57
-35
-6
11
31
59
77
79
73
56
23
-7
-21
-31
-38
-39
-37
-42
-48
-56
-56
-61
-71
-78
-85
-79
-77
-70
-73
-76
-77
165
465
538
-97
-108
-122
-123
-144
-144
-155
-168
-195
-206
-191
-186
-162
-142
-111
-99
-71
-47
-47
-39
-31
-25
-41
-69
-71
-76
-101
-90
-89
-104
-113
-101
-120
-109
-104
-97
-110
-105
-95
-90
-101
-90
-75
-72
-81
-76
-62
-74
-74
-64
-67
-70
-67
-56
-49
-54
-55
-55
-70
-71
-59
-51
-56
-52
-45
-42
-18
140
539
512
112
-60
-87
-107
-117
-121
-134
-144
-147
-147
-138
-119
-90
-84
-78
-47
-8
14
39
69
93
103
95
87
65
24
8
0
-18
-40
-36
-30
-30
-32
-17
-15
-18
-20
-13
-15
-24
-25
-24
-29
-32
-24
-26
-26
-26
-25
-30
-32
-29
-32
-42
-33
-35
-50
-78
-74
-74
-70
-58
-39
-35
-51
-57
-19
225
695
496
-43
-71
-88
-84
-85
-102
-108
-115
-121
-128
-126
-127
-121
-117
-106
-78
-68
-49
-18
-7
-1
16
7
-8
-22
-23
-36
-46
-48
-47
-43
-43
-43
-47
-51
-39
-37
-42
-41
-31
-29
-28
-11
3
-5
0
12
0
-9
-10
1
-6
-16
-5
4
-13
184
488
632
-32
-40
-53
-67
-86
-87
-89
-99
-91
-67
-53
-44
-22
-10
-2
7
31
52
61
71
83
77
56
47
31
18
11
14
12
-1
-1
7
1
1
19
8
-2
9
10
-4
-8
-4
10
4
7
9
9
8
8
13
8
3
-1
6
-7
1
-4
-26
-47
-48
-45
-43
-54
-45
-38
-39
160
521
581
-12
-89
-104
-117
-124
-131
-135
-144
-148
-140
-132
-136
-129
-114
-113
-92
-75
-48
-20
-5
12
5
1
-16
-14
-44
-59
-50
-70
-77
-72
-59
-69
-62
-51
-51
-68
-54
-52
-68
-57
-57
-73
-56
-41
-48
-56
-44
-44
-50
-48
-36
-43
-38
-34
-33
-69
-58
-73
-73
-85
-66
-60
-25
-34
210
496
594
86
3
-17
-35
-18
-44
-56
-45
-54
-65
-62
-50
-52
-61
-54
-40
-24
-9
17
33
38
47
42
29
4
-7
-15
-25
-31
-24
-28
-43
-38
-22
-17
-30
-33
-24
-26
-30
-38
-25
-26
-36
-39
-36
-45
-49
-40
-38
-45
-39
-31
-43
122
403
578
-49
-120
-149
-151
-157
-163
-163
-148
-148
-138
-121
-113
-112
-105
-90
-77
-63
-30
-3
0
-7
-13
-25
-40
-53
-58
-62
-73
-72
-63
-62
-60
-47
-40
-55
-59
-49
-49
-55
-46
-42
-48
-44
-43
-40
-52
-57
-50
-52
-60
-52
-60
-64
-41
-52
-61
-71
-67
-71
-58
-42
-40
-46
-37
42
303
721
385
-26
-63
-70
-68
-72
-94
-98
-112
-117
-118
-110
-103
-102
-86
-69
-59
-9
44
54
65
82
72
48
41
39
26
8
14
2
9
-7
1
6
-4
9
17
18
30
29
26
26
23
36
19
13
28
14
240
554
629
-19
-26
-33
-42
-50
-48
-68
-92
-113
-94
-103
-90
-81
-54
-60
-35
-11
14
1
44
35
17
12
8
-8
17
-2
-19
2
-10
0
-2
-3
-6
3
14
9
5
10
14
-4
46
353
669
347
-47
-60
-74
-93
-103
-107
-120
-132
-130
-125
-132
-133
-124
-130
-125
-91
-59
-40
-23
-13
-25
-41
-45
-45
-57
-61
-61
-45
-60
-62
-50
-56
-70
-64
-63
-72
-86
-73
-62
-62
-61
237
594
483
-117
-113
-122
-138
-152
-151
-160
-161
-144
-128
-138
-138
-133
-129
-130
-111
-72
-42
-25
-27
-31
-44
-60
-64
-72
-89
-81
-83
-95
-96
-83
-74
-84
-80
-81
-89
-91
-75
-96
-107
-98
-96
-99
-102
-93
-83
-95
-96
-95
-90
-94
-94
-90
-63
-88
-88
-90
-106
-120
-117
-116
-121
-84
-66
-50
234
618
406
-51
-73
-84
-105
-85
-99
-113
-121
-113
-115
-119
-107
-97
-84
-74
-60
-17
-1
33
52
92
96
101
109
46
62
53
23
46
22
42
30
37
46
59
4
51
31
61
8
56
32
24
37
30
39
30
40
40
46
44
351
669
533
-10
8
-4
-44
-65
-80
-79
-29
-54
-36
-40
-26
-26
-16
-23
3
6
29
45
38
35
31
12
-14
-25
-37
-57
-67
-69
-77
-80
-77
-70
-77
-76
-77
-79
-87
-79
-78
-82
-83
-73
-68
-78
-69
-72
-79
-66
-44
-42
-32
-16
-21
-39
-41
-35
-53
-62
-51
-61
-66
-60
1
270
627
340
-53
-81
-98
-97
-104
-119
-128
-124
-126
-134
-125
-116
-119
-108
-94
-83
-55
-12
9
15
26
37
17
5
-7
-19
-26
-33
-21
-22
-41
-33
-32
-45
-51
-45
-42
-55
-61
51
343
637
167
-82
-111
-115
-108
-119
-131
-132
-125
-135
-141
-143
-132
-126
-126
-123
-107
-90
-80
-67
-58
-62
-75
-80
-75
-80
-91
-89
-88
-88
-93
-87
-82
-87
-80
-71
-78
-80
-84
-89
-96
-99
-88
-86
-84
-83
-92
-89
-82
-83
-76
-76
-67
-79
-51
-66
-56
-51
-58
