1.8379655
2.0245261
1.8343236
2.0123688
1.7471019
1.674915
1.8340146
2.3954659
2.1593361
1.6511094
1.2370927
1.1025153
0.8820257
0.70149593
0.21306191
-0.16580192
0.62183599
0.22369646
0.31079072
0.15804328
-0.66802902
0.21671163
-0.89496667
-0.41823431
-0.68762062
-0.512025
-0.61745208
-0.28793723
0.24021053
0.34382013
0.041494613
0.029805556
-0.12139431
-0.47919365
-0.44036479
-0.59023157
-0.16699194
0.36357983
0.69343199
0.33288756
0.57979333
0.90597911
0.46712867
1.3724541
1.6891754
1.3630276
1.1400025
1.2696643
0.70244914
1.1023803
1.5368491
1.0291059
1.0727127
0.824537
0.75226855
-0.32968036
0.12439519
-0.18491266
-0.27927228
-0.23500561
-0.63606964
-0.88938357
-0.32682481
-0.27712984
-0.19604742
-0.094122283
-0.091998281
-0.48420348
-0.64581747
-0.34393862
-0.12916825
-0.45055801
0.044092544
-0.41240163
-0.6772976
-0.80069294
-0.18729497
-0.33114052
1.6335867
1.5079606
1.7635511
1.5903053
1.5701068
1.4164104
1.444351
1.5366214
1.4342636
1.0298174
0.78421186
1.2219686
1.0963387
0.73198431
0.57476483
0.25919194
0.93130917
0.87880972
0.013975486
-0.20192955
-0.59089804
-0.4609623
-0.52513947
-0.38053324
-0.7471195
-0.44100713
-0.55070887
-0.48076127
-1.1134047
-0.7192316
-1.0562665
-0.63096834
-0.59232646
-0.54765505
-0.27714882
-0.42955819
-0.46556407
-0.48716118
-0.14735148
-0.24393532
0.26079676
1.8634879
2.2048707
2.3468315
2.3653553
2.2337157
2.2330052
1.9408516
2.13037
1.5693996
1.1038649
1.5370653
0.86043036
1.1039756
0.79814149
0.99510154
1.4926192
1.1194246
1.2225122
0.23816378
-0.21004038
0.4329481
0.2310794
-0.089171327
0.2432817
-0.048660746
0.010842247
-0.17266089
-0.55178022
-0.91909715
-0.6566301
-1.1903578
-0.81117255
-0.66130108
-0.36201932
-0.72993403
-0.54314463
-0.42074736
-0.77318965
-1.3495129
-0.95545464
-0.93094515
0.53296652
0.85082501
0.96326214
1.5434053
1.7124269
1.4877693
1.3030104
1.2433456
1.4233087
1.4637591
1.1405951
1.4184926
1.2238411
0.93779043
1.4284451
1.4061301
1.4004114
0.78351804
0.28433587
-0.075553755
0.33109974
0.092395713
-0.06146773
-1.8810932
-1.7521516
-1.4076519
-1.0676493
-1.2647397
-0.75820749
-1.322833
-1.9679719
-1.4689581
-1.3214714
-1.3791704
-1.3007551
-1.3229168
-1.9168164
-1.5554406
-1.698593
-1.176629
-0.96818638
0.66870754
1.1593256
1.3642871
1.1476165
1.3140535
1.248625
1.0475448
0.50432068
1.0372145
0.87431848
0.53103664
1.1840882
0.92161232
0.89835076
1.0124667
0.82144867
0.75632889
1.0125047
0.50761433
0.62141373
0.25903877
0.20024262
0.25680625
-0.066319156
-0.0086015325
-0.42632294
-0.13910093
-0.67039591
-0.51532818
-0.80273349
-1.0537972
-0.85883423
-0.7501489
-0.83143247
-0.89398444
-1.0118281
-0.59470043
-0.60733445
-0.83595111
-0.70027192
-0.46723243
1.0314769
1.8571307
1.6768506
2.4297434
2.067254
2.5009355
2.0582678
1.527868
1.5429983
1.5264106
1.5609191
1.5230589
1.3485876
0.95172659
0.90749466
1.1926532
0.80558341
0.52137722
-0.15636535
-0.36438791
-0.021866899
-0.012677106
-0.14074651
0.11983725
0.75607385
0.60705371
0.17001307
-0.13725273
0.10980933
0.28451514
-0.29769832
-0.33667092
0.11571877
0.081383264
0.21609936
-0.29358188
-1.5360394
-1.2125681
-0.96691681
-1.3754667
-0.37091473
0.058377902
1.0127972
0.78720573
0.83255143
0.99657637
1.1475778
1.2756312
1.5306615
1.080942
1.0199037
0.20834783
0.28968084
-0.18346756
0.09871023
0.29745844
-0.26328307
0.47719445
0.020334531
-0.6410336
-0.60336456
-0.8671652
-0.4039684
-0.9575077
-1.0887598
-0.96699012
-1.0002029
-1.0689632
-1.1920471
-0.66402342
-1.1570574
-1.0513779
-1.3504479
-1.5047185
-1.3134766
-1.0170669
-0.84486786
-1.628053
-1.083576
-1.9555999
-1.4614671
0.29945677
1.0523606
1.4367534
1.1052365
1.1851114
1.0219851
1.3188767
0.68849188
1.1630952
0.79884766
1.0702671
0.76829355
0.92007619
0.99435298
1.4923434
0.89827844
1.091359
0.81471227
0.58596166
-0.80048017
-0.18202419
0.063760715
-0.48511219
-0.39802176
-1.1688085
-0.5415518
-0.1284161
-0.81225868
-0.39946983
-0.19088149
-0.30464514
-0.41579045
-1.0488271
-1.0813861
-0.96483722
-0.87668631
-0.090328151
-0.66578573
-0.94582762
-0.62175625
-0.066044204
1.9833026
1.0486634
0.71719726
1.2036418
1.015794
1.1708654
0.41566912
1.1316502
1.1407077
0.85974966
1.1926576
0.95552194
0.9930965
1.3897247
1.0438507
0.45142989
0.56134698
0.40726039
-0.18291703
-0.089980972
0.0073974694
-0.66408227
-0.20742375
-0.25865954
-0.33769072
-1.0256353
-0.98287759
-1.2838496
-1.0319939
-1.1394428
-1.7068473
-1.6116699
-1.5839177
-1.2236083
-0.82189703
-1.117938
-1.1727575
-0.93275743
-0.66196935
-0.79663031
-0.97180963
0.38513929
1.5054838
1.4484538
1.0127408
1.450602
1.4113131
1.3025275
0.2187313
0.49699417
0.29355685
0.31988024
-0.070000213
0.146664
0.52553883
0.51488688
0.44613235
0.34149942
0.3914148
-0.34442593
-0.55746572
-0.15329421
-0.36975425
-0.24312024
-0.41716332
-0.86844113
-0.22987159
-1.2472207
-1.3781312
-0.96174279
-0.35600811
-1.3538425
-1.0858853
-1.031634
-1.670499
-0.98426497
-1.3081433
-1.134292
-1.2338318
-1.1916897
-0.80200442
-0.5381695
0.70219485
0.77051418
1.1530111
1.0210356
1.1008065
1.024427
0.9898715
1.2500979
0.7004371
0.55065783
1.1224453
0.7521251
0.81686841
-0.23219771
0.22432031
-0.29152497
-0.5758128
-0.67369996
-0.5850116
-0.6963092
-0.55167804
-0.33508663
-0.59854177
-0.70715664
-0.67052372
-0.44626351
-0.29827215
-0.61207944
-1.0682363
-0.46966895
-0.99558809
-0.92140758
-1.1502908
-1.4266182
-0.33871622
-1.1623814
-0.83203612
-1.5081352
-0.81629307
-1.8594651
-0.4006401
0.14947951
1.2594567
1.5530139
1.3735489
1.871126
2.0656021
1.6472738
1.5683702
1.1478173
1.4163069
1.2489779
1.1123522
1.0341415
1.1569432
0.54112206
0.58636186
0.1669311
-0.0361022
-0.58887125
-0.53236064
-0.89298883
-0.69435453
-1.381499
-0.52829641
-0.90142742
-0.73102586
-0.61720737
-0.68604964
-0.60636321
-0.40817987
-0.5870287
-0.66342749
-0.6346482
-0.8541454
-1.4469363
-0.95301667
-1.4773237
-0.94181034
-1.2419183
-0.82453194
0.94161551
0.87251039
0.70128849
0.65757501
1.1576384
0.44811557
1.4748528
1.4163039
1.5677016
1.5345469
1.7752417
1.676244
1.6755169
1.6283198
1.1439901
1.3786169
0.64359179
0.75817009
-0.18480436
-0.43113688
-0.1139921
-0.84856176
-0.48115744
-0.43037833
-0.14744272
-0.35001054
-1.1124231
-0.72885091
-1.1272119
-0.82537436
-0.88439861
-0.86622779
-0.66127157
-0.56673117
-0.58854767
-0.78803158
-0.58057715
-0.39528895
-0.44244379
-0.55939029
-0.24038839
0.96496118
1.3678523
1.1095266
1.4014771
1.4133338
1.2740409
1.8073902
1.4142074
0.73885804
0.20471248
0.79125464
-0.055680625
0.99735952
-0.18942942
0.55423462
-0.38199224
-0.45790041
-0.42352652
-0.78221953
-1.3004299
-1.1458176
-1.8540356
-2.2151562
-2.1576073
-1.8125591
-1.6152288
-1.1443724
-2.2719178
-2.5930932
-1.9014549
-1.7805762
-1.3322948
-1.2982882
-1.9682535
-1.0643086
-1.7200795
-1.0917788
-1.3242228
-1.273938
-1.1252556
-1.0706373
0.5766265
0.7773158
0.98744989
0.50805834
0.73829599
0.8852217
0.55100986
1.1082922
0.91045848
0.40582921
1.2319089
1.1035146
1.545093
0.98289055
1.0723282
0.61642875
0.39129055
-0.1192498
-0.77582143
-0.64704395
-0.76980345
-0.62096748
0.15683272
-0.66124231
-0.4847355
-0.95176767
-0.70975682
-0.80048871
-0.51535093
0.38439551
0.3965232
0.14303342
-0.93156175
-0.29323453
-0.55113257
-0.74939718
-0.46702807
-0.58949416
-0.53085679
-1.1592836
-1.2314642
0.26591945
0.24519212
0.6933975
0.69290011
1.0280079
1.0662459
0.43881813
0.54965508
0.67084361
0.89529867
1.9205621
2.2767368
2.1523989
1.3947802
1.6398311
1.3318957
1.0520077
-0.11554309
-0.077555237
-0.14607921
0.4576797
-0.24411103
-0.96314256
-0.53318509
-1.3771808
-0.82429464
-1.1467604
-1.024007
-1.758556
-1.1020212
-1.4053136
-1.5028376
-0.91138144
-1.1099843
-0.94557349
-1.0406745
-0.98501606
-0.54115933
-1.1274113
-1.0411034
-0.47623704
0.72768039
0.75879854
1.3027761
1.719298
1.1305032
0.56809817
0.7424036
0.40187412
0.77518357
0.14568496
0.23564478
0.51973573
0.40493941
0.3086249
0.89395139
0.97894862
0.43569035
-0.39167078
-0.5929101
-0.7406004
-0.15466028
-0.67380103
-0.87517409
-0.42194294
-0.73954301
-1.1206521
-1.229384
-0.68392847
-1.3998577
-1.7987609
-1.026617
-1.4059778
-1.294397
-1.3368309
-1.2507795
-1.3906178
-2.1031305
-2.0101068
-1.7570467
-1.2697587
-1.6326207
0.07796558
-0.10941358
0.49898073
0.79175944
1.0434969
1.7796392
1.3591781
0.96405316
1.1619772
1.5165853
1.2097808
-0.12198194
0.13294977
0.50002989
0.31069352
0.20447227
0.044062673
-0.3369991
-0.43929959
-0.42040427
-0.26834537
-0.26511002
-1.1289208
-0.86636622
-0.68171312
-1.1554129
-0.01417659
-0.23115096
0.3174263
-0.073843634
-0.015409116
-0.57501556
-0.39831351
-0.55532114
-0.16095923
-1.1386162
-0.8743621
-1.2257689
-1.2156353
-1.0706957
-1.0111074
0.99185022
0.97519922
1.1857102
1.1708336
0.89653741
0.52272228
0.6133602
1.116642
0.48670588
0.71406273
0.78236762
1.0067495
1.0757242
1.1115792
0.44611197
0.5078164
0.97592485
0.23869842
-0.32188137
-1.251319
-0.61991054
-1.1735886
-0.93917003
-1.0998008
-1.0168803
-0.56425572
-0.79107919
-0.77115083
-1.1146478
-1.2080446
-1.5245138
-1.0950792
-1.3963259
-0.71411042
-0.93407253
-0.68087146
-1.1172555
-1.1425572
-0.93542978
-0.57373067
1.1526987
1.3656509
0.33834549
0.81074346
0.45444463
1.0261736
0.48288696
0.36105791
0.69009902
0.56084885
0.45723637
0.23956239
-0.10129581
-0.027219714
0.31367567
-0.35192418
-0.24205984
-0.51401166
-0.99642224
-0.65523134
0.14286684
0.083601466
0.14758022
-0.11846948
0.13921796
-0.80422693
-0.62374525
-0.76162109
-0.96162712
-1.0129917
-0.91569291
-0.85100868
-0.89451852
-0.65731719
-0.26982782
-0.69646348
-0.52237226
-0.61787695
-0.41827145
-0.022150079
-0.22737347
0.38142678
1.014947
1.3710728
1.4751368
1.6042329
1.8457913
1.7556669
0.94263832
0.22213102
0.71921912
0.20806706
0.57752158
0.23744431
0.45067041
1.3074816
0.8573219
0.73692027
0.78239197
0.55290859
0.7018413
0.56360233
-0.067827315
0.031041489
0.25634905
0.30718945
0.53780358
0.027077845
0.40891849
-1.2577938
-2.0563395
-1.7979774
-1.2062888
-1.4155372
-2.1254768
-1.5554056
-2.7318932
-2.2812306
-2.2685181
-1.6640414
-1.4421479
-1.4195236
-0.99133253
-0.17459085
0.44019959
0.82192453
0.68959601
0.46816745
0.78293979
0.88940347
0.6389123
1.0939576
1.2328453
1.0739693
0.45542053
0.92269876
0.78420448
0.66288677
-0.21028215
-1.0375229
-0.52247826
-1.2909605
-0.54274782
-1.0882239
-0.7741177
-0.65435757
-0.56089967
-0.29300711
-0.12071643
-0.56128508
-0.82552704
-0.93360916
-0.94244611
-0.72482606
-0.53165955
-0.304925
-0.82896405
-0.48051455
-0.57109124
-1.85952
-1.3800482
-1.1009229
-0.67305464
-0.57690416
0.57494304
0.10231117
1.2337653
1.1983095
0.58775261
1.0702426
1.2681117
1.305096
0.97492351
0.7526233
0.72013059
0.98823642
0.61931406
1.1604072
0.77868802
0.78923826
-0.2364576
-0.076696397
-0.19496382
-0.65656569
-0.54201501
-0.6592806
-0.66517324
-1.3729543
-1.0139924
-1.0346096
-1.2558948
-0.86672732
-1.2341962
-1.3639745
-1.3721305
-0.77206008
-0.5266119
-0.63319114
0.1994615
-0.21976493
-0.24877906
-0.23482015
-0.24207439
1.3074397
1.2397165
1.5076361
1.663507
1.7055678
1.5318949
1.269096
1.282484
0.51959471
0.36179583
0.46915224
-0.24486537
0.48166425
0.33026984
0.63353356
0.25247022
0.64103017
0.53015056
-0.14812315
-0.84236985
-0.15724704
-0.55216817
-0.78645455
-0.66654097
-0.028527822
-0.52241214
-0.58262906
-0.72300838
-0.78367675
-0.50785336
-1.0390588
-1.0239993
-1.3982328
-1.4547233
-0.98179797
-1.3390541
-1.0891606
-0.68345861
-0.18018302
-0.31516719
1.1139435
1.9478615
1.7857418
2.0857873
1.7323566
1.7512551
1.4286877
1.3879857
1.1264284
1.3547444
1.4469608
1.7915194
0.95406253
1.2192635
1.4593663
1.3006176
0.26266603
0.011689292
-0.14309446
0.1057206
0.47894454
-0.30824809
0.1314433
0.2282123
-0.037804242
0.12362455
-0.14669154
0.27027201
-0.86616859
-1.055062
-1.0250358
-1.1559275
-0.84470908
-0.89981075
-1.0784114
-1.9818546
-2.5433272
-1.4786954
-1.5545536
-0.58062668
-0.53694886
-1.0166662
-0.12800005
0.092360291
0.80493191
0.2322459
0.49795931
0.12562515
0.42778859
0.60765506
0.40427144
-0.15896832
0.072589144
0.56140653
-0.097463265
0.16965996
0.093744968
-0.11868214
-0.16449506
-0.21182973
-0.63370253
0.0046984787
-0.68111992
-0.60831102
-0.90182814
-1.5494278
-1.4670455
-1.9265912
-0.9659997
-1.096919
-1.6847739
-0.9901881
-0.9179938
-0.80193548
-0.27288949
-0.15734901
-0.32523421
0.19999755
-0.70131237
-0.60679183
-1.0173556
-0.096458421
0.49141468
0.79241157
0.65267685
1.5384751
1.4382044
0.86053031
0.019609661
0.24371507
0.026987791
0.72501955
-0.050775648
0.49108886
0.46980608
0.34516496
0.52552285
0.58081149
0.25754697
-0.22148877
0.10980453
-0.054541412
0.075812587
-0.50064924
-0.30325131
-0.30109486
-0.46452835
-0.72764855
-1.2315835
-0.33322133
-0.10361953
-0.29411894
-1.1632731
-1.3208534
-0.76900566
-1.0977755
-0.73843073
-1.1200927
-0.72403044
-1.2107896
-0.83274004
-0.69312872
0.1758295
0.72615494
1.1792741
1.5951617
1.2342566
1.1960345
1.2486699
1.1251616
0.96587995
1.3607379
1.0890693
1.2985309
1.6940401
1.7596042
2.1402618
1.3926598
0.24720968
0.47647945
-0.69687213
0.056768577
-0.5783571
-0.5639775
-0.81585314
-0.74884417
-0.17171747
-0.68718534
-0.85500775
-0.91987811
-1.0079346
-0.87755426
-1.2137386
-0.91022577
-0.91226703
-0.86213675
-0.88326162
-0.70000058
-0.015872864
-0.53939789
-0.67451375
-0.84829726
0.19074658
1.3844278
1.8455625
1.8198312
2.0386282
2.167463
1.6347765
1.257366
1.6727804
0.94057827
0.85747166
0.781571
0.88935468
0.48379529
0.37585226
0.49548378
0.84968585
0.30895012
-0.52829494
-0.31489695
-0.047398468
-0.032400499
-0.18110977
0.30057107
0.75339722
0.84761076
-0.27905408
-0.65742719
-0.45796822
0.06167224
-0.57559179
-2.456913
-2.0828742
-1.9228512
-2.3292674
-1.4546576
-2.7554863
-2.2993103
-1.7506277
-1.4057497
-1.0535316
-0.71520098
-0.98885898
-0.35948901
0.83756586
1.0787011
1.2996397
1.2104403
1.2966465
0.93038254
1.331778
0.81022576
1.0394519
0.57364133
1.0244813
0.50111001
0.28206921
0.38813595
-0.28856401
-0.39702301
-0.75643027
-0.3601378
-0.16367241
-0.37057139
-0.36843559
-0.53740823
-0.70887835
-0.5228834
-0.83874779
-0.60689014
-0.73236517
-0.29932168
-0.60337612
-0.72991112
-0.30916669
-0.70680489
-0.75327068
-0.78424187
-0.7589107
-0.96024126
-0.69136903
1.0064811
1.1108231
1.2707522
1.5049088
1.6374962
1.5147247
0.379822
0.9685556
-0.0098693045
0.83470399
0.21979954
0.52148905
-0.03648137
0.44862565
0.71522258
0.46016354
0.35917804
0.17346852
-0.70073366
-0.27678181
-0.29197194
-0.79313219
-1.0450598
-1.0804038
-1.1887358
-0.89031845
-0.75081779
-0.79683588
-0.54389434
-0.946382
-1.4235368
-0.69445959
-1.4554995
-1.3487523
-1.402177
-1.3186556
-1.2421934
-1.0445222
0.16809297
-0.28643126
-0.29427047
0.54092955
0.85882425
1.2436863
1.9278326
1.9611249
1.8054529
1.8285316
1.1848727
1.367548
1.25025
0.97782255
0.78127356
1.2295844
0.94601914
0.27388187
0.16161568
0.30366241
-0.90654708
-0.0095939218
-0.98742457
-0.77971961
-0.72104195
-0.46524107
-0.55274473
-1.0359822
-0.80537004
-0.87307614
-0.19172165
-0.35215138
0.51154394
0.19211186
-0.20211577
-0.34883864
-1.1352444
-0.7335345
-0.60503482
-0.5956132
-0.087893731
0.03064847
-1.193143
-0.27147011
-0.46366067
0.35556749
0.43966337
0.5185893
0.84170413
0.78215982
1.2547042
0.77015443
1.4120939
0.52899499
1.0041798
0.78350586
1.1202661
1.0429497
1.0910526
1.1455123
0.75498727
-0.075955759
-0.099423285
-0.072085934
-0.25733283
-1.3032514
-0.55355777
-0.98287893
-1.0484389
-1.3333369
-1.5685391
-0.94044428
-0.9530745
-0.85025254
-0.96505232
-0.56095928
-0.1598278
-1.1507411
-1.3332063
-0.76042131
-0.8127201
-0.79829754
-1.0859198
-2.569827
-2.7039778
-0.8104439
0.033264818
0.25833116
0.36503187
-1.4176146
-0.90140562
-0.5570586
-0.21469659
-0.39396023
0.0077860922
-0.81522
-0.14834206
-0.18054794
0.043245427
0.062337113
0.20625235
0.30769504
0.00013225949
-0.078202199
-0.227247
-0.31217304
-0.28267336
-0.6870865
-0.18010805
-1.2712476
-0.92223584
-0.52415392
-0.33559163
-1.0020958
-1.5457771
-0.48780165
-1.3520895
-0.91048713
-1.3913887
-1.5418324
-1.4033463
-0.6119281
-0.83349733
-1.0422252
-0.80032299
-1.2122598
0.39290692
1.1295317
1.0628044
1.3411194
1.2426061
1.5756417
1.4226424
1.7210898
1.9393701
1.9923768
1.8996334
1.092028
0.53635555
0.70053961
0.39336984
0.20698202
-0.038798031
-0.28383555
-0.28619626
-0.26254267
-0.5676133
-0.34085296
-0.59049334
-0.66744177
-0.42426136
-0.52749372
-0.98741211
-1.4518525
-1.2818537
-0.91691124
-0.70595837
-0.48743543
-0.85063722
-0.57435991
-0.34571501
-0.25189741
-1.3283645
-1.5814726
-1.0462038
-1.1054687
-0.094917425
0.69230893
1.964184
2.2664075
2.0229247
2.6168318
1.7704113
1.4842171
1.5837054
1.5249476
1.2063637
1.6275284
1.2344382
1.0886276
1.2117209
1.0575565
0.30121905
0.052437956
-0.42816868
-0.017105534
-0.76162713
-1.4068406
-0.77435762
-0.96452162
-0.36417378
-0.60443604
-0.24468253
-0.98898689
-1.1119903
-0.91828259
-0.50767667
-0.47902873
-0.50089128
-0.37761386
-0.39788233
-0.57029146
-0.76573028
-1.4413561
-1.5453635
-1.1813286
-1.8587178
0.78944404
0.83151066
1.4094015
1.276213
0.25657168
0.86494516
0.2572799
1.008008
0.16514838
0.8467476
1.1499638
1.4380813
1.9009979
1.3108764
1.0011968
0.96873944
0.78433715
0.49607468
-0.18326864
0.10432206
0.39511676
0.85548494
0.47391009
0.089883966
-0.1115633
-0.67006747
-0.51893744
-0.42201991
-0.39296661
-1.4328588
-0.67984128
-1.3386842
-0.9824581
-1.2149541
-0.82444581
-0.61269625
-0.98143874
-0.48050042
-0.54566082
-0.75945248
0.2150435
1.6630586
1.3976977
1.9220434
2.2630146
1.8205493
2.3748009
1.8448293
2.0596312
1.2680509
1.5215212
1.6272919
1.3637369
0.45288191
0.31630411
0.85901237
-0.019485665
-0.013548742
-1.1790961
-0.36396422
-0.40825139
-0.14975447
0.04099737
-0.35288099
-0.48970094
-0.79431798
-0.54644593
-0.37408724
-0.72395715
-0.91764567
-0.48725402
-0.33566353
-0.80511854
-1.5269053
-0.99703511
-0.7001651
-0.77099355
-1.455611
-0.92340948
-1.155968
-1.4326761
-0.054960898
0.66682224
1.5018728
1.5009269
1.7409717
1.6846963
1.9113215
1.9044632
1.8089894
1.308845
1.2539932
1.4461519
1.3261978
1.2128089
0.79316513
0.61738446
0.29476502
-0.53458895
-0.1762358
-0.29946276
-0.78902187
-0.93632479
-1.0841198
-0.50848873
-0.66414521
-1.3459967
-0.67322647
-0.53277399
-0.7701735
-0.65364265
-0.30786642
-0.58613938
-0.74515328
-0.70817849
-0.42810116
-0.050838391
-1.51938
-2.8124563
-1.4839038
-2.0849212
-0.88714545
-0.30473585
-1.1501875
0.30780941
-0.17843913
0.41678321
0.99443371
0.22817497
-0.18292339
0.29080802
0.58967507
0.70279311
0.76014724
1.0643141
0.86897862
0.76254677
0.48468604
0.49489903
0.30472283
-0.17304303
-0.35098111
-0.62391711
-1.369406
-0.57938499
-1.6294636
-0.41030723
-0.78625307
-0.63897183
-1.4164202
-0.84413761
-1.3335542
-1.0107418
-1.2480262
-1.211344
-0.73544466
-0.6029657
-0.94500907
-0.69925377
-0.7120563
-1.0349889
-0.57915938
0.94746293
0.87421276
1.2916546
1.3676585
2.0265478
1.6331202
1.8053757
1.1277796
1.3768239
1.6351057
1.4752016
0.46898629
0.00919126
0.36984546
-0.076911061
0.47538548
0.04669869
-0.081224114
-0.50983823
-0.35104042
-0.32360379
-0.19635562
0.035703663
-0.88031518
-0.4974491
-1.286795
-1.0163516
-0.94876905
-0.95747994
-0.54628352
-0.46952082
-0.46453126
-1.082129
-0.60230323
-0.52032375
-0.26832157
-1.0027886
-1.262924
-1.1010022
-1.0675221
-0.54308388
0.38745602
1.3382106
1.3350435
1.4332311
1.4171302
2.350461
1.8195319
2.513949
1.4004892
1.8747871
1.9675477
2.3073776
2.1760527
2.0713115
2.0397811
1.1229567
0.80673969
0.62212615
0.28017583
-0.25596906
-0.87480405
-0.58799087
-0.73193863
-0.26548024
-0.76685109
-1.1345913
-1.0860912
-1.177991
-0.71800784
-0.41997882
-0.48014337
-0.2269496
-0.64645185
-0.76261878
-0.82693116
-0.49430944
-1.4328671
-1.6176911
-1.0973589
-1.8571497
-0.088843009
0.6975849
0.72892535
0.26930426
0.025999547
0.57262158
0.45479857
0.38031103
0.45036329
0.6596613
0.78546007
0.74932737
0.49668321
0.84014802
0.93430979
0.99290907
0.33462411
0.77494564
0.22679245
0.37625996
-0.15071443
-0.31522531
-0.68523748
-0.74097869
-0.80020801
-1.6157927
-0.76057874
-1.7227772
-1.7326615
-1.6057988
-1.7024653
-0.70901152
-0.22988722
0.13362382
-0.72657868
-0.97077462
-0.56021509
-0.40284811
-0.39747244
-0.13797898
0.80617176
1.5258535
1.070178
1.5516032
1.2536742
1.4300127
1.3735468
0.97529087
1.1138077
1.524309
1.668798
0.040412394
0.080753731
0.12518409
-0.66551262
0.22105476
-0.35975482
-0.45584435
-0.31618244
0.14791332
-0.33898273
-0.23584422
-0.39287497
-0.234366
-0.51387043
-0.44167068
-0.26004504
-0.62779308
-0.65994611
-0.37283164
-0.67607292
-0.46504823
-0.14159072
-1.0469334
-0.35477112
-0.55783331
-0.5540112
-1.1662895
-1.4048462
-0.8534561
-1.6291947
0.29299488
0.63761933
0.81811736
2.0155515
2.1955394
2.3072577
0.36947033
0.16205857
0.77582325
0.51673349
0.43091352
0.86678653
-0.55068647
0.33445697
0.40815649
0.50414976
0.27451155
-0.15069202
-1.314577
-0.6158341
-0.9499186
-0.85359278
-0.62702412
-0.62163334
-0.61413167
-0.42924115
-0.13419894
-0.65759829
-0.69426411
-0.80661078
-0.3233296
-0.10178023
-0.25885347
-0.23335674
-0.48482749
-0.76159755
-0.91945535
-0.92459002
-0.69018255
-0.58167371
-0.034870412
0.89742829
1.3648382
1.0838392
1.6537277
1.6621139
1.5929557
0.67991338
0.74576304
-0.091140731
0.35317435
1.5970988
1.9284876
1.7036273
1.0419642
0.78758614
1.3367392
1.0038382
0.79557276
-0.0403315
0.61217455
0.052453931
-0.17568043
0.25978319
-0.084616279
0.25811602
-0.026021933
-0.83629317
-0.36620989
-0.16593463
-0.44103516
-1.1168916
-0.34961435
-0.61645326
-1.1595034
-0.80839305
-0.77430109
-0.78429827
-0.16338332
-0.57554162
-1.0261467
-0.31653256
2.7083963
2.119753
0.91726042
0.38805359
-0.19485606
-0.0049987527
0.0083591061
0.44648923
2.2617384
1.2691479
1.4703308
0.67142585
1.0878685
0.01874072
0.017787255
-0.89101319
0.43793747
0.84485115
0.87180485
0.1245688
0.083320235
0.3023439
-0.29604468
-0.02034374
0.22099626
-0.88258356
-0.080035386
-0.59196648
-0.34058856
0.28764467
2.1677887
2.1360424
0.468989
0.38843083
0.026324447
-0.21897809
-0.49922856
0.17887379
1.8524413
1.9071694
2.012809
0.99218104
0.89550321
1.268376
0.78752897
-0.89617574
-0.21695974
0.68021467
0.82661458
0.45740959
0.17642194
-0.013427045
0.29350738
-0.093064017
0.13603239
-0.35662569
-0.4586612
-0.49943922
0.26465021
0.79868265
2.247142
1.9463464
1.0253328
0.76152607
0.22909247
-0.4292316
-0.11038194
1.067554
1.2799889
2.0250825
1.4839813
1.7313796
1.1736503
0.38436377
0.34093373
-1.1661242
-0.36280893
1.2502323
0.82807288
0.44852992
0.22414648
0.36739411
0.20850078
0.78292579
-0.12387401
0.27466268
-0.89539598
-0.37762583
-0.76375673
0.62616634
2.6312518
2.8367352
1.4715052
0.89095454
1.036549
0.025338798
-0.0048401401
1.1416419
2.0081524
2.639953
2.451323
1.5146467
1.7452336
0.91905691
0.58060624
-0.44601018
-0.19820918
0.89182373
0.39560076
-0.051635511
0.76630162
0.55185082
0.55021673
0.4028712
-0.19613149
0.31730905
-0.21663233
-0.26829095
0.088139659
-0.30043363
1.8379676
3.134333
2.0903089
0.96317922
0.32369178
0.15474653
1.0700746
1.688777
1.6616599
2.9540152
2.8262832
2.8023121
1.8043937
1.075986
1.1333221
-0.033027071
-0.96623664
0.23558155
0.49446825
0.81845857
1.0758625
0.87650309
-0.26946554
-0.1100659
0.14442006
-0.13617376
0.27496755
-0.30665958
-0.63765445
-0.41468011
0.43968052
2.2306456
2.332612
1.2661291
0.31328369
0.18300535
0.34988049
0.092946207
2.1091822
2.5087102
2.6983877
2.3120634
1.2162127
1.1205612
1.1900848
-0.02319994
-1.0824567
0.51153294
0.49281654
0.88374285
0.045816265
0.47171592
0.057365062
-0.4666232
-0.33365781
-0.093104695
-0.13893
-0.29070632
-0.88848629
-0.29332999
-0.53481245
2.4617438
2.6499819
1.7930848
0.35207388
0.091179124
0.13532314
0.3972688
1.5614603
2.070938
2.2175479
2.2682513
2.1663129
2.1302683
1.5096
0.57826286
-0.24692405
0.13512394
0.52404977
0.87505507
0.24813644
0.35490843
-0.60845434
-0.22808269
-0.7953723
-0.45859287
-0.20654203
-0.90352598
-0.46187043
-0.84374818
-0.90410019
1.4896898
2.6324892
1.6950991
1.0485394
0.47887928
-0.010043271
0.64553836
1.0619889
1.3234899
2.3277836
2.1066804
2.4267921
2.0160493
1.4221975
0.69843098
-0.52808686
-0.54637749
0.31384783
1.0812343
0.50856467
0.81692502
0.1057691
-0.17893122
-0.20264085
0.1479043
0.47844558
0.11508663
-0.91785286
-0.5665059
-1.5871537
0.24273636
1.8693335
1.6928906
1.3426981
0.43593252
0.62504754
0.1154112
0.83062268
1.6849896
2.0693418
2.1589007
1.4041007
1.2649813
0.7027115
0.31251829
-0.72590126
-0.6723326
-0.25356949
-0.037978432
-0.58492075
-0.16940185
-0.84713096
-0.37833297
-0.48767576
-0.94342468
-1.5564791
-1.0961084
-0.80310438
-1.0613845
-0.99989187
-0.28591374
2.4578172
2.3465918
0.93951773
-0.15756653
-1.0399916
0.051705632
0.031478848
0.33747942
2.4396346
2.2034382
1.6955868
1.7034137
1.253041
0.86416932
-0.24713621
-0.73898622
0.48927996
0.13153959
0.68159865
-0.14106657
0.38126712
-0.22872672
-0.32653893
-0.51610873
-0.16724957
-1.3951022
-0.60144667
-0.77594192
-0.55329518
-0.95317498
2.2599346
2.4597766
1.008933
-0.17205796
0.31279209
-0.86487863
-0.81609677
-0.83172132
1.1985629
1.791793
1.5169188
0.29011084
0.32233268
0.5761546
0.25316202
-0.80967707
-0.62102459
-0.59816256
-0.094581816
-0.41659707
-0.12642052
-0.71661838
-0.65088265
-0.9499025
-0.31578879
-0.78566281
-0.90238039
-0.42577132
-1.3200385
-0.81318655
2.156358
2.5252154
1.0575326
0.068786718
-0.32168654
-0.11214652
0.10364858
0.49245005
2.0820226
1.8273445
1.5320407
0.69882268
0.2625802
0.43001991
0.11104538
-1.1835011
-0.29757901
0.62209299
0.49831692
0.078973944
0.179275
0.23370408
-0.51377958
-0.74206459
-0.67510031
-0.77191319
-0.66633928
-1.2261157
-0.97298448
-0.74388352
1.8140287
1.948954
0.97960884
-0.44447641
-0.74784155
-0.67439891
-0.53290507
-0.44404563
0.36350463
1.4671595
1.8805752
1.1433516
0.51344891
0.2867132
0.39542237
-0.56914301
-0.80195671
-0.44869904
-0.18893094
-0.21737029
-0.10620121
-0.1786439
-0.98778453
-0.72528614
0.146612
-0.19953972
-0.43134204
-0.68972282
-0.65757657
-1.1708694
-0.90546148
1.8835668
2.1343536
0.70404949
0.15866164
-0.035220555
0.36280348
0.35271762
0.91226022
1.5138358
1.8369201
1.1033069
1.2944347
0.48414373
0.055359647
0.0097214293
-1.0637349
-0.70323823
-0.054593298
0.72579294
-0.053418011
-0.52064558
-0.090513206
0.32451438
-0.14079886
-0.66579874
-0.8934694
-0.57685628
-1.146219
-1.1143492
-0.97155369
1.8110941
2.2014411
1.1707172
0.27121837
0.08362203
0.058678232
0.027012403
0.24372308
1.7571198
1.90717
1.2850789
1.0859261
0.88442428
0.50552399
0.14805968
-0.46417783
-0.9934524
0.091658833
0.12311336
0.64083591
0.24914623
-0.25339838
-0.24012088
-0.66780603
-0.65429849
-0.61459873
-0.8897022
-0.36734752
-1.2177245
-1.2333514
-0.81511142
-1.007664
1.9726873
1.92185
0.44729587
0.011663031
-0.69957275
-0.41638331
-0.11753052
0.033949834
1.2614089
2.2553469
1.362008
0.96946088
0.86334791
-0.012424986
-0.29245814
-1.1655694
-0.45366004
0.12911378
-0.21833344
-0.096283095
-0.39988053
-0.40729643
-0.57989142
-0.33882834
-0.835904
-0.32190389
-1.1096397
-0.61129469
-1.2213888
-1.7560253
-1.7915668
-0.69520341
1.8451934
1.4150761
0.33659512
-0.14341871
-0.12998784
-1.0110749
-1.3118568
0.86124475
1.593818
1.464172
1.5739143
1.1692086
1.3133857
0.66821909
0.0016546799
-0.5136025
-0.38001002
0.031922782
-0.10818157
0.10430345
-0.3121613
-0.42660984
-0.2291347
-0.6614425
-1.1772988
-0.39509871
-0.99341332
-0.94529231
-0.8208313
-0.79080067
1.1542865
2.3278189
1.4330926
-0.59954168
-0.94375987
-0.72804955
-0.93097455
0.029525735
1.5122944
1.921447
1.9683947
0.93674164
0.85226669
0.56095936
-0.17024783
-1.007249
-1.1508608
-0.3920927
0.056253424
0.31941826
-0.97160924
-0.48397474
-0.4925685
-0.58801198
-0.34631751
-0.88099485
-1.0435627
-1.6667799
-1.578948
-0.90454104
1.1533256
2.1467289
1.4718952
0.80458126
-0.11089144
-0.60189684
0.12634816
-0.23836045
0.70181405
2.1655742
1.7628056
1.3551625
0.87639059
0.32432551
-0.12283344
-1.1911261
-1.6736929
-0.29614456
-0.25930936
-0.2839224
-0.79680737
-0.57582899
-0.58345159
-0.37244554
-0.95290668
-0.61894679
-0.45314913
-0.35171365
-1.2168776
-1.0274263
-0.30460718
2.1166976
1.9120344
0.66221531
0.088051889
-0.72875688
-0.83459706
-0.81454863
-0.30122592
1.3659738
1.7167862
1.903514
1.1726936
0.5915595
0.27937409
0.37511872
-1.8095016
-1.3130233
-0.34799816
0.39368072
0.13914972
-0.82020052
-0.72631065
-0.37093516
-0.96032656
-0.0064142977
-0.35438318
-0.31580544
-0.500194
-1.2247458
-0.4654582
1.4610352
2.4991821
0.90961741
0.29793374
-1.1470594
-1.1581173
-0.64228936
0.26204779
1.1882495
2.1452255
0.9896235
1.0490734
1.7404118
0.99822332
0.15973935
-0.75886919
-0.0003746159
0.43910267
0.042511892
0.29596586
-0.35662714
-0.71484031
0.036670652
-0.59256138
-0.093214332
-0.36174206
-0.68006955
-0.72529934
-0.57079771
-0.39456916
1.0707895
2.3393964
1.3203479
0.51933429
-0.029325947
-0.17076143
-0.4509818
-0.18054752
1.0580758
2.0675199
1.6891892
1.4947573
1.0761339
0.89894856
0.50220385
-1.0073835
-0.88322995
-0.49400803
-0.098251763
0.56575009
-0.061185136
0.22721213
0.1739543
-0.49433461
-0.24871849
-0.33686579
-0.27453
-0.7544157
-0.77021038
-0.6925869
-0.1542979
1.4255908
0.053024526
-0.75048436
-1.189297
-1.174972
-0.71188947
-0.1995468
0.53142756
0.95283767
1.2965985
0.99170213
1.0043228
0.6202935
0.2456043
-0.24054431
-0.71523339
-0.21436595
-0.57610811
0.53819119
-0.10628019
0.071631386
-0.22376746
-0.056188529
0.17087489
-0.82172026
-0.3395606
-0.92789547
-0.96772006
-1.0286587
-0.73473083
1.9404189
1.72541
1.1202275
0.10665031
-0.23196204
-0.017318209
0.47036784
0.38206404
0.55655024
1.3228931
1.3367752
1.829332
1.0227949
0.19515535
-0.30442435
-0.87325488
-1.6705772
-0.3575068
-0.14539387
0.22612872
-0.3145343
-0.087204554
-0.29463943
-0.71019323
-0.8697818
-0.15374244
-0.76090415
-0.37432406
-1.4296331
-0.067022406
1.4615386
1.9874717
0.89079344
-0.16092789
-0.27391528
-0.82821252
-0.35902215
-0.096801747
0.75718412
1.7298425
1.5510211
0.91943592
0.45427335
0.67662174
0.20278574
-1.1799804
-1.1050722
0.35526323
-0.4920387
0.33273479
-0.15199363
-0.33943359
-0.2927868
-0.1573538
-0.45807897
-0.66330589
-0.40050385
-0.62071125
-0.83181756
-0.76514507
0.29297594
2.6124061
1.4018925
0.42114959
0.36861425
-0.71090797
-1.1053918
-0.54627319
-0.2959068
1.7940346
1.7379068
1.2946727
0.92091046
1.0471284
0.080653295
0.11637598
-1.2077806
-0.24482985
-0.30292149
0.294395
-0.50802038
-0.43785614
-0.39528679
0.22123035
-0.051699298
-0.08221515
-0.23078098
-1.2479517
-0.97337661
-0.72150156
-0.70801998
-0.36557675
-0.44530217
-1.2720747
-1.8277265
-1.0683084
-1.7391373
-1.5729997
-1.0713274
-0.6252251
1.8622296
1.6351879
1.0651729
0.35152859
0.33250871
-0.22053081
-1.1207462
-0.94072398
0.080812335
-0.19483379
-0.12306552
0.30701282
0.12073752
-0.33550204
-0.45217007
0.045949006
-0.46260602
-0.27460473
-0.71352205
-0.8039391
-0.59506524
2.0269588
2.6384813
1.3829081
0.51453517
-0.65228599
-0.86086607
-0.374752
-0.21575256
1.0173865
2.5220008
1.6506968
1.0690485
0.4231814
0.26825568
-0.33688058
-0.62405433
-0.6890196
0.13934662
-0.047103006
0.96994716
0.06801086
0.38957066
-0.43957991
-0.36115215
-0.062679084
0.010287083
-1.1250158
-0.94950424
-1.030012
-0.45969465
0.20914135
1.5961041
0.89903862
-0.13779325
-0.52906812
-1.1735104
-0.80565273
-0.42097329
-0.18518689
0.8177916
2.1598644
1.4148884
1.0188652
0.83601266
-0.30090099
-0.46293748
-1.7623797
0.044511663
0.26910342
-0.14759601
-0.15709082
-0.25247492
-0.58616959
-1.4286926
-0.5588657
-0.53819978
-0.94534018
-0.68515278
-1.2459646
-1.3397352
-1.3010419
-0.91980871
-0.20997445
-0.8193679
-2.2992882
-1.853882
-2.0370331
-1.5688083
-1.6571433
-1.2266897
0.086118511
1.1362673
1.3595188
0.79413114
1.1949699
0.53707441
-0.30550527
-1.1029505
-0.99598791
-0.45097228
0.37738308
-0.082365681
-1.0693129
-0.58750196
-0.62242155
-0.87686257
-1.4226619
-0.62740426
-1.7032074
-0.84410695
-0.1338034
-1.0131639
1.3704338
1.5570774
-0.52975288
-0.82017587
-0.63410887
-0.41574736
-0.24801131
-0.34099981
-0.047082964
1.8205338
1.7800803
1.5665763
0.92300829
0.71330072
-0.11221811
-0.92532249
-1.4300074
-0.32476685
-0.14624776
-0.17560978
-0.80067139
-0.93030206
-0.7667678
-0.49913782
-0.56568398
-1.512975
-1.297482
-1.3256687
-1.0065557
-1.1961615
0.62223632
2.4929107
1.6495854
0.27169789
-0.57171438
-0.69409964
-0.90999164
-0.96910589
-1.072808
0.77412713
1.7080802
1.5818977
1.2950509
1.0019549
-0.32290205
-0.22851837
-1.2033477
-0.12119318
-0.019084502
-0.21359514
0.4950043
-0.14639846
-0.064888781
0.099167723
0.54270711
-0.53570038
-0.3236724
-0.72970762
-0.94432242
-1.1386252
-0.89626652
1.6646319
2.0446728
0.73858698
-0.71440473
-1.009838
-1.5945773
-0.95216477
-1.4847665
0.054593897
1.6884923
2.5005539
2.1426591
1.4681758
0.49156686
0.2714399
-1.0576659
-0.75786048
-0.25363683
0.0098752813
0.65769981
0.5908861
0.18971036
0.064144071
-0.58793405
-0.64295271
-0.53435426
-0.74765913
-0.59137079
-0.22508608
-0.23488614
1.5377163
2.331651
1.2743437
-0.21345634
-0.75288596
-1.7355525
-0.93585553
-1.1168051
1.6101095
2.3155621
1.6038814
1.5408539
0.93372473
0.81330256
0.295126
-1.2388169
-1.9439729
0.34495164
-0.04616872
0.55401954
0.41215171
-0.69216079
-0.67067556
-0.46677225
0.24060284
-0.0013641968
-0.076413204
-0.5730845
-0.53520499
-0.90408781
0.21071427
2.0860829
1.4406569
0.43669135
-0.3688518
-0.81073026
-0.78561377
-0.68299436
-0.79734315
1.1600813
2.15302
0.92922111
1.0292271
0.49111048
0.71260504
0.11008756
-0.7056559
0.3381787
0.18828065
0.54122718
0.72479637
0.20443447
-0.54439307
-0.29885843
-0.74499219
-0.25684637
-0.60368073
-1.316843
-1.2695349
-1.6110112
-1.2108931
1.0724301
2.4092242
1.1305753
0.063654415
-0.048761353
-0.4212751
-0.75543941
-0.18088617
1.3776333
1.4460953
1.5463598
1.1207658
0.40890221
0.45929528
-0.3325203
-1.4929542
-0.92495111
-0.43139275
-0.30286483
-0.14430997
-0.65856684
-1.1082317
-0.6611789
-0.97516842
-1.2540196
-1.4141775
-1.3460124
-1.4061664
-1.4043829
-1.950583
-0.55199591
0.22984768
0.19035514
-1.1827819
-1.3822592
-0.98916093
-0.65142362
-1.0713416
-0.53465519
-0.45647093
1.6678265
1.0951006
0.84545739
0.13613256
-0.54367852
-0.42577052
-1.0442623
-0.63823725
-0.17879702
-0.37136676
-0.32926507
-1.1945432
-0.7343097
-0.35751666
-0.24169058
0.29017027
-0.11348648
0.086181307
-0.28938888
-1.0158197
-0.74154145
0.97694385
1.8225184
1.0814833
-0.78176406
-0.22782454
-1.1659762
-0.33342468
-1.4679851
-0.32324408
0.70137624
1.8936028
1.1274812
0.39211845
0.47125131
0.027169754
-0.47971308
-1.5262796
-0.65416761
-0.38373949
-0.316323
-0.62745807
-0.49100399
-0.99617395
-0.63418799
-0.37308491
-0.24726536
-1.1595884
-0.82364837
-0.65995416
-0.38662495
0.8686086
2.3017618
1.4557549
-0.11546486
-0.11697456
-0.45701823
-0.82509277
-0.43188805
0.40977422
1.5614199
1.5380927
1.2344671
0.76036673
0.82084486
0.69091563
-0.23524744
-1.4280107
-0.76922173
-0.90458049
0.050687096
-0.69243488
-0.83626158
-0.63613824
-1.2270845
-0.52410386
-0.67596812
-1.4344103
-1.3277631
-0.83088372
-1.3455341
-1.4110372
1.6930579
1.7091191
0.61973875
-0.197416
-0.88933469
-1.3786096
-1.0874532
-0.44961309
0.46525667
1.2607397
0.5334966
0.81964073
0.75532264
0.39857879
0.075339306
-1.3300005
-0.29816515
-0.35901408
-0.13962467
-0.12548278
-0.44675009
-0.9063332
-0.88538195
-0.87727629
-0.37867776
-0.61963443
-0.99418805
-0.76736459
-0.54061251
-0.26413002
0.18725772
2.0498214
1.4473949
-0.21717966
-0.79288628
-1.0209583
-0.46795483
-0.42502111
-0.09082957
2.2288855
1.7055749
1.0791911
1.490221
1.0786177
1.4171703
0.39338893
-0.81726566
-0.040773935
0.081757522
0.11124756
0.023416158
-0.13662053
0.15925193
-0.36477155
-0.27971346
-0.64064956
-0.46887334
-0.76990886
-0.36821264
-1.147626
-0.7924367
1.1258938
2.2511855
0.74308383
-1.0036915
-0.90176951
-1.0455272
-0.28573832
-0.23882358
1.0975205
1.5955382
1.6401451
1.7403598
1.1955995
1.0533767
0.57267116
-0.54701026
0.0023185663
0.048169771
0.13530145
0.032560791
-0.060139772
0.04711058
-0.65379514
-0.48815881
-0.45551061
-0.67277984
-1.514505
-1.1018395
-1.0172584
-1.0788782
-1.270837
1.1585588
1.9391524
0.25893161
-0.29370175
-0.46009183
-0.59271142
-0.082507053
-0.15225345
0.99375086
1.8975687
1.0406114
0.58821198
0.063371226
-0.27973326
-0.34825672
-1.0431124
-0.52327077
0.080087035
0.341667
0.35033561
-0.29132286
-1.1083763
-0.61546154
-0.61898115
-0.39667086
-0.88120882
-1.0528685
-0.46271119
-0.45485329
-1.0242349
1.4191679
2.2290715
0.72788336
-0.72295238
-0.59610981
-1.2206431
-0.69887244
-0.27259199
-1.3783252
1.4197713
1.6235202
1.2874917
0.4314505
0.46302573
-0.19949969
-0.51138776
-1.6005503
-0.22527027
-0.23481022
0.064111557
-0.23285302
-0.64267799
-0.69510471
-0.84030731
-0.088288988
-0.31102255
-0.52707251
-0.11991945
-0.99429103
-0.6452067
-0.47838919
1.8868079
1.7965435
0.66722738
-0.090909504
-0.1291866
-0.73988503
-0.48025465
0.0028128524
-0.91589558
1.0324667
1.090253
1.0927725
-0.18436408
0.36263243
-0.35629675
-0.89974673
-1.1930741
-0.76457779
-0.98243751
-0.11798709
-0.57401629
-0.38670062
-1.3995805
-1.0041334
-1.0609303
-1.0724868
-1.04269
-1.6058087
-0.53963717
-0.80100345
-0.8094255
-0.3454016
-0.16063057
-0.88724682
-1.1162741
-0.99437341
-1.452641
-0.82223385
-1.2237555
0.041666626
1.254462
1.124735
0.92808821
0.041637103
-0.55981623
-0.68802687
-1.075041
-1.1982874
-0.64042991
-0.012826369
-0.13573143
-0.73571117
-0.72171712
-0.3961923
-0.27857589
0.29077023
-0.38405393
-0.68936568
-0.94761837
-0.58005274
-1.1192296
0.74709028
2.0975728
1.1518823
-0.58495773
-1.5817167
-1.167654
-0.761892
-0.71670494
-0.85640157
0.18331379
1.7067194
0.46774236
0.31629087
0.53619373
-0.30411277
-0.98119501
-1.4600089
-0.41070555
-0.43168264
0.077915283
0.049599608
-0.57851157
-0.59237014
-0.72749101
-0.63435085
-0.3004293
-0.81085419
-0.71743993
-0.79160211
-0.48039373
-0.61224228
1.4758464
2.7483212
0.51872326
-0.87492157
-0.87368325
-1.3078751
-0.7930728
-0.70149751
-0.0010021526
0.22356368
1.9852941
1.4053183
0.91028033
0.52664124
-0.3273861
-0.70918692
-1.7124828
-0.49096052
-0.27138555
-0.27403325
-0.30741997
-0.20563191
-0.25109895
-0.63435876
-0.61938624
-0.54167857
-0.76084023
-0.8767651
-1.0401275
-1.2806951
-1.3211151
-0.050928213
-0.69042021
-0.63042611
-1.6853752
-1.2259927
-1.0176129
-0.47420303
-0.68875264
0.12335328
1.2360179
1.5264954
1.4695805
0.59323472
0.4271262
-0.3677544
-1.1910983
-1.7777443
-0.38475225
0.053193165
0.36095191
0.034071819
-0.42726588
-0.37882337
-0.72545705
-0.78111493
-0.81012978
-1.1736923
-0.94089535
-0.77613197
-0.71749836
-0.85772195
2.1317698
1.8013101
-0.43156562
-0.95083334
-0.7124312
-1.5737617
-0.50649131
-0.58342357
0.45126621
2.0871588
1.4226015
1.1532261
0.38048706
0.57086606
-0.24354629
-1.3337986
-0.87934648
0.27151309
0.23473697
-0.41293235
-0.61198515
-0.79478511
-0.60675189
-0.70415239
-0.67586076
-1.0166524
-0.49537343
-0.38849084
-1.1431686
-0.75669102
0.89154568
3.5572964
1.8167507
0.5421686
-0.93068998
-1.1110556
-0.70434176
-0.31267013
-1.0575925
0.4402265
1.8335077
0.79688909
1.4086875
0.1717427
-0.33408815
-0.59110266
-1.8820061
-0.53289657
-0.076424948
0.41075603
0.17469831
0.40969208
-0.19557807
-0.41677831
-0.78684106
-0.71859946
-0.58626832
-1.042365
-0.65069673
-1.437936
-1.0545553
-0.19317367
-0.18812024
-1.2544571
-1.7193319
-1.446221
-1.5145843
-1.8402058
-1.9674956
-1.4807454
-0.30843149
0.99538302
0.85606467
-0.0074680085
-0.26460766
-0.34289389
-1.2826859
-1.0224901
0.16548016
0.021752418
-0.08308878
-0.042732149
-0.40432673
-0.0042085724
-0.64122618
-0.52693362
-0.76385106
-0.78987206
-0.60023144
-1.4647853
-0.73218434
-1.0228557
0.27332547
0.0068315386
-0.55476801
-1.090638
-1.7442436
-1.4131435
-0.98551082
-1.6356794
-1.3510716
0.48302312
1.3042006
0.73297622
0.14724297
0.20275188
-0.5491268
-1.5488148
-1.2871949
-0.70609927
-0.38552333
-0.39447948
-0.0329282
0.072067759
-0.19719157
-0.49831482
-0.47438445
-0.71317498
-0.75016725
-1.0311433
-0.93616914
-1.3437204
-0.65931897
2.9505454
1.7450869
0.14300255
-0.69839257
-0.57068086
-1.1822197
-0.69076888
-0.64775768
1.0358956
1.7964928
1.8750979
1.1088844
0.46420515
0.48047936
-0.63080413
-1.2741289
-1.079565
0.26063119
-0.1237172
-0.34909267
-1.3984509
-0.25625909
-0.94865783
-0.93363421
-0.44059171
-0.49656908
-0.7250399
-0.22022785
-0.73220393
-0.88138898
-0.42147127
0.0024084328
-0.75806895
-1.3185533
-1.6888082
-1.0833255
-1.074792
-1.9355783
-1.8260047
-0.74108208
0.24246496
1.1865545
0.42671595
0.30223913
0.56263661
-0.33182893
-0.93282401
-1.2122828
-0.29710456
0.10659229
-0.10139828
-0.23947041
-0.36907719
-1.0611943
-1.3218456
-1.0535594
-1.4134589
-1.1964086
-1.571788
-1.6239986
-1.7284404
-1.8319243
2.2282044
1.6215517
-0.37299099
-1.1767726
-0.87191774
-1.2479896
-1.4240987
-0.90579914
-0.35013143
1.162446
0.94411175
0.94627852
0.91904735
-0.088393747
-0.92008259
-1.3959025
-0.28710143
0.16362192
0.044114257
-0.031909402
0.23879393
-0.18151778
-0.88590172
-0.28371332
-0.49788356
-0.2338358
-0.94763732
-0.99618808
-0.32376595
-0.64573444
0.91627639
1.7948831
1.0435529
-0.37506997
-0.15312454
-1.0050317
-0.78568481
-0.70775054
-0.75831016
-0.79800971
0.91269921
0.88096476
0.33658109
-0.1360403
-0.27230358
-0.63762694
-1.634124
-1.1295575
-0.22170466
-0.079295342
0.35604167
-0.24673494
-0.45760161
-0.57488614
-0.36085256
-0.85296752
-1.4670132
-0.78684571
-1.0499903
-0.67844203
-0.53924141
1.2217083
3.1927785
1.676031
-0.080433508
-0.42704543
-1.0350237
-1.2336881
-0.91867941
-0.11605754
1.2926518
1.7562793
0.89572801
-0.13532145
0.28418708
-0.67583377
-1.461741
-1.761775
-0.2918687
-0.35440115
-0.13178814
-0.45782444
-0.56454051
-0.76266003
-0.69961492
-1.4686849
-1.252729
-1.357596
-0.25273395
-0.67953733
-0.92435132
-0.29739574
0.9284223
2.4145504
1.1463248
-0.17230955
-0.7604729
-0.65126534
-1.1982408
-1.0842125
-0.702719
-0.40405499
1.0700745
1.3016186
0.68404989
0.18816921
-0.11380571
-0.70075491
-1.3968115
-0.56819468
-0.67496173
1.2937121
1.2209736
1.3589141
0.56517398
0.88532415
0.95779141
0.43545556
-1.6759084
-1.2240874
-1.1637526
-1.0834671
-0.64689303
-0.13464643
-0.36605519
0.96008784
0.99513001
0.92807582
0.52722405
0.45073854
0.42830262
-0.11337354
1.0077783
0.50718716
0.20161757
1.0623757
0.51762676
-0.9078381
-0.76683723
-1.2750911
-1.972123
-2.0526323
-0.55209499
-0.16287269
0.39379139
0.14631999
1.5649999
0.38216461
0.7002683
0.37659739
0.26527056
0.28716538
0.81650964
0.53273375
0.50125419
0.79455726
0.052082623
-1.1239238
-1.337296
-0.80922432
-1.3093841
-0.9352804
-1.3656665
-0.29612074
0.59496947
1.6536373
0.64225173
0.96042433
0.38548925
0.41699313
-0.34810881
0.97358344
0.83904029
0.21503264
0.36227633
1.1096586
-0.77875479
-0.53878429
-1.1556081
-1.2728308
-0.84682866
-1.7549232
-0.83258216
-0.17064812
0.46177041
1.3669557
0.60368326
0.80149106
0.60082682
1.5522728
0.78979351
0.56646374
-0.3527645
-0.11963421
0.8680642
-0.95166907
-1.4347966
-1.5902407
-1.2797482
-0.94053913
-0.60354898
-1.0257427
-1.1354859
0.44303598
1.82504
0.26674008
0.26660624
0.66606099
0.54905253
0.37983634
0.96922292
0.17045118
0.51658345
1.3252467
1.0677237
-0.82181864
-1.6792324
-1.214256
-1.2171422
-0.82590243
-1.6350505
-0.46198111
0.47153366
0.17604394
1.6062948
1.2309472
0.57014807
0.15865076
-0.45068685
0.4061447
0.080161039
1.6513912
0.75133834
0.51303799
-1.6903216
-1.5801121
-2.1087155
-0.73066034
-0.55353477
-0.88114495
-0.66655387
0.57977828
0.26567314
1.6836484
0.80572525
0.31982353
0.38175153
0.47064906
1.2419536
1.1516258
0.9738654
0.24112132
0.20777675
-0.13033746
-1.2434247
-1.0791177
-1.4852608
-2.2633309
-0.65733429
-0.77954002
-0.48458855
-0.10096505
1.4718694
1.2939704
0.67768406
0.086470659
0.17782143
0.98015883
0.81795418
0.26687079
0.55203686
0.14343494
0.040819085
-1.7923543
-1.0011975
-1.2896883
-1.1073948
-1.0670009
-0.24050924
-0.62588741
0.27301494
0.64095309
0.88193586
1.10657
0.59892337
0.96932673
-0.12851552
1.0726249
1.1081585
0.85315471
-0.091847447
0.94863414
-1.3116121
-2.1235794
-1.4672949
-1.2669387
-1.081963
-0.11478521
-0.1885375
-0.10265995
0.70481335
1.7846262
0.70472724
0.97446511
1.1132436
0.69347154
-0.057323502
0.081932457
-0.29556564
0.35507581
0.66420326
-1.0502541
-1.147814
-1.5921174
-1.4662476
-1.4137549
-1.6949052
-0.45434448
0.18049841
-0.2046818
0.82456877
1.3855072
0.75465138
0.41059017
0.068966053
0.75153798
0.60247552
0.48484789
0.42512674
0.86032373
-0.13163297
-1.542255
-1.3265288
-1.0612261
-0.97165933
-1.1484639
-0.455686
-0.048754782
0.29998339
1.9148518
0.21579839
0.35287063
0.62103392
0.22211761
0.15034775
0.88540091
0.58603548
0.8827569
0.57721934
0.10489984
-1.710873
-1.2216067
-0.75033531
-1.0771466
-1.1671367
-0.8697255
-0.27591353
0.52058799
1.2227156
1.4352843
0.28734841
0.56231777
0.26744094
1.0811473
1.0767219
0.70570435
0.92286785
0.44451697
0.25525393
-1.6715543
-2.0569874
-0.92433579
-1.4896912
-1.1065096
-0.9854285
-0.07603391
-0.24793451
0.35809074
1.7556725
1.5287868
0.51358241
0.13505569
1.1226532
0.85408682
1.4361532
0.66325418
0.90530362
-0.593066
-1.4766573
-1.6618031
-1.3085114
-1.4920429
-1.0484043
-1.1874318
-0.38904951
0.18301903
0.9625742
1.2922842
-0.032746536
0.45619559
0.53718864
-0.026753821
1.0286928
0.48980309
1.0148673
1.0340869
1.5143588
-1.2381076
-0.93806526
-1.177591
-0.60153254
-1.3164395
-1.6740355
-1.4573139
0.045925566
0.68273494
1.0721557
-0.25907278
-0.041619936
0.1478032
0.20007348
0.97844512
0.45824368
-0.085750984
1.1071429
1.1229156
-1.5129518
-2.2688163
-0.85278743
-1.5329827
-1.4243291
-0.75861137
-0.12120505
-0.25070689
-0.28648236
1.6231823
0.96809648
0.63046501
1.3208625
0.62045516
0.34598597
0.41295668
1.307658
0.81029833
1.0043801
0.61446026
-0.48740189
-0.94726918
-1.6304982
-1.9191858
-1.4036778
-0.43199743
-0.86102455
0.95275932
0.54847194
-0.32498159
1.2715253
0.77520388
0.63333947
0.31671561
0.48429044
1.450469
1.3713348
0.73241361
0.65059538
-0.83714402
-2.2706283
-0.96197335
-1.3805021
-1.2374065
-0.3107817
-0.49548285
-0.14857546
0.50216717
1.9009563
0.66210165
0.44651567
0.80131079
0.32049686
0.098586331
0.97666021
0.71720964
0.2165216
0.95017296
0.019504308
-1.9252257
-1.2773903
-0.79978054
-0.63261988
-1.09551
-1.2845335
0.06307495
0.55056943
1.4024502
0.17429883
0.68368194
1.105819
0.25966287
0.39537374
1.0291042
0.11409496
1.1273997
-0.059443739
-0.041742057
-2.0052109
-1.27105
-1.7985899
-1.5377174
-0.99470299
-0.91556526
-0.69790373
-0.11299565
1.9394445
1.0045045
0.6531461
1.4691738
1.0787994
0.57418154
0.67931239
0.45670783
0.29236854
1.3942827
0.17520278
-1.2243823
-0.68865717
-0.95081468
-1.7846751
-0.58422323
-0.26350853
-0.44022364
0.29289484
1.8482119
1.6149989
0.34356329
1.8209245
0.87468988
0.31030318
0.5930056
1.5828266
1.1882748
1.3653839
0.94901113
-0.71305541
-1.570237
-1.3686221
-1.2721713
-0.71239376
-1.2282055
-0.87240495
0.16093096
0.16049597
1.3468242
1.4151166
0.050667575
0.12331505
1.1558734
0.69223408
1.1194682
0.40467342
0.72619879
0.62793821
-0.090296891
-1.4405755
-1.522047
-1.7884461
-1.5306689
-0.51556892
0.1225844
0.26281129
1.284335
1.9377232
0.62222364
0.22871728
0.55331134
1.5192374
0.59482611
0.71312187
0.55424128
1.3764316
0.56071288
0.36630978
-1.7151621
-1.328773
-1.2142093
-1.6545706
-1.0424414
-0.52897175
-0.24402674
-0.18931042
0.49035426
1.330679
0.55544986
1.1450797
0.72099999
0.18154771
0.35574021
0.7835637
0.58107732
0.42197357
1.0601584
-0.19524305
-1.5569633
-1.0513494
-0.9500652
-0.45022884
-0.84082232
-0.27255231
0.72051081
0.96474388
1.9930084
0.77861934
0.94354577
0.6921607
-0.030197899
0.45266147
0.025821503
0.34090002
0.47243834
1.2765118
0.96608733
0.17193162
-1.0325142
-1.6898262
-1.1268234
-0.87920008
-0.71160138
0.59420994
0.83897285
1.3492419
0.27470931
1.1602167
1.293725
-0.080824636
-0.0055710297
0.48741261
0.023312891
0.27519922
0.99496716
0.097056044
-1.1017178
-1.6773135
-0.79073912
-0.26083246
-0.64235017
-1.1087291
0.24431496
0.98510505
1.6848133
1.4377099
0.70436419
0.82246499
0.030734341
0.72991379
0.74695181
0.4348171
1.1020795
0.68401216
0.24920684
-0.93142287
-1.2394425
-1.5758707
-1.3605864
-1.3137581
0.05593633
0.1327104
0.71039247
1.3089356
1.0885959
0.92661432
1.0218757
0.59075168
0.6616914
0.4086072
1.0308236
0.36880612
-0.66311498
0.72486514
-0.33987252
-0.540235
-0.69217321
-0.53310434
-0.6959264
-1.16782
-0.02270932
0.50843932
1.3238906
0.78668659
0.98831532
0.30878042
0.88708243
0.24628612
0.71873689
0.29966468
-0.22826923
-0.20746861
0.57815939
-1.2856364
-0.7898635
-1.0715838
-1.3205774
-1.127424
-0.74698123
-0.41218749
0.88572874
0.92906829
2.2663859
0.57494054
-0.094779107
0.70518324
0.21792379
0.087548531
0.69583512
0.75951876
0.42687162
0.93236725
-0.432918
-1.6015403
-1.7078927
-1.5587673
-1.5514815
-0.74922314
-0.67073263
0.45643661
0.31207171
1.9929263
0.7746058
0.57156143
0.85338416
0.65185216
0.98218159
-0.15859511
0.06170241
1.1186037
0.38696177
0.097782798
-1.5809787
-1.072634
-1.5055355
-1.2872147
-0.62289056
-0.49620672
-0.1240628
0.11750344
1.9045521
2.2557752
0.38375679
0.78435818
1.3395713
1.1488687
0.69238021
1.4801631
0.70881531
0.51057212
0.41214586
-0.54993847
-1.7572351
-1.6344941
-1.115479
-1.19054
-0.98143547
-0.43138833
1.0806716
0.61687513
1.7377562
0.092029221
0.61408319
0.34752113
1.1507656
-0.079133011
0.96758762
0.90816492
1.1335862
1.7310681
-0.042902646
-0.6803469
-1.694318
-1.7346146
-1.4117273
-1.5217758
-1.0345585
-0.38563863
1.1036505
1.2954592
1.4064794
0.001917863
0.68813531
0.85131358
1.2931662
0.21108105
0.96598216
1.1797673
0.12261139
0.46088935
-1.7866788
-1.6620165
-1.7810855
-1.1693866
-1.198232
-1.2027371
0.57261304
0.3530842
1.7948335
1.094803
0.8067069
0.31145728
0.0087552436
0.0056518319
0.66150763
0.59000734
0.3201056
0.27793789
0.43881272
-1.4180221
-1.4698369
-2.0150072
-1.6840065
-0.59054012
-0.56497211
-0.40293165
-0.14183148
1.1631184
1.5794636
0.87787902
0.75011084
0.012263376
0.79476135
0.58378492
0.81059743
0.4786908
0.31696462
0.83971908
-0.95118822
-0.63945787
-2.0396805
-1.170727
-0.35932716
-0.44823009
-0.036050957
0.38134676
1.991299
1.5755546
0.58498971
1.1975086
1.5224519
0.87249136
1.2588606
0.88031355
-0.42643852
-0.13225912
0.51383136
-0.86324756
-1.249279
-1.5520494
-1.2333456
-0.89856067
-0.76942877
0.12636968
0.79589708
0.93677154
2.053185
1.1129782
1.1658539
0.82185049
1.5463158
0.36928562
0.12328541
0.50418744
0.31167575
0.4700272
-1.0492692
-1.5502569
-1.2742979
-1.1108506
-1.7255812
-1.7403463
-0.53654805
0.37043458
0.26855983
1.4162859
0.88319475
0.30604012
1.1487205
1.1540699
0.96605414
0.57238728
1.2460729
0.31026114
0.83505148
-0.055524233
-1.0935957
-1.6472637
-1.8321017
-1.0243412
-0.56244021
0.51582906
-0.1887814
0.10995873
1.0461093
1.8408132
1.2684539
0.84955369
0.75867726
0.50204642
0.86529842
1.0054279
0.98041634
0.16017596
0.40149931
-0.1502526
-0.62074617
-1.6912034
-1.1335226
-1.4652027
-1.5952661
-0.97061584
-0.14192857
0.57122708
1.2054871
0.64693408
0.61748264
0.024206949
0.33331673
0.35657709
0.50581011
0.82294108
0.37997762
-0.09243457
-0.58079024
-1.683017
-1.6246482
-1.0811166
-0.44027813
0.070676159
-1.1082317
-1.2383215
-0.082851762
-0.021162057
0.48977191
0.39851451
0.90376632
0.86573486
0.44940329
0.99541194
0.46975403
1.1742626
0.21968821
0.097353824
-0.64041523
-1.0923468
-1.5190174
-1.9860425
-1.3917425
-0.71611328
-0.70978023
0.095589236
0.77584414
0.77112979
0.95346497
0.62906993
1.1198278
0.73823778
0.084936951
0.44694244
0.33532916
0.80736316
0.77891352
-0.54466657
-1.3047673
-1.5095836
-1.1393109
-1.237506
-0.31126517
-0.67836172
0.74989383
0.89651768
1.8545243
1.1813405
1.0967421
1.2316481
0.50240294
0.069804311
0.13420963
0.26581137
1.163261
0.38046453
-0.34236836
-1.7038094
-1.3105631
-0.32957038
-1.2332011
-0.92489055
-0.36302692
-0.024493195
1.0188445
2.0880539
1.0029157
0.67513888
0.68668833
0.086822419
0.67515744
0.45029722
0.55848187
1.4567419
0.34627314
-0.51590179
-1.2823134
-0.96171288
-1.5808967
-1.5680227
-0.11932288
-0.37335572
-0.43435659
-1.390239
-0.33149714
0.68030274
-0.27942109
0.56484846
0.24613512
0.28536692
0.67501582
1.1635685
0.57626901
0.98422374
0.12348886
-0.87054257
-1.4713971
-1.2598577
-0.46822576
-1.6753751
-1.1310859
-0.76363487
-0.63092188
0.89919685
1.1411464
0.71934421
-0.04696393
0.80652955
0.96515394
0.49870779
-0.2364494
-0.17878888
0.47670512
0.91065287
-0.74671865
-1.5001973
-0.98273358
-1.3208631
-1.9237232
-1.3751114
0.32612959
0.14696922
0.42842419
1.0768945
1.7917896
0.16003122
-0.91134531
0.20167214
0.65156717
0.93692676
1.3417146
-0.20584539
0.64110972
-1.4065029
-1.5470202
-1.8369713
-1.185324
-1.1829422
-1.3619021
-0.65584146
-0.93907817
-1.2958261
-0.86618647
1.2750352
1.0456622
0.7691104
0.64869792
-1.076135
-1.6494261
-1.116359
-0.43898156
-0.11081062
-0.27670104
-1.0214877
-1.8101912
-2.7441528
-3.0473968
-1.7274079
-1.7093365
-1.3086438
-0.41271188
0.53425412
-0.46426402
-0.9534069
-0.66016643
-0.1110182
-0.90689026
0.74810098
-0.42108467
-1.6737618
-2.2096354
0.27861979
0.0097226325
-1.62943
-1.6540819
-1.5466686
-3.2877529
-2.0721627
-0.89154652
-1.4616685
-0.097933926
1.5455458
