0.11110867
0.024538521
0.17817724
0.20929484
0.20381435
0.28106714
0.35431862
0.50869824
0.5272801
0.43442931
0.62385134
0.58882261
0.60308458
0.66804245
0.67480656
0.71321795
0.80093699
0.83029473
0.86065525
0.86385422
0.82717366
0.91511532
0.96710512
0.94833554
0.98347439
0.98778769
0.96560866
0.99524545
0.96647023
1.0271082
0.96154809
0.96394459
0.96988174
0.89352201
1.031932
0.98468732
0.93611093
0.99197671
0.87190917
0.90588935
0.87931413
0.87384959
0.84732741
0.77966707
0.77707149
0.74020924
0.73239693
0.71190537
0.67474048
0.56968372
0.56026235
0.4750308
0.43491385
0.42715157
0.43274867
0.30933262
0.29985731
0.23172985
0.22766785
0.10481786
0.092549891
0.05999823
0.02827976
-0.0069004136
-0.10533076
-0.20746537
-0.23164537
-0.29092716
-0.22519294
-0.37130329
-0.37221227
-0.44893439
-0.4571663
-0.55533112
-0.61830362
-0.65927042
-0.63435201
-0.69367866
-0.72972324
-0.70949216
-0.77880578
-0.81168341
-0.7930604
-0.8983913
-0.87176854
-0.88832966
-0.94317642
-0.94441307
-1.0046345
-1.0157952
-0.98334803
-0.96961587
-0.9118714
-1.0221529
-0.99304842
-0.99891442
-1.0549806
-0.99708482
-1.0317257
-0.93091176
-0.97314974
-0.92247825
-0.92391761
-0.8733373
-0.87894538
-0.81593526
-0.77887472
-0.71570156
-0.7465481
-0.77681883
-0.69722615
-0.58611349
-0.62745409
-0.51865375
-0.50414408
-0.41671229
-0.48512735
-0.38046661
-0.36731633
-0.1824819
-0.20357049
-0.13619677
-0.16806458
-0.098709922
-0.04226153
0.053428054
0.057502594
0.13993392
0.097648229
0.20332499
0.2362073
0.2589728
0.37557634
0.41424939
0.45116007
0.44965742
0.57453068
0.59011241
0.60851726
0.65774959
0.68511176
0.67062863
0.75274939
0.76595565
0.79044067
0.8118899
0.85788148
0.83195357
0.95164416
0.95533531
0.95348467
0.96676064
0.95266233
1.0221244
0.9901582
0.97472567
1.0450383
0.99144897
0.97575948
0.97956646
0.95258563
0.9325522
1.0407056
0.99591381
0.93285538
0.86026789
0.85063556
0.84871444
0.8539578
0.75408697
0.68973892
0.68609385
0.71067446
0.67601435
0.63977993
0.58057437
0.54977141
0.48514909
0.48587503
0.36672867
0.38123356
0.29080805
0.26017034
0.24131603
0.20852584
0.087199801
0.11673025
0.046780197
-0.02748155
-0.081658494
-0.13214858
-0.18443037
-0.22255461
-0.27005095
-0.29198377
-0.31557991
-0.39695924
-0.46452634
-0.48056545
-0.53791354
-0.61960291
-0.59342992
-0.65306623
-0.69536886
-0.71752355
-0.75897227
-0.83013723
-0.83323772
-0.85969792
-0.89742947
-0.84629319
-0.9519664
-0.95700824
-0.9803685
-1.0091383
-0.98734421
-0.99855844
-0.94443384
-1.0072625
-1.035464
-0.94507071
-0.95339662
-0.99575424
-1.0293831
-0.98262892
-0.95921728
-0.92864368
-0.92803398
-0.88373253
-0.86238903
-0.89189221
-0.85442729
-0.81810117
-0.77891084
-0.73935083
-0.69310945
-0.75762432
-0.63337093
-0.53666251
-0.57212963
-0.46260295
-0.4379701
-0.40541068
-0.35214754
-0.36328789
-0.26604977
-0.16122141
-0.16232592
-0.11472902
-0.090794201
-0.017397007
0.041367948
0.097744856
0.12080508
0.17471732
0.29896619
0.2045634
0.4017893
0.38554062
0.4535024
0.40952322
0.48899365
0.54178736
0.60616404
0.57593763
0.68529091
0.66542672
0.74258222
0.79479146
0.81468643
0.86860133
0.89269772
0.8619657
0.91452328
0.89450318
0.89963605
0.98987768
0.97200916
0.98070471
1.0209783
1.0160228
1.0109828
1.0415927
1.0290196
1.0016332
0.96375993
0.95571796
1.0053945
0.89773782
0.93407966
0.85102629
0.92880777
0.90008185
0.84578557
0.81566052
0.70537594
0.77588456
0.64980019
0.61013438
0.6529523
0.57989055
0.58491322
0.55202539
0.51498977
0.41908353
0.41171983
0.35372178
0.33065402
0.27298365
0.2363971
0.15290923
0.10284694
0.091523263
-0.062825332
-0.0588439
-0.13426
-0.15431246
-0.16923594
-0.21215625
-0.32173477
-0.35110887
-0.37750392
-0.4375101
-0.46236137
-0.50255082
-0.58905099
-0.6047222
-0.7091765
-0.63761185
-0.73275503
-0.78612935
-0.7868169
-0.85637923
-0.83783703
-0.88212231
-0.81497441
-0.87153329
-1.0123536
-0.93173266
-1.0080021
-0.98245027
-0.97858487
-0.96679746
-1.0060016
-0.94704313
-1.0158057
-0.9865464
-0.97050158
-0.98253453
-0.94626091
-0.95266553
-0.9749827
-0.99205719
-0.85062935
-0.91115684
-0.86375686
-0.82245873
-0.80937055
-0.81320833
-0.76657773
-0.72120963
-0.63201515
-0.67257183
-0.57867721
-0.55398847
-0.53010392
-0.5142682
-0.44403699
-0.39189896
-0.39146045
-0.28868986
-0.27438344
-0.20137544
-0.13779191
-0.12954668
-0.059144186
0.012112837
-0.010772617
0.1348078
0.23069258
0.23108455
0.23730847
0.31023184
0.3087821
0.45242284
0.46672217
0.50606007
0.49386996
0.5756739
0.58693006
0.63417629
0.66296329
0.68347429
0.7212819
0.7766063
0.75704493
0.86196419
0.86371749
0.91471405
0.92193354
0.94867614
0.89968719
0.92966807
0.96092068
0.9891804
1.030391
0.98786087
1.0418446
1.015408
1.035967
0.99583906
0.96201283
0.92436667
0.96633569
0.97344147
0.9190423
0.89108632
0.87686947
0.82643198
0.82022198
0.80221034
0.7793222
0.74328316
0.73153906
0.67877958
0.69788978
0.60851711
0.61746485
0.49101675
0.48919057
0.41830333
0.40125524
0.35436739
0.21418526
0.19458335
0.14195289
0.15407518
0.14002913
0.030243156
0.018226124
-0.040632789
-0.14369101
-0.1449353
-0.23239958
-0.20542818
-0.30505016
-0.29666573
-0.4117243
-0.42327085
-0.48926755
-0.59761134
-0.60466337
-0.59179204
-0.65279184
-0.72537953
-0.74437404
-0.74877543
-0.82189892
-0.78603396
-0.86757739
-0.81149798
-0.93118291
-0.90970418
-0.9859108
-0.9758595
-0.98566316
-0.96424575
-0.95551111
-0.98372451
-1.0105177
-0.97274571
-0.97264643
-0.99211881
-0.97144393
-0.96860982
-1.0046972
-0.93347927
-0.96530819
-0.94577736
-0.89968013
-0.89349663
-0.86310101
-0.81217592
-0.7683613
-0.77908118
-0.72885598
-0.71316893
-0.66125659
-0.61625557
-0.61191973
-0.54115358
-0.48785986
-0.46113196
-0.36169954
-0.39375
-0.35120379
-0.33731839
-0.20029629
-0.15282309
-0.13501484
-0.052697652
-0.026611932
0.026950919
0.070972896
0.13165532
0.16986875
0.30846482
0.22519969
0.25015334
0.32103565
0.36881116
0.43598695
0.48888372
0.53003773
0.59684643
0.63181056
0.68236229
0.75343986
0.77004171
0.71978325
0.71630612
0.85339738
0.7894822
0.87810631
0.90008541
0.99391658
0.93584668
0.93737433
0.97589148
0.98755114
0.99057109
0.97435876
0.95781409
1.0105438
0.95415851
0.96094496
1.0336674
0.96679981
0.96510417
0.98637001
0.93057615
0.95674501
0.89047798
0.91303312
0.87534604
0.8202274
0.76936312
0.73234608
0.72509333
0.68463532
0.64901423
0.65716198
0.57463371
0.5813983
0.48291582
0.48916483
0.39430548
0.37153855
0.3510354
0.25710671
0.20784797
0.24023184
0.15571357
0.059865317
0.045962839
-0.037665843
-0.052064435
-0.078140657
-0.2282479
-0.18946054
-0.22358904
-0.31835758
-0.30868372
-0.40774797
-0.49916804
-0.57490578
-0.55550724
-0.56185256
-0.61483696
-0.64984687
-0.71942799
-0.73019956
-0.8225925
-0.82435781
-0.85536861
-0.83773548
-0.88037885
-0.94107225
-0.92326395
-0.96402509
-0.97898758
-0.94130075
-0.97724178
-0.97620832
-0.96601287
-0.99297322
-0.98162633
-0.97572955
-0.95548591
-0.9721696
-0.93201306
-0.96694252
-0.95548169
-0.88098059
-0.93614408
-0.89841341
-0.84457523
-0.84497542
-0.77574503
-0.75865652
-0.75197692
-0.75428405
-0.67431522
-0.70240413
-0.60963882
-0.55076708
-0.52909674
-0.46401842
-0.38128822
-0.3732399
-0.34891739
-0.28930857
-0.2486205
-0.25807666
-0.17904659
-0.074844127
-0.067331597
0.0034882466
0.00051686878
0.086125014
0.15368188
0.1376519
0.24352824
0.27420673
0.29657617
0.37344916
0.35735982
0.39445592
0.46981297
0.51840894
0.55333025
0.57444095
0.67950714
0.65303
0.74434829
0.79956345
0.80397431
0.83586311
0.84678373
0.83444789
0.90468204
0.95817753
1.001784
0.94483562
0.91786765
0.98816279
1.0032102
0.98867691
0.96102872
1.0673896
0.91934789
0.97659193
0.94264569
0.95613824
0.97613735
0.95593034
0.91104618
0.94170972
0.91533927
0.89271936
0.83132207
0.85271895
0.81000229
0.83984741
0.75802309
0.7256852
0.65171638
0.56820895
0.55845827
0.50382296
0.46721167
0.46022843
0.37777363
0.32011426
0.28905088
0.24931944
0.21967743
0.12511406
0.1178894
0.060088147
0.0516653
-0.049573718
-0.096831662
-0.18104441
-0.2374699
-0.22976132
-0.29664487
-0.31903339
-0.41223715
-0.36456559
-0.46873898
-0.48136111
-0.56598472
-0.60460018
-0.61544681
-0.65759261
-0.74943902
-0.79738644
-0.8152264
-0.85621121
-0.83539891
-0.87736577
-0.90003855
-0.95503211
-0.90330255
-0.93193981
-0.96450701
-0.9400097
-1.0132765
-0.97795551
-0.9853202
-0.98795733
-1.0240731
-0.98653709
-1.0097683
-1.0151799
-1.0156374
-0.92872637
-0.97690233
-0.93748068
-0.95268918
-0.90070837
-0.97471556
-0.87722275
-0.86044643
-0.81658954
-0.75780285
-0.72758195
-0.61617538
-0.66259724
-0.61281353
-0.61621974
-0.5378426
-0.52324514
-0.43315566
-0.36016392
-0.32858825
-0.31802561
-0.30089475
-0.14913169
-0.080225132
-0.094932971
-0.082088823
0.040813873
0.031110989
0.085056785
0.17986217
0.15336571
0.18303928
0.31039137
0.35708992
0.39340764
0.45232125
0.51627947
0.55579246
0.54642296
0.63289228
0.65067165
0.66543693
0.67819773
0.77343198
0.77209127
0.81547963
0.81551894
0.81618099
0.89732942
0.91105508
0.97232814
0.97598777
0.99890554
0.95095493
0.95438942
0.95051673
1.0141568
1.0927712
1.0237997
0.97102556
1.0194378
0.94621624
0.92616312
0.9849448
0.9200824
0.93916343
0.95581197
0.90032333
0.89374932
0.78288558
0.83002461
0.84879838
0.76315114
0.65948638
0.66803657
0.62041486
0.61052783
0.57068079
0.52825654
0.45912135
0.40660102
0.36118695
0.36260254
0.2248603
0.23147677
0.19856327
0.11848165
0.10648775
0.038315936
-0.040572079
-0.053881978
-0.11801746
-0.17228509
-0.23148159
-0.25435149
-0.36592529
-0.36489258
-0.41608139
-0.47371335
-0.46580566
-0.55506489
-0.55426878
-0.58003212
-0.65652836
-0.67915065
-0.702484
-0.760082
-0.77104216
-0.86087282
-0.80944281
-0.90499628
-0.9563464
-0.8703716
-0.93745796
-0.93691062
-0.97811167
-1.0117364
-1.08942
-0.97291425
-1.0076656
-1.006512
-0.98573882
-1.0433981
-1.0147392
-0.94404231
-0.95176481
-1.0013813
-1.0166963
-0.94452016
-0.89825669
-0.85162563
-0.85535516
-0.86918513
-0.79278588
-0.8112783
-0.77151193
-0.7267018
-0.70955944
-0.63960974
-0.6209977
-0.55946684
-0.52292805
-0.47747502
-0.43574236
-0.33194287
-0.30587187
-0.27659353
-0.2791118
-0.23548258
-0.19740331
0.004635574
0.00012095805
0.026267957
0.035176458
0.079219117
0.18517252
0.26815673
0.20807202
0.29740528
0.35666305
0.33926197
0.47887855
0.48106335
0.60143601
0.56613407
0.6328232
0.61957498
0.67365546
0.69061931
0.7759315
0.83760251
0.8037969
0.86544937
0.85928319
0.90250083
0.95972695
0.9423169
0.91985629
0.93957234
0.97378483
0.98191512
0.96583007
1.004613
1.0422128
0.99052778
0.98848923
0.91584457
0.95485936
0.9232307
0.94337161
0.95794851
0.97303688
0.96173816
0.87516531
0.84346416
0.85432891
0.81429076
0.79233977
0.75973663
0.64957899
0.68031618
0.62097889
0.55885484
0.51978294
0.54296728
0.42935962
0.37008182
0.37239547
0.38528224
0.2713301
0.23230066
0.14173988
0.17938032
0.077988859
0.041557573
-0.057842837
-0.047568642
-0.11280467
-0.21373464
-0.22286377
-0.2876352
-0.31671907
-0.37565711
-0.41966201
-0.4927559
-0.51294977
-0.51921523
-0.52784147
-0.66444767
-0.58471895
-0.64963953
-0.72968374
-0.77829488
-0.8225769
-0.80056537
-0.87844347
-0.89551386
-0.87329182
-0.90858583
-0.91128998
-0.94006895
-0.98357665
-0.99823671
-0.96300562
-1.0178936
-0.95944644
-0.97362915
-0.98887986
-0.99435208
-0.97577579
-0.86144112
-0.97133196
-1.0056391
-0.8737006
-0.89865048
-0.9197201
-0.78777808
-0.83136999
-0.81251675
-0.81878482
-0.79690579
-0.78700355
-0.70698227
-0.69108506
-0.59584687
-0.58794012
-0.47685685
-0.44260192
-0.44338697
-0.41305685
-0.3189944
-0.34849208
-0.23991823
-0.23612252
-0.17807231
-0.13761936
-0.046248036
-0.041418289
-0.00094135151
0.10284957
0.11999793
0.19552519
0.22064412
0.28967911
0.24283185
0.39064076
0.48275819
0.50042447
0.53978916
0.54380604
0.5988223
0.64044097
0.67344227
0.67880153
0.72923087
0.76778353
0.78829071
0.86089982
0.94422759
0.8399669
0.91060842
0.87823811
0.98740605
1.0062984
0.91679769
1.0474897
0.95457179
1.0038409
1.035973
1.0048122
1.0744927
1.0852926
0.99123818
0.91367955
0.9532602
0.92292146
0.90908768
0.87804134
0.89700057
0.94114284
0.82141101
0.80816006
0.82658773
0.7963584
0.73845207
0.72099899
0.67863706
0.59807833
0.58476407
0.51873478
0.45562686
0.46248354
0.3981736
0.34329798
0.31199611
0.28717603
0.2186962
0.16291504
0.11619679
0.058751472
-0.018740489
-0.016685651
-0.045827647
-0.16024207
-0.12747172
-0.24641758
-0.29687877
-0.36616314
-0.40930327
-0.46034976
-0.46140775
-0.46340828
-0.54120671
-0.57106551
-0.59406205
-0.75976274
-0.71799421
-0.73482501
-0.75500092
-0.85277476
-0.87115622
-0.83752506
-0.89186155
-0.8914147
-0.96147355
-1.00119
-0.93626816
-0.93437255
-0.92982063
-1.0429086
-1.0415313
-1.0487398
-1.0011439
-1.0179168
-0.94874641
-1.0337246
-1.033509
-0.95635747
-0.90879935
-0.95831628
-0.95440681
-0.89557998
-0.9213078
-0.84017228
-0.78502694
-0.77524014
-0.81404198
-0.73432134
-0.69073112
-0.58274543
-0.57363024
-0.56544512
-0.4779056
-0.5130805
-0.44537443
-0.34110556
-0.29156661
-0.26990135
-0.22975451
-0.21690101
-0.12329074
-0.12611291
-0.029497864
0.010726948
0.089286571
0.086963313
0.17195994
0.2264141
0.21874865
0.30200084
0.39739077
0.39439306
0.42587726
0.49581625
0.5146525
0.58051297
0.60175427
0.64462512
0.69797258
0.76369415
0.76722148
0.83910047
0.74657766
0.82721482
0.87595178
0.86397177
0.87077549
0.95308884
0.96982724
0.97355974
0.98919146
0.95665653
0.97628304
0.99403261
0.97688294
1.0105965
1.0755996
0.97541792
1.0053292
0.93906326
1.005559
0.91356387
0.93542291
0.88812244
0.90381451
0.8629145
0.83470255
0.90601475
0.75623409
0.74325427
0.79997073
0.63625718
0.6551713
0.56152235
0.59093205
0.525277
0.49259314
0.41687969
0.38860232
0.38281637
0.21036504
0.18351255
0.20296358
0.11797535
0.080259633
-0.0096477532
-0.039900576
-0.073176773
-0.13371273
-0.18794394
-0.22226676
-0.28825109
-0.26008116
-0.38497832
-0.33777239
-0.45619596
-0.53634131
-0.55158827
-0.54150396
-0.57771346
-0.64629535
-0.67915265
-0.70301074
-0.80630736
-0.80873421
-0.88004716
-0.86166341
-0.84058565
-0.87166814
-0.84043813
-0.92996645
-1.0238937
-0.90980446
-0.93506739
-1.0064794
-0.98641905
-0.9721549
-0.9871153
-0.97602958
-0.99980434
-0.99165703
-0.97926697
-0.99791049
-0.9111135
-0.94289549
-0.90242761
-0.93369906
-0.91867087
-0.86128375
-0.83995387
-0.76289893
-0.75171612
-0.72116355
-0.75276023
-0.70050581
-0.6234978
-0.60223701
-0.50657009
-0.46242619
-0.48278197
-0.38938328
-0.32612572
-0.31509605
-0.22402333
-0.19436696
-0.17371556
-0.10224458
-0.075281467
-0.045677424
0.030094557
0.069301617
0.10571788
0.22638969
0.22379661
0.35595763
0.30293484
0.37869699
0.45882176
0.54220771
0.50538996
0.51172907
0.60630533
0.57553569
0.6488622
0.70386593
0.77953215
0.81103743
0.79355891
0.85463447
0.84042738
0.89834679
0.96313468
0.92525136
0.92844306
0.93788236
0.99213593
1.0241131
1.0592277
0.9965377
1.0040489
0.97890627
1.0526122
0.99275021
0.97338896
1.0533975
0.99656053
0.97999418
0.90675885
0.93655571
0.91893446
0.84244152
0.84637985
0.81333129
0.81527969
0.73298086
0.76979312
0.75810065
0.65184612
0.62339324
0.60072394
0.5826382
0.51726804
0.46919056
0.39481059
0.35710925
0.33828167
0.32614575
0.24053745
0.13237642
0.13756778
0.070309021
0.015308413
-0.033857443
-0.10580508
-0.13691021
-0.20178564
-0.23678661
-0.26913346
-0.31496999
-0.3749069
-0.41882334
-0.45759716
-0.48728128
-0.50241743
-0.56568736
-0.63566579
-0.64436416
-0.70901006
-0.79495946
-0.84678017
-0.85667506
-0.83647734
-0.87617417
-0.90433385
-0.90158143
-0.94525401
-0.96234869
-0.9367014
-0.94424306
-0.89997477
-0.97953489
-0.99361851
-1.0181593
-1.0064905
-1.0001303
-1.0529387
-0.99647282
-0.95392168
-0.98649731
-0.93714463
-0.90433475
-0.88289882
-0.87203295
-0.95013553
-0.86831336
-0.79202105
-0.77943014
-0.76095834
-0.71318797
-0.65489559
-0.6505207
-0.64237691
-0.58299531
-0.54237455
-0.46267674
-0.43471352
-0.3849744
-0.35205731
-0.32192853
-0.25990826
-0.20616141
-0.21089427
-0.10882247
-0.034073063
-0.01871041
0.087367762
0.10354246
0.12054079
0.1787773
0.22363237
0.28915797
0.35388914
0.36579324
0.43665711
0.52468403
0.54085771
0.5796762
0.56598638
0.61483648
0.67864374
0.7034431
0.68710247
0.72340991
0.8387826
0.80797996
0.92912092
0.81021927
0.92147676
0.9265055
0.91892758
0.97290413
0.94585788
1.0114418
0.99301762
0.94167222
0.91853301
0.99043868
1.0361357
0.99952919
0.98836346
1.0000793
0.91886387
0.99856684
0.90462634
0.91671137
0.88207658
0.87568876
0.78021795
0.86805125
0.80562525
0.82263781
0.76918253
0.68685828
0.61797354
0.55248831
0.57066855
0.53563412
0.52009492
0.4092274
0.42201057
0.35150023
0.27605897
0.27962876
0.21401893
0.14815452
0.16900549
0.076908748
0.002955188
-0.034106791
-0.090331835
-0.13709189
-0.17704645
-0.26109094
-0.31574635
-0.32463967
-0.32046585
-0.43921252
-0.50735323
-0.52497418
-0.5752911
-0.61080577
-0.62328127
-0.68110545
-0.73253224
-0.76167978
-0.82327212
-0.8381912
-0.88496979
-0.8813043
-0.92434991
-0.93360715
-0.93967096
-0.98688754
-0.96240863
-0.96290399
-1.0164087
-0.95476136
-1.0498742
-1.0126837
-1.0492348
-1.0088553
-1.0366279
-1.0043074
-1.000023
-1.0025816
-1.0172517
-0.91255863
-0.84536549
-0.8162893
-0.88294393
-0.84204334
-0.82790587
-0.77968992
-0.78073254
-0.78009961
-0.68155275
-0.6836956
-0.66718583
-0.48403391
-0.52895024
-0.46440323
-0.39361642
-0.44394026
-0.32745703
-0.27709792
-0.24291367
-0.19166818
-0.16527961
-0.073963797
-0.076536386
-0.024769822
0.075931102
0.15781885
0.13831446
0.18357398
0.26272712
0.33296192
0.37683198
0.40005867
0.41541744
0.50197575
0.52155963
0.61200594
0.55965913
0.65028299
0.72592804
0.70209465
0.73162406
0.7533087
0.80515664
0.83574524
0.87286374
0.86256672
0.91623937
0.91255211
0.93725229
0.93609281
0.96669501
1.1047457
1.1065099
1.0358497
1.026061
0.95691558
0.97723648
0.97078752
1.0015111
0.98954208
0.96439999
0.93438151
0.89743908
0.90873417
0.92451361
0.87655662
0.8419596
0.82936576
0.79643099
0.69063881
0.7108498
0.65995358
0.56859462
0.55276303
0.54554555
0.5414928
0.46282074
0.43451498
0.35008589
0.26140385
0.28890679
0.20581818
0.22776487
0.19719778
0.077305763
0.079567958
0.021604783
-0.10731549
-0.11107273
-0.15079559
-0.19120637
-0.23469847
-0.28275368
-0.32983282
-0.40919708
-0.43147121
-0.56343413
-0.57028682
-0.53295247
-0.63528655
-0.64105441
-0.63878365
-0.75404409
-0.78993853
-0.80604042
-0.804595
-0.85375499
-0.90503882
-0.94821189
-0.92921849
-0.94305234
-0.96998692
-0.9749647
-1.0144168
-0.96882171
-1.066376
-0.99334313
-0.97764257
-1.0275187
-0.99791062
-0.98057509
-1.002607
-0.9719382
-0.94468177
-0.97419712
-0.89730325
-0.86852784
-0.87191501
-0.85751975
-0.8700978
-0.7859668
-0.81216415
-0.68585527
-0.68673122
-0.65909163
-0.64300792
-0.66282635
-0.58905711
-0.49457092
-0.38261372
-0.39347621
-0.3619037
-0.34344191
-0.27363339
-0.19727321
-0.18888145
-0.067972585
-0.12199424
-0.043945067
0.020337574
0.0034061123
0.13716058
0.17038665
0.21954441
0.29186349
0.34801841
0.38704092
0.39084603
0.45007654
0.50743866
0.49655193
0.54535345
0.60564888
0.66091368
0.75482069
0.7567593
0.7486696
0.77377753
0.87521493
0.94248777
0.88210444
0.8835235
0.8731115
0.97111383
0.96433975
1.0072114
0.94933588
0.99645828
0.97298004
1.0411361
0.98162455
0.99594442
0.9836279
1.0222303
0.99478353
0.93598283
0.93489629
0.90526963
0.93877445
0.91246927
0.82412396
0.7901138
0.8252322
0.82065627
0.77188779
0.68173044
0.64656027
0.69054095
0.61849018
0.57060079
0.58603017
0.47293397
0.46007513
0.42442626
0.39174164
0.28893596
0.28153375
0.31277349
0.12170739
0.13715769
0.065277899
-0.0045699272
-0.054727827
-0.060325642
-0.049469708
-0.20253648
-0.20702191
-0.29210504
-0.25531635
-0.34997593
-0.41873739
-0.43845213
-0.50312732
-0.50860406
-0.59290303
-0.66383679
-0.6564149
-0.64910777
-0.7757897
-0.77690108
-0.76632757
-0.89282584
-0.83490163
-0.85544039
-0.89601131
-0.94913292
-0.94171912
-0.95404471
-0.93925314
-0.95916261
-1.0013533
-0.94160828
-1.0007355
-1.0270707
-1.0130351
-0.96574553
-0.98131805
-0.94918685
-0.965052
-0.87059126
-0.99274944
-0.93249238
-0.90053962
-0.87161723
-0.80072819
-0.81450272
-0.79614437
-0.7585453
-0.70239745
-0.71522518
-0.6402839
-0.66890732
-0.57925364
-0.56646619
-0.51394378
-0.4386425
-0.44032127
-0.38953609
-0.35995933
-0.33580139
-0.21800177
-0.12509398
-0.1204082
-0.072347842
-0.049484918
0.088175599
0.07698813
0.17812628
0.1964113
0.2244691
0.31761824
0.36190009
0.37222031
0.46497664
0.52594373
0.50800285
0.54401488
0.60699202
0.64471237
0.6978051
0.69859243
0.76540586
0.80912509
0.81075821
0.83860624
0.81825859
0.84539941
0.85799063
0.88517539
0.93911183
0.90572129
1.0472922
1.007507
0.92192717
0.95787142
0.99580075
0.94279732
0.98258372
1.0298062
0.98101977
0.97481831
0.93180832
0.93239528
0.88921125
0.92741413
0.87892308
0.89659725
0.88603891
0.85290537
0.78599639
0.73854971
0.68085219
0.69010291
0.68091982
0.59873578
0.56396067
0.54849507
0.5136432
0.39329773
0.40177448
0.35523063
0.29638739
0.28315327
0.19258944
0.12801309
0.11518789
0.071483972
-0.0010633077
-0.017261598
-0.14427625
-0.1791484
-0.29500746
-0.22402441
-0.32263809
-0.34551695
-0.35007019
-0.42768582
-0.48866793
-0.54568504
-0.56753775
-0.58015187
-0.69001513
-0.6793771
-0.68695213
-0.7945403
-0.7571539
-0.78702656
-0.86751662
-0.91447849
-0.87394596
-0.88327734
-0.91048144
-0.92158728
-1.001289
-0.95488812
-1.003713
-1.0106607
-1.0489015
-0.96296236
-0.99389985
-0.96388175
-0.94207604
-1.0229779
-0.95380073
-0.96338719
-0.91780682
-0.89430906
-0.88450564
-0.91745173
-0.87053246
-0.83146446
-0.70683767
-0.74105752
-0.67245862
-0.70199077
-0.67295139
-0.62207895
-0.62100986
-0.52142181
-0.52604736
-0.52326251
-0.40393718
-0.43965671
-0.40228628
-0.2837846
-0.27694902
-0.22685045
-0.15264061
-0.1139206
-0.055187497
0.011289274
0.013245632
0.061234658
0.081650599
0.18783688
0.27169744
0.2742319
0.36169365
0.40947296
0.46998884
0.5143522
0.50161751
0.5379124
0.60856553
0.62375257
0.73168645
0.76489614
0.75591519
0.77046763
0.83173199
0.82079281
0.86435866
0.8745301
0.91718824
0.97045304
0.97443169
1.0022699
0.94571676
0.99181808
0.96019985
1.0104772
1.0106841
1.0427167
1.0333279
1.0131504
0.96675197
0.95747429
0.89227553
0.93063644
0.87642893
0.93936537
0.91640109
0.86669586
0.82306779
0.81195652
0.83017778
0.78919452
0.69496323
0.67943792
0.59870303
0.61004951
0.58047472
0.54359896
0.41903131
0.44219213
0.35080058
0.32034339
0.31161766
0.24703302
0.18278435
0.15914591
0.14373662
0.018578966
-0.055630878
-0.09933197
-0.1418782
-0.18231159
-0.1898511
-0.32721281
-0.29779093
-0.37880904
-0.3625329
-0.47302932
-0.48847309
-0.56297081
-0.59610053
-0.62228395
-0.65993621
-0.70687008
-0.68710924
-0.739914
-0.72805061
-0.82879472
-0.81161119
-0.94263682
-0.87469485
-0.90467143
-0.94831006
-0.92910385
-0.93709233
-0.94354224
-0.97320737
-0.97390194
-1.0206577
-1.0364542
-1.0081274
-0.98974953
-0.95854135
-1.0083867
-0.98769397
-0.85914294
-0.96356372
-0.86096304
-0.87278516
-0.90100563
-0.86134718
-0.8382065
-0.78641344
-0.72583195
-0.79317568
-0.63650743
-0.64166204
-0.64783975
-0.59412454
-0.53884478
-0.49649327
-0.42260874
-0.38140859
-0.38377315
-0.32928665
-0.25282494
-0.22490587
-0.14210111
-0.15348329
-0.065153723
-0.021348551
0.065429097
0.024130196
0.11877909
0.17001443
0.13922436
0.30740453
0.40729154
0.35297615
0.41644695
0.43653897
0.50885313
0.52615852
0.57685696
0.67416775
0.63041794
0.67624609
0.72795677
0.75929066
0.84299367
0.89204863
0.8189959
0.85536936
0.91702882
0.90768371
1.0051957
1.0093435
0.98710914
0.99850307
0.97722646
1.0202817
1.0362421
1.0047175
1.0631079
1.017533
0.98536237
0.99278037
1.0058998
0.94258339
0.93712643
1.000855
0.88541442
0.90997028
0.88071583
0.8792945
0.81468218
0.68380237
0.70447067
0.71502691
0.6698978
0.68840354
0.62999197
0.55834463
0.50185904
0.40354912
0.47219973
0.36846629
0.26545984
0.28363822
0.22415664
0.15269096
0.13868639
0.048910147
-0.022378512
-0.085915705
-0.089492012
-0.14800087
-0.16184107
-0.2755746
-0.28083796
-0.37179325
-0.30821944
-0.41844379
-0.41863548
-0.4868269
-0.51559634
-0.62555021
-0.58488376
-0.61654387
-0.77068596
-0.74208585
-0.79084288
-0.79487053
-0.85741089
-0.84667797
-0.86084634
-0.8951608
-0.92757363
-0.98461115
-0.95536065
-0.98789971
-1.0239995
-0.99161666
-1.002635
-0.99265698
-0.96690017
-0.9791879
-0.95079257
-1.0120663
-1.0075437
-0.9704108
-0.90724422
-0.893617
-0.9226463
-0.9174322
-0.9250651
-0.82663717
-0.82080327
-0.83130373
-0.77169639
-0.78812434
-0.67759075
-0.6607753
-0.56201546
-0.62157851
-0.50234769
-0.48700712
-0.44490964
-0.37852334
-0.31637257
-0.34471046
-0.21712565
-0.25285058
-0.19921787
-0.13632115
-0.039557493
-0.049815106
0.04699927
0.099473782
0.14056965
0.20326743
0.19457447
0.31555907
0.3333556
0.4006816
0.38939716
0.46869435
0.5398252
0.58671235
0.59104982
0.57154648
0.63465661
0.71471364
0.76834146
0.78989034
0.7846824
0.90855493
0.86270747
0.91355035
0.89303602
0.8896539
0.96726963
0.99426579
1.0332672
0.96531313
0.93664297
1.0503043
1.008194
0.96231516
0.97924558
0.96642714
1.0251097
0.99670183
0.97317009
0.95879573
0.90672133
0.94819851
0.90534409
0.86156194
0.83840288
0.81335144
0.7573157
0.77977077
0.76775227
0.76829284
0.66539674
0.58233219
0.57607233
0.49400611
0.4640184
0.41816404
0.36692712
0.3608928
0.2638236
0.27520557
0.23080552
0.18969709
0.10486488
0.076345782
0.065844961
-0.042476234
-0.10004729
-0.084674558
-0.27666447
-0.25705521
-0.2090164
-0.35321262
-0.40280003
-0.47066948
-0.44794613
-0.58811404
-0.58653989
-0.58170547
-0.63986279
-0.65662806
-0.70912849
-0.72478224
-0.82265805
-0.80279208
-0.89057314
-0.83844205
-0.89894006
-0.88855886
-0.94785833
-0.93620334
-0.92687036
-1.0404395
-1.0467037
-1.0530831
-0.9687859
-0.98614161
-1.02314
-0.94733477
-0.98779523
-1.0378874
-1.0091079
-1.0090165
-0.91631154
-0.95110763
-0.95073533
-0.90923261
-0.8939754
-0.81159606
-0.7959517
-0.77159053
-0.73566003
-0.7140647
-0.71131522
-0.62412389
-0.63043406
-0.59817156
-0.5562169
-0.44810045
-0.39986306
-0.44559034
-0.34533019
-0.28457564
-0.2651676
-0.17069128
-0.13832207
-0.10227636
-0.065898217
0.025231723
0.080950044
0.11812779
0.14407943
0.2319795
0.21975534
0.30287931
0.39194649
0.38554781
0.40923534
0.5465434
0.51672618
0.58156019
0.58051835
0.65584028
0.69915317
0.71936195
0.76390592
0.82513328
0.76815863
0.84975973
0.80237272
0.89335975
0.97819962
0.96437249
0.9495906
0.95299279
0.99391229
1.0211291
0.9935219
1.0515053
0.97264046
0.93290028
0.97171096
0.98467452
0.97108219
0.9449931
1.0051121
0.89155809
0.91157616
0.87587534
0.87032711
0.8396557
0.85138323
0.77222355
0.74904138
0.74729828
0.74573122
0.61167845
0.69570194
0.56705625
0.57706118
0.54820189
0.51378303
0.40772419
0.38000736
0.32706421
0.2647363
0.24571839
0.19976104
0.12673787
0.093223016
0.12803774
-0.011323793
-0.037357096
-0.12626156
-0.17797217
-0.22103429
-0.2392976
-0.33279716
-0.41504203
-0.39781822
-0.45945543
-0.47977881
-0.5292738
-0.54944168
-0.58393812
-0.69683416
-0.74051724
-0.708278
-0.74832837
-0.82146646
-0.77855907
-0.84630102
-0.86876002
-0.88704345
-0.89209174
-0.88517725
-0.9611501
-1.0241502
-0.94430616
-1.0181957
-0.95253029
-1.0178666
-0.95023666
-1.026055
-1.0330146
-0.95827953
-1.0273872
-0.94858629
-0.94357094
-0.94743834
-0.9361887
-0.8360406
-0.89468767
-0.86390712
-0.86207846
-0.82904662
-0.79052458
-0.68129859
-0.71666359
-0.69025984
-0.64413862
-0.56575298
-0.59231723
-0.48507858
-0.50661759
-0.42170577
-0.43230064
-0.30667164
-0.25376067
-0.25140294
-0.16895611
-0.12472249
-0.041796657
-0.026236496
0.054126536
0.065530906
0.097585203
0.16740296
0.21107715
0.29561843
0.31220065
0.3330885
0.40212337
0.49204169
0.48259784
0.51723959
0.61341087
0.62395191
0.64690282
0.67113364
0.68146232
0.76910538
0.78471873
0.83522178
0.80328377
0.92101147
0.91611353
0.86832639
0.97415557
0.93536049
0.97865976
0.98711946
0.95930002
0.89949181
1.0165354
0.98859789
0.9788866
1.0090986
0.9659777
1.0027004
0.97426737
0.92268095
0.96771788
0.93739009
0.9427581
0.84845919
0.82336977
0.83652282
0.81911468
0.79329395
0.73280304
0.68978791
0.68273284
0.68812562
0.61224012
0.54422809
0.47956269
0.47142795
0.39355253
0.37153328
0.34251366
0.29957686
0.23989628
0.21719614
0.18351706
0.0087955114
-0.037177785
-0.058637604
-0.14440536
-0.13944153
-0.18816319
-0.21757165
-0.26478512
-0.34491514
-0.3960674
-0.38850203
-0.472635
-0.54941549
-0.54591128
-0.58063128
-0.64084908
-0.64317452
-0.69424927
-0.74359815
-0.77085836
-0.78508191
-0.84403217
-0.8913739
-0.88614583
-0.8992035
-0.90681792
-0.94278441
-0.97265325
-0.95076434
-0.98523482
-0.96290495
-0.99868041
-0.99928925
-1.0030369
-1.0290787
-1.0251697
-1.0197274
-0.91913903
-0.97380691
-0.92187015
-0.92527937
-0.85630081
-0.86643811
-0.91506011
-0.85970515
-0.79158994
-0.78216676
-0.68474887
-0.72843392
-0.74333186
-0.63983711
-0.64643442
-0.57425343
-0.49838773
-0.48113578
-0.437278
-0.40857951
-0.36062112
-0.31202171
-0.35395976
-0.19897401
-0.12996767
-0.15671571
-0.11439534
0.0069946625
-0.013964864
0.030206725
0.16217149
0.16340875
0.27559785
0.2393234
0.30951241
0.38481447
0.44089505
0.48294042
0.51733558
0.54561746
0.57491144
0.64969051
0.658652
0.7217937
0.77842116
0.69975599
0.86551606
0.81291804
0.90440412
0.93662653
0.85811599
0.93288311
1.0601158
0.95264719
0.98883949
0.99405715
1.0332316
1.0327823
0.9678565
0.98526328
1.0092965
0.99139079
1.0708357
0.99149164
0.979546
0.92271959
0.89036263
0.94138703
0.88702289
0.89168599
0.8166063
0.84635143
0.72616014
0.80698974
0.7492544
0.68917807
0.60955798
0.59614499
0.57748429
0.56745687
0.44961753
0.48290225
0.48656414
0.33135894
0.31620369
0.23062464
0.14662778
0.20369261
0.12824222
0.038247385
0.0090783518
-0.052346556
-0.14328414
-0.24027463
-0.19505565
-0.25768197
-0.30967548
-0.36611442
-0.4451069
-0.44757918
-0.4693875
-0.55355625
-0.54524482
-0.61005291
-0.64353773
-0.725389
-0.73913464
-0.73410151
-0.80635323
-0.80493397
-0.7726661
-0.83826565
-0.85421246
-0.83190898
-0.89092611
-0.93404246
-0.89708562
-1.0047044
-1.0072737
-0.92478415
-0.98196139
-1.001063
-0.98444205
-1.0060751
-1.0020664
-0.99780989
-0.99350428
-0.9941796
-0.94999478
-0.95006434
-0.86342789
-0.88194214
-0.83182643
-0.84444838
-0.81432176
-0.73944926
-0.70027406
-0.71408885
-0.62294504
-0.62597941
-0.59042448
-0.48900746
-0.46884509
-0.44645321
-0.4187557
-0.40449937
-0.34381659
-0.23181574
-0.31177441
-0.21685437
-0.15265721
-0.091797418
-0.10633694
0.020744129
0.077407983
0.071588118
0.14386815
0.16126346
0.30456633
0.3109389
0.33745317
0.36143109
0.44105119
0.53829389
0.53451013
0.57898165
0.56764562
0.65212974
0.70978201
0.67347052
0.79093766
0.86743675
0.76328919
0.77425821
0.8665458
0.91791679
0.91130719
0.92787854
0.95017683
0.92889814
0.92160227
1.0386916
1.0028366
0.9581231
1.0357081
0.95623229
0.99255525
1.0159519
0.95540319
0.96148763
0.96140161
1.0103697
0.94310529
0.89468902
0.878412
0.85229309
0.87875075
0.79718394
0.74972638
0.75165109
0.70613063
0.69960885
0.66734864
0.63221562
0.57667306
0.53392021
0.53273037
0.38589995
0.36720894
0.27555544
0.3151455
0.23694761
0.17739205
0.080674696
0.094483082
0.029816863
-0.056675273
-0.1000585
-0.13668445
-0.16915788
-0.26490102
-0.26461156
-0.28597902
-0.36624836
-0.42326697
-0.4351685
-0.45279701
-0.54735687
-0.58966638
-0.66217438
-0.68557316
-0.66982294
-0.72912003
-0.73334533
-0.76810329
-0.8075339
-0.82208202
-0.82231316
-0.87714424
-0.90320831
-0.9375811
-0.9939616
-0.98340644
-0.96731895
-1.0243891
-0.97842869
-0.98748967
-0.99662289
-0.98912325
-0.99509368
-0.99085049
-0.98216001
-0.94018484
-0.96105228
-1.0305526
-0.94084025
-0.89791262
-0.85000324
-0.81132769
-0.86192225
-0.77630356
-0.7628571
-0.74492895
-0.70250935
-0.6678632
-0.62417407
-0.58128724
-0.5704731
-0.5404329
-0.42965504
-0.42426579
-0.32384056
-0.35492187
-0.29623411
-0.18067641
-0.13218484
-0.16401028
-0.073107465
0.014631487
0.06434581
0.027036454
0.17358186
0.19116149
0.22573293
0.25913825
0.28229392
0.36471113
0.39913261
0.52982223
0.50314885
0.53378729
0.58050506
0.60050121
0.72838696
0.71731427
0.73358993
0.80172168
0.79445085
0.82158406
0.83351385
0.85664701
0.9535521
0.94633716
0.94197076
1.0118901
0.96948384
0.98956084
0.94131026
1.0107591
0.95046228
0.96705695
1.0304395
1.0067984
0.95982512
0.96696875
0.97767592
0.96292832
0.88262371
0.8812088
0.8417294
0.87558442
0.79561005
0.84922432
0.76309627
0.72852346
0.79196905
0.76941223
0.63332958
0.62105866
0.64782651
0.5230279
0.55557832
0.48170099
0.4111349
0.35140052
0.3725891
0.29204167
0.19876636
0.18391834
0.09210406
0.07657292
0.072730319
-0.01059854
-0.10357275
-0.11637917
-0.20064697
-0.15904126
-0.33454085
-0.34444683
-0.34365452
-0.44269749
-0.4597015
-0.48227442
-0.50470348
-0.61869767
-0.63315665
-0.68134712
-0.70589942
-0.72448747
-0.79029465
-0.77395029
-0.81534311
-0.87218271
-0.87197134
-0.87089109
-0.89086522
-0.91965587
-0.95970249
-0.99141886
-0.97406543
-1.0054068
-1.0067977
-0.96827131
-0.95173743
-0.97848429
-0.92578141
-1.0385921
-0.9777857
-0.96384477
-0.89926532
-0.92005349
-0.92889557
-0.87867055
-0.85253079
-0.8424748
-0.88864061
-0.75739892
-0.87635155
-0.72288285
-0.74299329
-0.66614115
-0.56907201
-0.59265398
-0.47004118
-0.46507458
-0.45508389
-0.43171663
-0.37185539
-0.29568042
-0.33924934
-0.19114712
-0.15322225
-0.085724558
0.0050303412
-0.024053155
0.0040449283
0.12595035
0.16613165
0.18089018
0.21475045
0.2911221
0.29275058
0.37937244
0.40172169
0.44043491
0.54360048
0.55465912
0.63961233
0.59780547
0.67988423
0.6731808
0.76308578
0.81851557
0.83974625
0.76371892
0.88347261
0.88540385
0.91840889
0.90890456
0.88968665
0.98968574
0.95583131
0.97211598
0.99663942
1.0810272
1.0758743
0.95591757
0.98202215
1.026199
0.91716238
1.0182426
0.95433747
0.99714737
0.90445786
0.88398719
0.97054569
0.889429
0.83375849
0.78179768
0.82311377
0.7658792
0.6452635
0.65507333
0.74692414
0.60865181
0.50199127
0.49721931
0.46968354
0.46248442
0.38846014
0.35084003
0.29955931
0.22009392
0.24251844
0.1420608
0.089215665
0.061326865
0.0026231496
-0.062514286
-0.090765135
-0.074202236
-0.17586636
-0.26453344
-0.31986314
-0.34629666
-0.43747519
-0.36973063
-0.46835057
-0.55732218
-0.55660874
-0.64943181
-0.62108548
-0.68412745
-0.71256501
-0.73600613
-0.7518428
-0.83757442
-0.88773975
-0.86846065
-0.91642523
-0.89660405
-0.99209178
-0.91882347
-0.95203508
-1.0117007
-0.99518767
-0.96418753
-0.91625765
-1.011374
-0.95363818
-1.0259259
-0.98538228
-0.99175626
-0.96359725
-0.97920552
-0.99523823
-0.93977169
-0.89665154
-0.90646174
-0.87179501
-0.82614622
-0.7933696
-0.80556673
0.75787673
0.68585648
0.6680097
0.68642632
0.55075868
0.58226136
0.54294093
0.52375797
0.43541825
0.38956744
0.35031563
0.32011064
0.29931192
0.094770054
0.095896446
0.1082643
0.050259984
0.015515992
0.053122456
0.084355667
0.18408441
0.16420599
0.31608585
0.24013797
0.33545507
0.42177447
0.44209225
0.4324384
0.55644047
0.57301251
0.58085508
0.66038782
0.70943912
0.79264135
0.75049425
0.77572344
0.79865002
0.77915186
0.88656479
0.82433282
0.9052148
0.92415279
0.97827034
0.87212971
1.0070977
0.96873886
0.95003442
0.99744939
1.0076298
0.9853237
0.94759603
1.0314148
0.98992457
0.9494718
1.0008356
0.9573846
0.88538822
0.92851495
0.82587027
0.82614908
0.84000044
0.82010938
0.77818655
0.67889926
0.73626312
0.71489781
0.67393577
0.57661121
0.54160141
0.47853945
0.47723583
0.43256952
0.35265892
0.36229019
0.3124788
0.25770258
0.16181835
0.092985323
0.10966717
0.086271408
0.054963888
0.13552664
0.063855946
0.16330858
0.1711162
0.22612371
0.34754388
0.36850383
0.42823747
0.43971416
0.45101012
0.53097958
0.64447424
0.57348747
0.65322984
0.70565867
0.79574307
0.74665581
0.78253246
0.80902811
0.88380816
0.89765073
0.92711273
0.85799894
0.9636529
0.95924495
0.99635993
0.94791454
0.98782085
0.99165602
0.96695576
0.97745305
0.97295395
1.0669388
0.98272196
0.94957429
0.95939424
0.92784997
0.87165969
0.88284647
0.94169493
0.90945412
0.86116912
0.85171241
0.80403196
0.7295677
0.75539562
0.71255507
0.67418273
0.60602326
0.55428658
0.55269873
0.51578576
0.43033351
0.39242742
0.3543065
0.21482221
0.27494592
0.21624403
0.18145254
0.10872254
0.097048516
0.0039618817
0.081335987
0.073152199
0.11779939
0.15076218
0.20280227
0.21030095
0.31312454
0.33257973
0.44995887
0.45840846
0.49902996
0.58655967
0.5221458
0.63226233
0.62439736
0.67495326
0.74001107
0.79428889
0.76793668
0.84353158
0.90091385
0.84887407
0.86718966
0.92050387
0.96012255
0.9552596
0.9415953
0.98381951
0.99560917
0.98014252
0.96137907
1.0145118
0.99934123
0.98294738
0.96779385
0.96347422
0.94011203
0.92079341
0.98170078
0.91317938
0.84299924
0.86151346
0.88809482
0.80763931
0.85558794
0.73913453
0.70688216
0.66257662
0.69910001
0.60260909
0.59594208
0.48572575
0.47885395
0.47595281
0.36619893
0.36442837
0.33400955
0.32719373
0.24079483
0.20194667
0.10912014
0.051871221
0.023106183
0.058548119
0.041290624
0.10255809
0.14574072
0.18475815
0.27877511
0.34212215
0.35226118
0.37735805
0.43207934
0.47295653
0.49679423
0.57830961
0.5877032
0.66635091
0.67609111
0.78388994
0.71855404
0.86005035
0.82295899
0.86820785
0.92001237
0.8926945
0.91306379
0.89503823
0.95310172
0.95160117
0.97351749
0.94100949
0.95808386
0.99876211
0.99582372
0.93900536
1.0021584
0.9589476
1.0077288
0.99230593
0.92418892
0.91499692
0.88265506
0.91805456
0.83979667
0.8425964
0.82238695
0.73492528
0.71177663
0.80126324
0.67907831
0.68230962
0.62532564
0.59631656
0.47942239
0.44926568
0.42796205
0.37774492
0.33963806
0.28494162
0.25142648
0.21716528
0.14517537
0.12290879
0.075922355
0.02180892
0.034235774
0.087339257
0.22114534
0.14531611
0.19923945
0.29145273
0.32914205
0.35324217
0.43428777
0.49323732
0.47325956
0.54042167
0.55200256
0.63714722
0.67766422
0.73111952
0.70654701
0.7852114
0.80111594
0.88087492
0.8711992
0.86741398
0.89982204
0.90944394
0.99283235
0.94301367
0.91927487
0.9764821
1.0292037
1.0186161
1.0049046
1.0593793
0.9782069
1.0018694
0.95712869
0.95041594
0.95325066
0.97195339
1.0020991
0.94118814
0.85749675
0.86277087
0.82536443
0.80620841
0.82540205
0.76676387
0.7534745
0.7049744
0.62115532
0.63971902
0.52326428
0.55310196
0.50327948
0.4756138
0.34615228
0.34024982
0.30032807
0.25502011
0.23220199
0.17715425
0.1259549
0.06033481
0.060277639
0.056410151
0.09207226
0.16429865
0.19639563
0.21894178
0.33221509
0.3323869
0.40984604
0.40471028
0.54106293
0.58410612
0.50685362
0.60664996
0.70644693
0.73460951
0.71717359
0.73811596
0.76932608
0.77527561
0.82798168
0.86766964
0.85427282
0.84232461
0.92954202
0.9556021
0.92775314
0.99165542
1.0341265
0.99572144
0.98899782
0.99482255
1.0369622
1.0171023
1.0148731
0.9529274
0.97920028
0.94083457
0.92776629
0.93700009
0.97715068
0.87728941
0.84196267
0.86439141
0.81164811
0.79555841
0.69192549
0.71558481
0.67191172
0.67608271
0.62651221
0.6065581
0.49498959
0.45567472
0.45897276
0.28947922
0.30850284
0.27817336
0.17965674
0.27660697
0.14852057
0.096678559
0.039322535
0.030613793
0.071616032
0.029905388
0.1569693
0.21721509
0.24990798
0.31147967
0.32119287
0.4114139
0.42607295
0.42762384
0.51574938
0.54727181
0.57421024
0.66410267
0.68590676
0.71164388
0.73565429
0.8416915
0.85483391
0.83732164
0.87229069
0.9434318
0.97416494
0.97023389
0.93937571
0.94519244
1.0016438
0.95733002
0.95749082
0.98592851
1.0317215
1.0047583
1.0047056
1.0286336
0.99108662
0.93497971
0.98823586
0.9608785
0.92452647
0.8938591
0.86735974
0.86038453
0.8080207
0.78906487
0.72600052
0.72574829
0.68555151
0.69176571
0.68318013
0.6297816
0.58925591
0.53461288
0.48672318
0.44876279
0.35363582
0.35899311
0.24369605
0.25599258
0.15875047
0.10481236
0.072366943
0.0058364921
0.011871241
0.025341585
0.12047997
0.1451677
0.20540928
0.21900903
0.3126244
0.34475746
0.31855583
0.40789319
0.52140206
0.4958951
0.60564384
0.61468403
0.64400947
0.66166189
0.73918473
0.74148027
0.73198571
0.88408414
0.88399962
0.83369687
0.90656337
0.91903309
0.90566416
0.87872075
1.0101986
1.0086645
0.99006549
0.99411429
0.99473381
1.0103803
0.95847963
1.0261257
0.98319115
0.94870775
0.95844791
0.97852044
0.93819879
0.93487649
0.92405516
0.83646995
0.86346991
0.84931186
0.82633358
0.76618168
0.78724491
0.75757432
0.65983487
0.67115421
0.60181723
0.52149828
0.47409476
0.40957479
0.44978521
0.34160995
0.31243242
0.2338278
0.2198488
0.151058
0.090848808
0.092829562
0.044553293
0.023491724
0.067835563
0.13236593
0.1452107
0.22142242
0.25563324
0.30094694
0.38834941
0.43571202
0.49188635
0.46141879
0.53577758
0.60353174
0.57850641
0.72421914
0.70449258
0.71353173
0.79927898
0.80866414
0.82898597
0.82985946
0.81874338
0.86833473
0.89954578
0.95446214
0.97582422
0.94273946
1.0076754
1.0110206
0.99082231
0.96704338
1.0297347
0.99442545
0.96121982
0.99717839
0.99751643
0.9201877
1.0175456
0.86773248
0.86654724
0.94124118
0.88841447
0.83821954
0.82571364
0.82045196
0.73589839
0.76261725
0.71993979
0.65846681
0.62797187
0.56071206
0.51173585
0.48460088
0.4878663
0.40048301
0.34728961
0.28266582
0.22970273
0.21972934
0.20462694
0.16153728
0.089394815
0.01047847
0.041468058
0.066948135
0.097611484
0.1457861
0.29784757
0.27715356
0.35552986
0.38590313
0.35831963
0.48700374
0.5609857
0.54146938
0.59266255
0.64203718
0.63697199
0.68385286
0.72487333
0.77947266
0.78948268
0.83977218
0.85069392
0.86236933
0.89275667
0.9467357
0.96012785
0.9924635
0.93771896
0.98257354
1.0118946
0.97321818
1.0161636
0.98509771
0.94773941
0.9628695
0.99281615
0.98215316
0.90222347
0.95850693
0.92641245
0.90688223
0.86592386
0.86633719
0.83588374
0.80981238
0.70132504
0.73018696
0.75513827
0.73122176
0.7074602
0.55365448
0.60210914
0.50012482
0.47245376
0.4969649
0.33335672
0.33608511
0.24664711
0.24795246
0.20479568
0.19563862
0.11088423
0.057762695
0.063075335
0.036986599
0.092955554
0.11315369
0.20021396
0.19497506
0.26455182
0.33476121
0.35782183
0.43785029
0.45643636
0.48296125
0.58544001
0.61529106
0.65374988
0.69536996
0.74232776
0.77608555
0.77669841
0.79114672
0.83103254
0.90246204
0.84559785
0.88882647
0.96226102
0.97321036
0.94365662
0.96604484
0.97807798
0.98196601
0.91510171
0.98520582
1.0101604
1.0794869
0.9444289
0.96493144
0.96373529
0.9332024
0.92776879
0.8693276
0.91062979
0.87571591
0.88722279
0.8455211
0.85124362
0.83981095
0.75795414
0.67884594
0.6926732
0.69385501
0.60515691
0.58083253
0.49385421
0.53320895
0.45199481
0.37899734
0.29082038
0.27638627
0.21700574
0.18613667
0.16491925
0.13142445
0.059128122
0.0067570136
0.033529955
0.0074458238
0.13442448
0.19008792
0.19096427
0.28874357
0.36160183
0.35469873
0.44332012
0.46920407
0.49009319
0.53443268
0.6554684
0.7199139
0.70212112
0.65952348
0.74082088
0.78591353
0.81629812
0.80471574
0.85442663
0.87354092
0.98081987
0.9363956
0.94708681
0.99115714
0.97561196
1.004845
0.96323047
1.0162336
0.9562041
1.001103
0.96732
0.91600621
0.98245765
0.92492153
0.99810959
0.88679683
0.97070172
0.91312066
0.9000788
0.9035101
0.88266472
0.78927826
0.82686554
0.79303158
0.67662604
0.67832624
0.62815872
0.6316896
0.56753159
0.50866483
0.46994178
0.37135994
0.40612703
0.34372159
0.26353436
0.21149577
0.26010637
0.15810838
0.11797089
0.046077489
0.021613263
0.069241552
0.14228096
0.16875026
0.2135343
0.28322395
0.31404849
0.3029124
0.39716544
0.38380253
0.52034036
0.45620588
0.54997413
0.61185769
0.64633383
0.74764555
0.72229162
0.73374083
0.80564683
0.77576697
0.86203973
0.87798862
0.88012131
0.89383421
0.89395649
0.88775998
0.95060297
1.0025944
0.96239726
1.0460597
0.9681889
1.0712272
0.97636147
0.99981375
1.0389155
1.0242981
0.94757426
0.98466116
0.90770973
0.87044436
0.92947919
0.82765137
0.78968983
0.83245826
0.85206472
0.81586981
0.69290405
0.70958852
0.69894429
0.66679978
0.64693301
0.60686713
0.5402343
0.42062822
0.4246843
0.33155556
0.37190302
0.34129108
0.16821867
0.21391116
0.12529501
0.071109515
0.0075066093
0.029266526
0.050033393
0.11657101
0.14822107
0.17747055
0.28881583
0.33425912
0.33198828
0.34836402
0.40482575
0.4945144
0.57798946
0.65329312
0.64624981
0.61633879
0.70928733
0.71679029
0.75260507
0.864674
0.77911927
0.78085305
0.87504087
0.86367538
0.94318122
0.91674615
0.88218358
0.92319124
1.001788
1.0215392
0.99240876
1.0062221
1.0020596
0.95674565
0.98839494
0.93446016
0.98304666
0.97528939
0.93121515
0.92785935
0.93112377
0.95681445
0.91857806
0.83609014
0.81168191
0.84979861
0.7659414
0.71943832
0.74156114
0.6992074
0.58801489
0.64658642
0.53208903
0.47184771
0.52037379
0.42006892
0.40892884
0.3198563
0.28922104
0.28178605
0.15719528
0.10851715
0.099277747
0.011144718
0.023556727
0.03003635
0.082510565
0.16677533
0.20198151
0.33165117
0.31338785
0.38151351
0.42804222
0.46639639
0.50435907
0.58215812
0.54325118
0.67647856
0.68320568
0.65871979
0.76900701
0.80455669
0.85327252
0.81158427
0.90741035
0.88658488
0.85186395
0.89536733
0.97051299
1.0152373
0.92958752
0.97645183
0.96694739
1.0577077
0.96890374
1.0443834
0.9779081
1.0208475
0.94456057
1.0299845
0.89536863
0.96595119
0.95324865
0.89352539
0.868032
0.89767395
0.81774406
0.82413502
0.70181362
0.695178
0.72988405
0.73364243
0.60465467
0.64387248
0.59778699
0.52030027
0.49637523
0.52623064
0.36138227
0.37793309
0.32180496
0.27779254
0.21836264
0.17889429
0.11166898
0.013830545
0.0008685681
0.021843716
0.070952384
0.10917792
0.10466566
0.2827869
0.25335124
0.31919638
0.37187357
0.43966887
0.46573091
0.48256367
0.53353472
0.64239459
0.59832378
0.6583012
0.63989874
0.77478307
0.79459206
0.85982455
0.8301891
0.82395388
0.89776448
0.92157166
0.93429951
0.94772772
0.92380193
0.97053809
0.9978781
0.96890137
1.0413315
0.97919998
1.006844
0.92695566
1.015707
0.9732875
0.97433773
1.0027067
0.92349452
1.0105049
0.98244244
0.94020829
0.82977653
0.81505768
0.86200972
0.79667849
0.78388046
0.71784171
0.62027414
0.68251828
0.54968064
0.58995725
0.55455084
0.46953957
0.42203904
0.39105194
0.4029949
0.32993982
0.28787799
0.22743053
0.18729264
0.097503289
0.028172234
0.020285126
0.05653551
0.11325239
0.14209333
0.17787806
0.21774008
0.24533229
0.32254987
0.38371959
0.41796905
0.47618573
0.51402108
0.57710058
0.57462972
0.63110062
0.68093036
0.69645749
0.75270179
0.71670724
0.82170433
0.85035964
0.86138612
0.87396812
0.89339288
0.8708242
0.98167933
0.98149088
0.9368018
0.93410979
0.97836316
1.0192747
1.0272195
1.0176708
1.0233388
1.0516276
0.92923191
0.99213902
0.96268434
0.92512695
0.95720183
0.9140134
0.93280342
0.83470329
0.81511671
0.82990682
0.75592752
0.75764161
0.70640894
0.72076783
0.66146365
0.59442001
0.54625652
0.51219094
0.56230924
0.43648054
0.38590781
0.33962013
0.34942739
0.19307512
0.23920278
0.12894409
0.09422549
0.07607708
0.027692551
0.032270224
0.098812689
0.19258119
0.18880563
0.22464313
0.27089125
0.35845282
0.38670943
0.41104695
0.45855009
0.53265901
0.60412067
0.59329176
0.63093727
0.62911157
0.76669087
0.76076069
0.76665819
0.81474409
0.77193696
0.87790556
0.96839654
0.88699078
0.97739093
0.90403845
0.9491491
0.98641807
1.0175137
0.93037085
0.98692168
1.0160077
1.022833
1.0031506
0.9502364
0.92091626
0.97373547
0.94800235
0.93665417
0.98522351
0.90607972
0.90558241
0.87924142
0.8438508
0.9069247
0.80476583
0.72284035
0.7099178
0.6952533
0.65183581
0.63729018
0.5838504
0.53794977
0.48133715
0.41096311
0.38561584
0.34096374
0.3187005
0.21004735
0.18603022
0.1257381
0.087662111
0.018176134
0.055302402
0.040469531
0.12277802
0.17690967
0.2031622
0.31586537
0.26756282
0.3312781
0.39650953
0.44023225
0.47628054
0.51085526
0.59615362
0.60705449
0.62105401
0.74229941
0.75115611
0.80412341
0.78546243
0.88010804
0.87475614
0.80957348
0.85123554
0.9342028
0.92992509
0.94571986
1.000679
1.0335212
0.99930941
0.99753417
1.0728597
0.99951748
0.98440074
0.97663166
0.96650127
0.98582667
0.94403093
0.8979705
0.90188002
0.94168043
0.94362986
0.92518625
0.93782843
0.7980824
0.8510965
0.77771806
0.72684892
0.69381956
0.70150722
0.65565297
0.53434559
0.58777893
0.5388172
0.45984078
0.39024967
0.35148842
0.28917745
0.28112212
0.22154803
0.17522674
0.14366119
0.07668835
0.01987361
0.033248794
0.080694855
0.17024431
0.1330449
0.28390016
0.24618982
0.31801923
0.3674952
0.38003798
0.45701343
0.49860912
0.56302535
0.53803749
0.58266038
0.63144568
0.67359554
0.70233865
0.73684462
0.77838335
0.80002114
0.87221503
0.872982
0.87881185
0.9422956
0.93674766
0.95934237
0.9256478
0.96279855
0.95113943
0.97347133
0.96470597
1.0031218
0.99525876
1.0166639
0.97694555
0.87905405
0.96748879
0.95904701
0.91331086
0.9760779
0.86607814
0.90940787
0.83750588
0.82032958
0.80283691
0.79356417
0.72287293
0.66458484
0.64284743
0.5809342
0.63405692
0.54595945
0.54907801
0.45644983
0.39727097
0.39493048
0.27967387
0.29055043
0.20554136
0.18894713
0.15322621
0.10279263
0.076664525
0.072389644
0.0099364352
0.07839782
0.1047047
0.17512301
0.17530774
0.33625226
0.36454754
0.37494779
0.41103505
0.45442169
0.53178028
0.51501445
0.6358749
0.65766725
0.68594561
0.75404511
0.77694858
0.78514057
0.82687148
0.84855135
0.85714732
0.9378876
0.96148456
0.94209477
0.9213781
0.93003647
0.98861243
0.98008491
0.96798757
1.0031956
0.9605112
1.0100521
0.94184381
0.90684359
0.97294938
0.93595757
1.0061065
0.98481827
0.90030495
0.86782929
0.86993599
0.84151599
0.87100252
0.78392701
0.8044437
0.77231434
0.78004927
0.64665596
0.60505991
0.63680566
0.51492974
0.4362706
0.45568192
0.42433809
0.3494164
0.30277535
0.22119807
0.27555209
0.17578939
0.10134985
0.083229952
0.047704953
0.065045578
0.07251248
0.14581913
0.1241109
0.22278408
0.3139479
0.32784628
0.35605138
0.34694852
0.46055508
0.48657316
0.50808915
0.57227207
0.6578682
0.67231811
0.72528291
0.71444512
0.71946308
0.80241523
0.79539819
0.88057928
0.87669814
0.91034013
0.87030476
0.93272573
0.93245607
0.98254675
1.0029872
0.97696279
1.0231718
1.0445633
1.0100272
0.94493583
1.0071089
0.97997594
0.99796513
1.0349134
0.95252942
0.87968414
0.92844636
0.93469651
0.90610327
0.83548146
0.83405382
0.75762735
0.76800326
0.79482826
0.70464665
0.62922897
0.58007404
0.53125347
0.49908708
0.45369368
0.38214451
0.34882375
0.3478114
0.32234382
0.26784104
0.18649177
0.12051231
0.11950693
0.011024668
0.035650403
0.02299369
0.07550035
0.11600673
0.21639638
0.230023
0.34624611
0.33188174
0.44102315
0.34359581
0.481375
0.52231053
0.61963214
0.6047272
0.69469599
0.73628118
0.68862956
0.70396206
0.80474221
0.7795117
0.8299714
0.8426102
0.88929915
0.92789288
0.95155587
0.94982177
0.92885865
0.94491267
0.993176
0.91845344
0.95746858
0.94728669
0.98891148
1.0138821
1.0719043
0.98583072
0.94080498
0.94925879
0.96522485
0.96721171
0.89871461
0.89244583
0.90847956
0.85058824
0.81788204
0.77420118
0.7404876
0.75476422
0.66616598
0.64499344
0.57317356
0.58730536
0.53361503
0.49684294
0.43683787
0.36751528
0.34294412
0.25565608
0.23909896
0.27859175
0.20822503
0.13182182
0.067655631
0.030630245
0.033921021
0.065711584
0.10620149
0.22969328
0.2507864
0.29348293
0.35850838
0.41972056
0.38978753
0.45446127
0.55041954
0.59718835
0.5884929
0.66482142
0.71932641
0.72345655
0.77740294
0.75308906
0.73473523
0.89650215
0.83797063
0.8757257
0.93958731
0.89886392
0.97762192
1.0254718
1.0124884
0.96564972
0.97866032
0.96385067
0.98335591
0.95764694
1.063931
1.0022069
0.99663679
0.97647192
0.92654624
0.96983829
0.92167976
0.97426309
0.91928943
0.83342123
0.89669528
0.76314269
0.79614002
0.7301605
0.75284248
0.65256968
0.64017978
0.55913351
0.57846113
0.54264861
0.49994476
0.36433737
0.39549494
0.39152086
0.2588062
0.24140545
0.20530623
0.12693968
0.064947058
0.065895486
0.0090255013
0.044945552
0.085864293
0.17055591
0.22793477
0.20689246
0.33761117
0.3528601
0.38645322
0.38680839
0.47552157
0.52490418
0.57249257
0.59487004
0.67915415
0.73779581
0.76251292
0.74710176
0.79781509
0.83006107
0.82361163
0.86967952
0.8739546
0.91721963
0.98762473
0.94441699
0.94061127
1.0227912
1.0154438
0.97582766
0.97329118
1.0469102
1.0004495
1.0026044
1.0026069
0.96205352
1.0089192
1.0382308
0.86163639
0.93357271
0.93857894
0.85836487
0.86349805
0.83965653
0.78535717
0.79826693
0.7826391
0.71515941
0.68384616
0.61543444
0.63147741
0.55024349
0.52561632
0.50648469
0.41264808
0.37025726
0.33298093
0.27492611
0.19177416
0.20126867
0.087791292
0.076008331
0.010690613
0.029645753
0.060846794
0.097526128
0.17176689
0.15921797
0.27415552
0.27022459
0.31733104
0.419553
0.43298095
0.48721465
0.46384841
0.60906655
0.66888249
0.64430098
0.72394511
0.74649658
0.74922718
0.83505979
0.78560527
0.83476623
0.82676233
0.90774885
0.88785447
0.97422546
0.9451985
0.92969419
1.0002466
0.98477904
0.93978524
1.0245227
1.0369881
0.96795784
0.9964671
1.0264908
1.0112351
0.95909265
0.94923625
0.95348943
0.91615199
0.8846811
0.90531104
0.8668521
0.85348997
0.75567359
0.81199439
0.68267963
0.72074616
0.66533844
0.59520678
0.56281855
0.55760942
0.47406339
0.49920084
0.3688722
0.33024743
0.32139723
0.26083179
0.19323958
0.18784469
0.10932806
0.054871112
0.015454395
0.02520925
0.060892187
0.055965384
0.15852764
0.19399249
0.26559545
0.32918087
0.39128032
0.40494462
0.45613455
0.53251539
0.58465931
0.59003154
0.65137334
0.63666472
0.75052663
0.71051416
0.74012497
0.81483593
0.82391786
0.80034493
0.91414329
0.92420583
0.97650566
0.94966186
0.9792332
0.93086319
1.0423155
1.0680201
0.9824271
0.97565732
1.0333361
0.96083938
0.99998907
0.98407489
1.0073524
0.90295002
0.95905206
0.94764042
0.86149898
0.89456558
0.89790835
0.80929385
0.81457279
0.80182934
0.74655407
0.78320917
0.72138742
0.63967839
0.63160812
0.61821386
0.54744207
0.51496599
0.473833
0.43189547
0.3170102
0.29148372
0.25443745
0.16444427
0.12190979
0.13108669
0.081356858
0.050267758
0.018359637
0.10602331
0.13070457
0.20345535
0.1996087
0.32725014
0.295916
0.35482886
0.39160177
0.4815551
0.4994376
0.54985254
0.63995152
0.61306189
0.65252694
0.72844118
0.6969688
0.82992724
0.81564902
0.84383182
0.88137307
0.90434886
0.88854557
0.95394227
0.9403768
0.97234443
0.97555837
0.91754624
1.0082436
0.96641327
0.99792798
0.9989031
1.0616356
0.95995722
0.98211556
0.99254924
0.96520544
0.95604197
0.87491579
0.95411346
0.91487916
0.86410405
0.78557995
0.81121067
0.75310474
0.73343447
0.70104016
0.64675815
0.57624906
0.60901993
0.58338829
0.525828
0.49919215
0.52192607
0.40342948
0.3476543
0.31826045
0.2653162
0.16827066
0.15759582
0.11181021
0.083048638
0.029616243
0.035585035
0.093105271
0.1514652
0.24234395
0.28190951
0.24504734
0.39105783
0.3463748
0.51070383
0.47634943
0.498618
0.48811837
0.58309357
0.68713825
0.65976296
0.69459236
0.70018044
0.73728498
0.78765376
0.84745498
0.79313363
0.90838983
0.8921609
0.95479225
0.9453003
0.94578942
0.99000452
1.0003514
1.058826
0.95327972
0.97609219
0.95905352
0.97867372
0.97618052
0.9711798
0.96066602
0.94724661
0.94190759
0.94726493
0.95096055
0.8802339
0.92964528
0.87198331
0.85560065
0.75228836
0.69207683
0.7300871
0.69504152
0.58955489
0.55775232
0.57855012
0.55947959
0.52694726
0.40672733
0.41199744
0.36584604
0.29696667
0.21489317
0.16443456
0.17672631
0.046385329
0.042779018
0.0073168292
0.010915669
0.10918359
0.1932491
0.18448548
0.26883936
0.23375317
0.36935341
0.38129045
0.36451145
0.44197504
0.52100345
0.54649413
0.52299566
0.59551247
0.72398889
0.70936111
0.71404402
0.83284832
0.80225797
0.84231686
0.85649701
0.91684522
0.97258419
0.96682904
0.88565426
0.96717464
1.0068607
0.9360699
0.96175926
1.0260583
0.9638938
0.96263385
1.022862
0.97400461
0.9968101
0.93274941
1.0040667
0.96076625
0.902572
0.91304166
0.8693608
0.80661813
0.85254977
0.84657139
0.72764914
0.76203781
0.70271259
0.69680213
0.69208471
0.63215838
0.51612716
0.53159498
0.47935737
0.41975876
0.34486731
0.3323892
0.29861644
0.27022202
0.17358094
0.2133377
0.13325367
0.019668403
0.020668635
0.013182779
0.12347646
0.17079278
0.16484722
0.25060079
0.3544334
0.33186439
0.34981093
0.44544839
0.465812
0.51564328
0.58306984
0.60794433
0.63590766
0.65146053
0.6940245
0.72096093
0.76673025
0.87544408
0.84949793
0.85196943
0.88954897
0.92328453
0.94331792
0.96141309
1.0014377
0.96550869
0.99825174
0.9727716
0.93592172
0.98082261
1.0466543
0.98457182
1.0249671
1.0030012
0.95261141
1.0234467
0.97353237
0.95689309
0.87655874
0.86311665
0.88182861
0.87371672
0.80420619
0.8314983
0.73758642
0.7313399
0.67130718
0.66977257
0.58293453
0.55183636
0.4602688
0.47700845
0.42514475
0.39392182
0.34081645
0.25963276
0.25577462
0.27175737
0.11402031
0.11679051
0.016553096
0.044460759
0.10156338
0.094753502
0.16233564
0.18342329
0.26745194
0.34821581
0.36279515
0.40489865
0.42727671
0.53216913
0.59616097
0.56099415
0.64229881
0.67135741
0.67359941
0.72655211
0.75506588
0.75258573
0.78605173
0.84892806
0.89211391
0.93734264
0.90793899
0.859981
0.91845783
0.95975584
1.0153271
1.0286228
1.0119894
1.1231371
0.98606517
0.95760924
0.99195675
1.0006409
0.93626297
-0.98478611
-0.97658315
-0.91075512
-0.92343351
-0.92445478
-0.85212431
-0.8719898
-0.77939627
-0.82104994
-0.78888589
-0.75713899
-0.68956237
-0.62143625
-0.61458964
-0.56131592
-0.50401338
-0.50757678
-0.42786157
-0.41866725
-0.2985181
-0.3129178
-0.29205043
-0.22210948
-0.20091321
-0.17787311
-0.06567565
-0.01964689
0.04438583
0.044358835
0.095443738
0.15537383
0.18723058
0.35893631
0.3294063
0.34225594
0.42426599
0.49617616
0.5217107
0.57236383
0.59916415
0.57277405
0.63599814
0.73331874
0.72630594
0.77463505
0.81566413
0.79229839
0.85979658
0.86394704
0.85208596
0.93486488
0.91184943
0.9391032
0.9247134
0.96032211
1.0036883
1.047565
0.9611199
1.011509
1.0161054
1.0296225
1.0304974
0.94284646
0.97051344
0.99582869
0.95692713
0.96702778
0.94021608
0.95484897
0.76425271
0.81326111
0.78371062
0.71623282
0.71309206
0.7428283
0.6606127
0.65222524
0.63472192
0.52911841
0.48236245
0.40809491
0.39760845
0.33686444
0.30631235
0.25825286
0.19297964
0.13004546
0.10613467
0.069437721
-0.010851912
-0.019248784
-0.085710798
-0.13930929
-0.14961736
-0.15207352
-0.24905704
-0.30356121
-0.37168703
-0.41344885
-0.44328058
-0.52482431
-0.59860796
-0.57564477
-0.65296199
-0.6544869
-0.73167121
-0.78038312
-0.8181535
-0.79284438
-0.76589992
-0.85112957
-0.86607625
-0.90004266
-0.91731473
-0.86397175
-0.98434296
-0.9766815
-1.0044987
-0.9664421
-0.98746427
-1.0101168
-0.97521109
-1.0317121
-0.98995357
-0.98051421
-0.92552776
-0.94838462
-0.9511709
-0.98055167
-0.96607187
-0.87627655
-0.89598693
-0.85518922
-0.84851472
-0.78381693
-0.75063633
-0.66654175
-0.62875868
-0.61689908
-0.57745599
-0.61234624
-0.48916664
-0.52008445
-0.49779852
-0.29361555
-0.34221121
-0.32772558
-0.25739382
-0.20674401
-0.22890907
-0.13422393
-0.042916533
-0.009412719
-0.016037618
0.07290028
0.13394911
0.1909831
0.18116289
0.29389074
0.38389203
0.32654474
0.44002506
0.51488691
0.52630159
0.57549983
0.5808814
0.62990321
0.63568931
0.70588233
0.72582352
0.75476105
0.8554472
0.83179602
0.88309939
0.89886062
0.8745542
0.86515143
0.89779785
0.96986732
0.9633074
1.0089099
0.97871531
0.95261258
1.0027183
1.0365285
1.0064948
0.98677603
0.97178853
1.0184714
0.99461867
0.93535126
0.88795071
0.88320476
0.9033096
0.83209132
0.82975399
0.81060641
0.76269393
0.73190821
0.71133658
0.66487834
0.60114917
0.63148155
0.53579718
0.55905452
0.4698996
0.42667393
0.43462045
0.35365739
0.28420284
0.22196033
0.18357487
0.16493374
0.13025029
0.053766924
-0.014240523
-0.036610305
-0.075280058
-0.16132753
-0.14841805
-0.25742391
-0.26348414
-0.3085614
-0.38551248
-0.43581451
-0.44843525
-0.58094058
-0.56170876
-0.60113671
-0.63035472
-0.70952987
-0.76283426
-0.83777906
-0.7637935
-0.77620598
-0.85509658
-0.78702044
-0.91157758
-0.95557645
-0.93609947
-0.94476554
-0.94022491
-0.97120668
-1.0105291
-1.0432141
-1.0168941
-1.045194
-0.97551533
-1.0004902
-1.0537115
-0.9721875
-1.0050899
-0.91686392
-0.94526597
-0.92212717
-0.93645269
-0.87093622
-0.8621496
-0.83089006
-0.82045921
-0.75800119
-0.8284696
-0.70748808
-0.64213642
-0.64580572
-0.58095429
-0.57935024
-0.51161866
-0.49342619
-0.39119147
-0.36801977
-0.29118682
-0.29096711
-0.24335237
-0.18212889
-0.095008307
-0.17331708
-0.099654047
0.048442164
0.11930531
0.099191692
0.20070961
0.2770984
0.25974616
0.28626964
0.33282485
0.38659946
0.46717772
0.47918402
0.59588763
0.55844001
0.58626214
0.66711096
0.69401824
0.73709124
0.68557316
0.78217627
0.75589863
0.85099177
0.89599953
0.93332947
0.94038482
0.95040979
0.97677458
0.96331391
0.9757827
1.0205023
1.0296858
0.98222115
0.9399844
0.92286199
0.94226791
0.95750888
0.99776268
0.94655492
0.95669878
0.95658492
0.8804333
0.87835098
0.85949932
0.83332771
0.81883801
0.83106135
0.75723707
0.76469221
0.71843503
0.6772609
0.66546488
0.66481852
0.60142354
0.45736295
0.4842043
0.38018947
0.30888063
0.28876686
0.20878743
0.19549903
0.2294589
0.11907954
0.17462927
0.048395413
0.018842653
-0.069445936
-0.12369288
-0.18999413
-0.20761995
-0.31097798
-0.33779492
-0.39223927
-0.39723495
-0.39755703
-0.42029034
-0.59362199
-0.56509349
-0.63856694
-0.69138306
-0.68882002
-0.74319678
-0.75914765
-0.76671666
-0.8530177
-0.85437269
-0.93128548
-0.9105205
-0.8856783
-0.99542846
-0.94046602
-1.0124337
-0.97152195
-1.0028397
-1.0036533
-1.0518857
-1.0303499
-1.0054737
-0.99321208
-0.99605167
-1.0026484
-0.92613575
-0.96362431
-0.96733436
-0.94873512
-0.90563445
-0.84955798
-0.86988648
-0.79975259
-0.79225294
-0.78758116
-0.76312264
-0.69520938
-0.66805159
-0.65659905
-0.61317037
-0.5275145
-0.48552637
-0.46946789
-0.38657551
-0.37976794
-0.32502343
-0.23227994
-0.24302189
-0.24414446
-0.16959001
-0.067197278
-0.034158015
0.1147411
0.025797667
0.11459267
0.17351134
0.17539302
0.30562507
0.3422407
0.41586908
0.43344427
0.33724831
0.46727379
0.55257505
0.55633103
0.63280519
0.65945303
0.6800587
0.73547936
0.78337953
0.83553788
0.79679762
0.83463176
0.85463067
0.9296804
0.97435012
0.9753276
1.0006952
0.97777224
0.95378472
1.0117609
1.0527708
1.0157281
1.0309712
0.94718611
1.0138137
0.98330381
0.9980643
1.0109164
0.93335973
0.98880166
0.88874171
0.90083356
0.88674049
0.88691471
0.81329977
0.76353313
0.81062062
0.74225136
0.63131208
0.66896612
0.56317109
0.60622714
0.58465877
0.48953812
0.42132295
0.44734363
0.34324987
0.28591776
0.22328514
0.16790335
0.17695642
0.10722509
0.094789976
0.016669998
-0.038423508
-0.13873133
-0.1569098
-0.17696429
-0.24365003
-0.23523689
-0.38645186
-0.37829649
-0.41435931
-0.48713379
-0.50304109
-0.49385157
-0.62531997
-0.64160746
-0.71524404
-0.68003721
-0.77910367
-0.8002615
-0.7550477
-0.8038508
-0.883238
-0.84875043
-0.92699514
-0.92161901
-0.88182328
-0.88318871
-0.9862623
-0.9831258
-0.95566914
-0.97575991
-1.006993
-1.0069257
-1.0242961
-1.069618
-0.99234639
-1.0178257
-0.97382254
-0.86986063
-0.93454065
-0.86654681
-0.93279075
-0.82991143
-0.90270062
-0.82861048
-0.77990617
-0.73727262
-0.72853509
-0.72510684
-0.69253939
-0.63731003
-0.60696549
-0.55061913
-0.51999534
-0.40268375
-0.38975292
-0.342969
-0.33317096
-0.24800185
-0.19784297
-0.1906714
-0.14957001
-0.12461509
0.018939768
0.0060976631
0.091283583
0.14216146
0.19174868
0.21628002
0.27826007
0.32311187
0.42503212
0.38726111
0.46362669
0.54955105
0.57026906
0.56079865
0.66285716
0.58411334
0.69382555
0.79679888
0.79359047
0.83385449
0.8328433
0.84965262
0.90975312
0.9858047
0.91936526
0.99363482
0.94281576
0.95911369
1.0053644
0.96136989
1.0281345
0.94341221
0.91912694
0.99231962
1.0038846
1.0282585
0.98009324
0.99583812
0.95755245
0.95532029
0.8811835
0.88945115
0.84836442
0.83451352
0.89098499
0.73760595
0.75357094
0.70787488
0.69556146
0.70530821
0.63698607
0.54418566
0.47638287
0.50922365
0.40346661
0.36718398
0.36004926
0.24643966
0.30097038
0.20380776
0.14336149
0.1284982
0.07859685
-0.0065595291
-0.011490673
-0.085852109
-0.11104459
-0.18817517
-0.25208146
-0.23556005
-0.36736385
-0.3667066
-0.36597955
-0.49167067
-0.50004325
-0.55254867
-0.61540358
-0.64299964
-0.65976724
-0.63852244
-0.72057922
-0.79037646
-0.87816928
-0.83222424
-0.85785381
-0.91679664
-0.87840482
-0.91837584
-0.92886922
-0.97929584
-0.99813459
-1.0007323
-1.0295204
-1.014788
-0.97551785
-1.0748013
-1.0560674
-0.99100195
-0.97334593
-1.0058705
-0.94387356
-0.90489577
-0.90681327
-0.96213586
-0.91251825
-0.89254995
-0.84914505
-0.83189895
-0.80722273
-0.68320373
-0.7237983
-0.68183065
-0.62956327
-0.6576109
-0.59718672
-0.5013347
-0.46185622
-0.4676585
-0.34575246
-0.33885755
-0.28442701
-0.23730163
-0.21046899
-0.20389119
-0.097565916
-0.095490959
0.001172238
0.063542412
0.11305779
0.10981208
0.21741327
0.21350365
0.31026635
0.36925419
0.4488252
0.37259374
0.51290266
0.52294924
0.56761727
0.59172899
0.65710326
0.67787689
0.70135558
0.73770645
0.80799289
0.83365969
0.88173867
0.88281652
0.88934591
0.87751896
0.94492492
0.94084447
0.9727025
1.0063132
0.97013179
0.9774183
0.98930426
1.0069866
1.0672548
0.96721938
1.0354488
0.97559572
1.0022425
0.96140836
0.92631856
0.91783329
0.93846771
0.9264976
0.89186142
0.81444216
0.76159759
0.78723385
0.75884986
0.62302502
0.67134402
0.70247195
0.58684113
0.53066918
0.47618987
0.40578241
0.40503359
0.38554326
0.29590755
0.28954056
0.25904196
0.16410265
0.1509292
0.1036789
0.033497522
0.050146997
-0.10742936
-0.10564589
-0.19521139
-0.2374731
-0.24727627
-0.2734518
-0.3513432
-0.35975764
-0.47948842
-0.48132255
-0.55317015
-0.60225972
-0.70483172
-0.63032975
-0.63009142
-0.71111791
-0.71526227
-0.79063836
-0.86310192
-0.87859909
-0.90157766
-0.86119508
-0.93482743
-0.93434519
-0.99806643
-0.97358162
-1.0331081
-1.011313
-0.96909961
-0.94145916
-0.98380222
-0.99577887
-0.9597843
-0.96534349
-1.0628175
-1.0300325
-0.98479201
-0.97044163
-0.97661741
-0.92553217
-0.91135342
-0.81883032
-0.84888873
-0.84207098
-0.78239511
-0.75841339
-0.69206545
-0.67198501
-0.67560372
-0.5669885
-0.55724491
-0.52253229
-0.48708652
-0.38724591
-0.37132131
-0.37251319
-0.20065367
-0.23598169
-0.16657352
-0.11435926
-0.12000032
0.014183731
0.031844294
0.078198228
0.16818368
0.17791026
0.1642109
0.26954443
0.35676385
0.40527498
0.4197543
0.3995334
0.53644163
0.54064231
0.59025701
0.66641577
0.67541909
0.57455268
0.67805484
0.73896536
0.75465946
0.8319611
0.85898734
0.85576028
0.9405913
0.89583173
0.92876838
0.93387899
0.93968976
0.98241597
0.94269608
0.98486171
1.0265581
1.0271224
0.93374352
1.0082904
0.97310097
0.99454859
0.9739833
0.94400519
0.93800666
0.94027764
0.92347919
0.85130513
0.80687579
0.80985126
0.82845923
0.77454032
0.74299307
0.68003092
0.6324457
0.6887432
0.57599592
0.53693736
0.48612174
0.4535303
0.39538987
0.32505178
0.32920981
0.31290893
0.22255371
0.14252101
0.11972326
0.10207424
0.077553903
-0.078719273
-0.077991413
-0.14594404
-0.16272866
-0.22418019
-0.29778597
-0.38606366
-0.4131412
-0.43879519
-0.47257216
-0.46796586
-0.56941727
-0.57826427
-0.60006213
-0.66054968
-0.70179038
-0.75955258
-0.74389342
-0.74845713
-0.81569362
-0.84802318
-0.8749982
-0.87074613
-0.93635165
-0.96018967
-0.94082531
-0.9818118
-0.95248147
-1.0391627
-0.95183763
-1.023597
-0.99198689
-1.0137308
-0.97005051
-1.0343034
-1.0133802
-0.91169733
-0.98451441
-0.95879211
-0.9146098
-0.92219294
-0.86732318
-0.80747973
-0.81673542
-0.73178583
-0.80597763
-0.7335749
-0.71784552
-0.63933005
-0.6549429
-0.63128243
-0.54405777
-0.54842489
-0.47362457
-0.41658624
-0.40768202
-0.2859846
-0.24661267
-0.22908067
-0.20544265
-0.11866601
-0.065268968
-0.082140858
0.083860247
0.10468559
0.081379299
0.2550802
0.23286663
0.23711762
0.30289285
0.38921405
0.37820918
0.45509743
0.51100166
0.5424368
0.60421737
0.61302747
0.66615191
0.71691533
0.67083413
0.71331436
0.77216016
0.83884717
0.8693111
0.86239054
0.95250258
0.96624373
0.93997478
1.0717667
0.96137397
1.0165328
0.98939548
0.9392661
1.0621959
0.96435828
1.000044
1.0568962
1.0070946
0.98837425
0.95905835
0.95756779
0.99551572
0.89792972
0.88441259
0.85288443
0.82843881
0.80842283
0.80476478
0.75507944
0.69290532
0.73765629
0.61622738
0.59520791
0.56838657
0.46772334
0.44693177
0.39301557
0.30180742
0.41522067
0.27241878
0.27666734
0.20051843
0.11758753
0.099782591
0.064771076
-0.036791695
-0.0087418486
-0.058643122
-0.15139642
-0.17691478
-0.28676217
-0.27521356
-0.34595137
-0.33460144
-0.46569514
-0.41123213
-0.52090723
-0.54871707
-0.55583168
-0.60645624
-0.70988091
-0.74695629
-0.78091448
-0.74669184
-0.81718068
-0.85559044
-0.86402404
-0.85609038
-0.9175276
-0.92125707
-1.0257534
-0.98546186
-1.0109902
-1.0065328
-1.0179542
-1.0114722
-1.0161334
-0.97768593
-0.94909777
-1.0429995
-0.92578905
-0.93137428
-0.95851182
-0.89405028
-0.92128148
-0.943847
-0.85036729
-0.78945037
-0.86341903
-0.84264391
-0.74094626
-0.74737052
-0.75784882
-0.63521222
-0.64390292
-0.62602168
-0.5781498
-0.53320548
-0.44193044
-0.46708095
-0.3672234
-0.30273435
-0.31738632
-0.22936718
-0.24681639
-0.11917966
-0.13016818
-0.016002815
0.021557364
0.043360891
0.057571657
0.200846
0.21071798
0.310192
0.3025861
0.29028407
0.45228838
0.43163945
0.51646217
0.50465671
0.59088688
0.63866041
0.68340532
0.70345531
0.72092786
0.76076668
0.79780196
0.79291255
0.86363614
0.83545419
0.83089516
0.92119547
0.94118124
0.95855897
1.0245293
1.0183509
1.0487589
1.0008891
1.0282603
0.9802006
0.99164157
0.93801871
0.99305205
1.013594
0.9369362
0.95187666
0.91984312
0.89935912
0.93639745
0.88630619
0.88425366
0.84621443
0.83548763
0.69835013
0.7068816
0.70073299
0.68180387
0.67055704
0.57144396
0.53160703
0.49989483
0.48892883
0.42449331
0.4126074
0.30255396
0.29436994
0.24525072
0.1286424
0.14396198
0.14237671
-0.0054456115
-0.036748022
-0.09935768
-0.077620291
-0.18330842
-0.18880293
-0.31722927
-0.37105555
-0.32418289
-0.38388209
-0.43954511
-0.46074531
-0.53359565
-0.57271362
-0.6466255
-0.65568754
-0.72958393
-0.75776707
-0.77733539
-0.78825055
-0.76891286
-0.83716656
-0.86149901
-0.88002699
-0.87886831
-0.91820053
-0.9516393
-0.98202645
-0.95909585
-1.0440849
-0.99307169
-0.96703077
-1.0075844
-0.97977309
-0.98977009
-0.97004592
-0.99755152
-0.91449737
-0.94366423
-0.93647104
-0.96279233
-0.90917105
-0.92829031
-0.86489393
-0.86927884
-0.8014025
-0.7631618
-0.75143177
-0.64605735
-0.61831362
-0.57861013
-0.56628186
-0.51874077
-0.52405545
-0.45390485
-0.45071842
-0.35928243
-0.28226024
-0.3092818
-0.23112181
-0.22404097
-0.10553692
-0.034979031
0.012037962
-0.010271188
0.050218154
0.12019775
0.1598737
0.20446826
0.18635614
0.33950765
0.35745325
0.43444862
0.46519532
0.40099332
0.53288433
0.61042388
0.6588926
0.65175267
0.71629458
0.74174718
0.79757989
0.86342376
0.79671414
0.92415092
0.88622463
0.87516689
0.89526158
0.94436482
0.96085568
0.98337753
1.0082493
1.0012861
0.96116082
0.9758962
0.97469883
0.97890751
1.0065259
0.99965666
0.97185662
0.93484037
0.94354708
0.95819863
0.91551991
0.94709537
0.84880096
0.86069366
0.86194693
0.76551403
0.76095633
0.68906455
0.66342578
0.60939033
0.58800182
0.59139383
0.5296662
0.51429378
0.48506812
0.41771955
0.38529402
0.33752262
0.34306502
0.24119798
0.11715485
0.12726028
0.089868069
0.049093653
-0.0050837121
-0.098631198
-0.1310184
-0.16981226
-0.22305168
-0.21095838
-0.37972778
-0.34455811
-0.37943765
-0.48352886
-0.49101811
-0.55293587
-0.62547126
-0.62724522
-0.61299763
-0.71823692
-0.71858268
-0.80959761
-0.83373107
-0.87309299
-0.90631761
-0.91446982
-0.9353908
-0.94022548
-0.99804872
-0.97557565
-0.99753137
-1.00875
-1.0009897
-0.95703025
-0.99942009
-0.98589926
-0.94525766
-0.97096679
-0.98266932
-0.94151005
-0.89166618
-0.96909758
-0.90707731
-0.94364263
-0.93698729
-0.8945764
-0.84889862
-0.88416106
-0.84233913
-0.75926526
-0.70376166
-0.66220701
-0.63669846
-0.61852982
-0.55459796
-0.44746862
-0.42164214
-0.44526909
-0.35078772
-0.37227272
-0.29266554
-0.25155644
-0.1822981
-0.19909085
-0.088239502
-0.053609797
0.0016933933
0.0064363264
0.077490982
0.088799185
0.16511818
0.20608615
0.27500188
0.33982097
0.40913308
0.39096859
0.48106137
0.55098215
0.58901516
0.54463632
0.6615042
0.66920467
0.75691708
0.77611
0.76590574
0.81697192
0.85345723
0.7807366
0.86650016
0.89575847
0.8904833
0.87161008
0.98903964
0.9531928
1.0229046
0.95961255
1.0285676
1.0229964
1.0184644
0.96295538
0.98687216
0.96993058
0.94391468
0.94895317
0.8952157
0.92710317
0.90653215
0.86388397
0.88909429
0.80698097
0.80564152
0.80135708
0.75895387
0.63804104
0.65651901
0.63133692
0.58742524
0.52025155
0.52198131
0.47459065
0.47839107
0.39394912
0.36721972
0.29199322
0.18738639
0.15040085
0.12523966
0.086229442
0.070047792
-0.026957193
-0.070082056
-0.090451261
-0.16732469
-0.23877568
-0.26504056
-0.31737626
-0.31905287
-0.38122998
-0.41599507
-0.49399729
-0.45139847
-0.5602974
-0.635164
-0.68768141
-0.67772237
-0.73031271
-0.79577692
-0.79845378
-0.86718314
-0.81825985
-0.8022057
-0.86614324
-0.92318569
-0.8864063
-0.93901271
-1.0372948
-0.980356
-0.9826802
-0.97386863
-1.0029098
-0.96064212
-1.0438781
-0.91495877
-0.9467015
-0.9923643
-0.96444166
-0.99060045
-0.97760232
-0.92673848
-0.87679867
-0.85689626
-0.79259222
-0.84822922
-0.81643483
-0.86975527
-0.75656155
-0.70720575
-0.67483787
-0.66001356
-0.64207288
-0.57209623
-0.44288489
-0.50375501
-0.42806661
-0.42104131
-0.29697876
-0.26208517
-0.23473761
-0.19284951
-0.092673556
-0.073059997
-0.042555643
0.012104761
0.10881703
0.12383673
0.16586035
0.22501487
0.25142512
0.26981644
0.36223321
0.34228392
0.41861259
0.52130173
0.50595566
0.57986081
0.60400336
0.65922188
0.70126304
0.70589782
0.68542246
0.82203571
0.79918627
0.85501933
0.90347363
0.85852624
0.95769397
0.95945358
0.95541736
0.95359048
1.0175221
1.0015642
1.0113389
1.0877634
1.0184002
1.038542
0.99454984
1.0507394
0.97944236
0.93893821
0.95861254
0.88663096
0.96805851
0.86665805
0.89324449
0.88985187
0.84883438
0.8164823
0.7444929
0.73881905
0.73716148
0.64442446
0.59074192
0.56911815
0.5798829
0.49986562
0.47279083
0.36238147
0.34891794
0.3045495
0.23804155
0.27104478
0.21766924
0.081401721
0.092273374
0.0018516569
-0.021480859
-0.064386243
-0.058711825
-0.15284806
-0.23616375
-0.23511966
-0.28152591
-0.35323252
-0.32932417
-0.45483659
-0.50866876
-0.51801712
-0.62114974
-0.63152915
-0.67434209
-0.64767782
-0.70481978
-0.74146312
-0.76248508
-0.79261351
-0.84889435
-0.92244728
-0.95436016
-0.91790619
-0.88225347
-0.9261951
-0.93278191
-0.9192997
-1.004207
-1.0156303
-0.96176667
-1.023889
-0.9256464
-0.96578844
-1.0106638
-0.99346668
-0.95270254
-0.93299219
-0.90207434
-0.91160257
-0.93636595
-0.87678767
-0.90625099
-0.80885135
-0.77993462
-0.76306167
-0.76583663
-0.65773227
-0.63068064
-0.64912243
-0.63008968
-0.51089383
-0.48147954
-0.45670644
-0.40438843
-0.34362549
-0.33428405
-0.22036185
-0.21217123
-0.20028387
-0.14175413
-0.025412655
-0.047295056
-0.010987946
0.1127864
0.1346856
0.24693279
0.21355615
0.2922033
0.3180604
0.38008918
0.35874993
0.46509447
0.52609955
0.5431099
0.57259174
0.62526416
0.59301738
0.74065719
0.74552084
0.78548878
0.82006121
0.83690521
0.90166247
0.84198969
0.89950361
0.95858177
0.9401051
0.97781559
0.91579328
0.99239405
1.0254117
0.92068335
0.99106741
0.95822126
0.96422572
1.0144028
1.0245734
0.9723695
0.95071622
1.014351
0.93527254
0.93235282
0.88729203
0.89277752
0.80991539
0.8240347
0.764396
0.75615152
0.75223615
0.75945404
0.64223056
0.6365865
0.56354219
0.5402783
0.58722605
0.45645799
0.38533021
0.3924377
0.34276174
0.2133368
0.19418803
0.15151644
0.10850475
0.070674974
-0.0014509504
-0.018317455
-0.066985015
-0.16046731
-0.16922485
-0.26807025
-0.25152171
-0.33379184
-0.34949188
-0.45250389
-0.43817343
-0.51713146
-0.55276136
-0.6004393
-0.60857085
-0.60884157
-0.67537697
-0.7388172
-0.79742091
-0.80047211
-0.86529188
-0.86163436
-0.85185821
-0.90850776
-0.88589894
-0.96001709
-0.9442219
-0.96080408
-1.0290467
-1.0078857
-0.96263102
-1.0372035
-1.0050366
-1.0305551
-1.0263874
-1.0176258
-0.95017934
-0.96566151
-0.93925812
-0.95370575
-0.92048638
-0.86727479
-0.91469451
-0.8714881
-0.78449574
-0.73229884
-0.78584594
-0.70883126
-0.72962919
-0.62901603
-0.60774765
-0.60569393
-0.5132216
-0.44499815
-0.44814511
-0.4274824
-0.38843637
-0.345332
-0.24265943
-0.19599383
-0.18427367
-0.083472345
-0.094306824
0.040757595
-0.029757331
0.081926621
0.16582053
0.19042544
0.24048307
0.27013085
0.40010669
0.36593386
0.45027222
0.5120408
0.50382133
0.60562827
0.61293749
0.58785241
0.6594487
0.70634191
0.76669346
0.80157001
0.83148821
0.78843886
0.81214192
0.93202183
0.93657331
0.94254589
0.99770584
1.022726
0.9480103
0.98530884
1.0059803
1.0008444
1.0063216
1.0062641
1.0337432
0.90113866
0.98532361
0.96746616
0.94804536
0.95391537
0.94999603
0.90343493
0.89199949
0.81263185
0.80455153
0.80121252
0.77790478
0.71598763
0.67828961
0.70237213
0.64902851
0.65141266
0.58317535
0.48418554
0.40583632
0.43997945
0.38222818
0.36177193
0.32638137
0.24113222
0.20403456
0.12580216
0.14028838
0.052122089
-0.017339041
-0.064814197
-0.038812448
-0.13209688
-0.18424895
-0.23577193
-0.2799804
-0.32676713
-0.38882451
-0.37753975
-0.4870432
-0.5504489
-0.57805917
-0.56542463
-0.61785035
-0.64227043
-0.72420607
-0.74597593
-0.84354653
-0.78165477
-0.84483017
-0.86534924
-0.85723637
-0.9217072
-0.91752764
-0.97278228
-0.98117535
-0.9575772
-0.99243836
-1.0448514
-1.0153945
-0.90279143
-0.98315803
-0.98972775
-1.0053519
-1.044708
-0.96942165
-1.0640213
-0.97721321
-0.97761695
-0.9165794
-0.8517659
-0.84621994
-0.85191415
-0.86295787
-0.79610542
-0.78550022
-0.69744811
-0.69528904
-0.59085867
-0.60271628
-0.60865593
-0.51321482
-0.44848316
-0.44428536
-0.36145228
-0.324068
-0.27505954
-0.2505362
-0.19508381
-0.14600537
-0.096159459
-0.090518697
0.0073844608
0.018279683
0.11204851
0.11845542
0.25192248
0.28250673
0.28517398
0.41921599
0.43474681
0.47059578
0.41733334
0.48729324
0.54781225
0.60060731
0.60659236
0.70930163
0.70547844
0.75101947
0.76998576
0.81509712
0.89150225
0.81035705
0.86275582
0.9003028
0.95339709
0.91737194
0.94817292
1.0008922
0.94584569
1.0285648
1.0094345
1.0189151
0.99881197
0.96295234
0.93728565
0.98764242
0.99585233
0.9831817
0.94081751
0.98090894
0.91210957
0.87021567
0.86265382
0.81196451
0.82668418
0.8249189
0.77502517
0.71410899
0.62418725
0.61036523
0.60548403
0.54847768
0.55471671
0.48699722
0.3723499
0.39535975
0.34973294
0.3381696
0.23432469
0.19133667
0.080688528
0.068157262
-0.016192054
-0.021332191
-0.092334493
-0.15907399
-0.16578341
-0.24273906
-0.2210015
-0.23690189
-0.35316869
-0.39506271
-0.51495255
-0.4438403
-0.55739254
-0.56507211
-0.62487074
-0.64522241
-0.69642654
-0.72432922
-0.79747166
-0.78899282
-0.87245806
-0.85383767
-0.86938042
-0.90780801
-0.90848307
-0.90835657
-1.0071616
-1.0163276
-0.99984304
-0.97383107
-0.98303229
-1.0103656
-0.98065351
-0.92966789
-1.0314017
-1.0176212
-1.0419302
-0.96553685
-0.93013312
-0.95325422
-0.88642884
-0.91006901
-0.87155795
-0.82101767
-0.80821246
-0.7882134
-0.72011727
-0.7651466
-0.71534475
-0.6534057
-0.63694854
-0.6040481
-0.51998308
-0.51830022
-0.44434037
-0.41860797
-0.38097783
-0.30424882
-0.26202834
-0.28908365
-0.18559898
-0.1608189
-0.071391206
-0.049104746
0.024333592
0.11652428
0.18120943
0.20053737
0.16964864
0.32026887
0.35496265
0.3745419
0.49316169
0.44180272
0.56083638
0.50679043
0.57170058
0.58566234
0.68174561
0.71171039
0.7127103
0.72052144
0.70858481
0.79580681
0.80679692
0.90153496
0.93809909
0.85587708
0.88249452
0.94054942
1.0014751
1.022629
1.0383784
0.98218365
0.97702227
0.96553341
1.0169061
1.0200889
0.93715876
0.97460078
0.95020184
0.97421519
0.97611917
0.95947507
0.91494456
0.8616949
0.83449891
0.78391925
0.83246112
0.73230632
0.66403703
0.66625617
0.70533239
0.62689016
0.56618989
0.5437321
0.50703512
0.46461538
0.39881295
0.43476314
0.34678716
0.18106622
0.18337677
0.16492933
0.13309187
0.057243212
0.01525494
-0.044039855
-0.1269983
-0.06182974
-0.18872957
-0.15361853
-0.30911841
-0.33565613
-0.41753266
-0.4483115
-0.43456095
-0.48311287
-0.57989311
-0.58670787
-0.64596985
-0.64167405
-0.73120584
-0.68823838
-0.824462
-0.79384657
-0.88271831
-0.88313838
-0.9193224
-0.85415216
-0.93124344
-0.93269796
-1.0069964
-1.0039126
-0.97087231
-0.99398794
-0.9741462
-0.96072359
-1.0305692
-1.0304034
-0.97848436
-0.99086617
-0.97709381
-0.99528404
-0.98321233
-0.92014869
-0.86414897
-0.90652644
-0.834622
-0.80031057
-0.78252651
-0.73795951
-0.74482344
-0.7769754
-0.71520324
-0.65575423
-0.66023236
-0.58901008
-0.48732068
-0.51277608
-0.43572742
-0.38774439
-0.28924677
-0.3119069
-0.23399993
-0.24791742
-0.18695398
-0.097280181
-0.040865623
-0.024116026
0.050768584
0.06907026
0.16029149
0.16704065
0.24765524
0.29925398
0.38277925
0.34470706
0.43453242
0.41451021
0.51975497
0.58385244
0.56292354
0.63094977
0.71643932
0.76668752
0.7457936
0.82761967
0.80322905
0.80778412
0.85976322
0.82928958
0.88176816
0.90826342
0.99225744
0.96870201
1.0419925
0.99882911
1.0034566
0.98940965
0.96985646
1.0054322
0.98495489
0.94080091
1.0026092
0.97021706
0.97228339
0.93162858
0.9548747
0.89280037
0.90305322
0.88968128
0.83727634
0.78271902
0.79126284
0.78716695
0.64473383
0.68541687
0.64889921
0.61682752
0.55199506
0.53393424
0.46092947
0.4434483
0.42766187
0.33984385
0.25951735
0.24392904
0.21310965
0.14040085
0.15517943
0.035243418
-0.014199394
0.0043129173
-0.089908727
-0.13162429
-0.15424437
-0.26927264
-0.30173903
-0.31394308
-0.41600144
-0.42703062
-0.51823244
-0.50573569
-0.49014538
-0.61062832
-0.65764963
-0.6262913
-0.74864392
-0.76385337
-0.78443866
-0.79319987
-0.8777887
-0.89969744
-0.88107302
-0.91908097
-0.98791689
-1.0064474
-1.0213037
-0.97506964
-0.97035042
-0.97048101
-1.0328967
-1.0668124
-0.97983167
-0.99966949
-0.99225248
-0.99751708
-0.98422625
-0.89787506
-0.95141867
-0.91192227
-0.98166147
-0.93692652
-0.88925093
-0.8319892
-0.79642339
-0.69439473
-0.80426291
-0.76905705
-0.68481365
-0.6667223
-0.6330675
-0.52589557
-0.52969815
-0.45638658
-0.42057112
-0.43498829
-0.30943104
-0.29599267
-0.2612919
-0.19549927
-0.12797867
-0.054602671
-0.038147554
-0.049051911
0.086215126
0.090009174
0.21928229
0.22726593
0.27737514
0.29220268
0.32270312
0.37284583
0.39932701
0.45935707
0.56925928
0.55164408
0.60989601
0.70256088
0.67116438
0.71649403
0.77986678
0.79519081
0.8337145
0.8333878
0.86569409
0.94899949
0.98356107
0.93391796
0.92580924
0.96275328
0.958289
0.96289701
0.92788174
0.94638656
0.99894445
0.97772192
1.0402381
0.92883554
0.95149065
0.98865461
0.97454919
0.92886495
0.89235558
0.82671233
0.8675797
0.87457042
0.82821851
0.75786237
0.8046039
0.76462255
0.69917344
0.6719576
0.63369825
0.59763731
0.57638846
0.49624239
0.51754186
0.3815786
0.36311699
0.30033051
0.25719514
0.17598393
0.22099076
0.13530476
0.078828738
0.036356266
-0.040535892
-0.079126856
-0.086666687
-0.16829075
-0.19811536
-0.24184375
-0.277298
-0.3765044
-0.42971949
-0.43742278
-0.52556723
-0.49778655
-0.61424229
-0.58212265
-0.60279435
-0.73681653
-0.68958589
-0.7449911
-0.78983095
-0.83103017
-0.85664253
-0.84625064
-0.92027803
-0.93984156
-0.83499997
-0.90111143
-0.93168541
-0.94734028
-0.98901865
-1.0525869
-1.0049126
-0.97461092
-0.97655473
-0.94190973
-0.94861508
-0.96571639
-0.98827337
-0.96591915
-0.92369974
-0.93829285
-0.91698406
-0.83099108
-0.85904262
-0.88026828
-0.87156068
-0.75920872
-0.75034531
-0.71278323
-0.66760065
-0.62345933
-0.61886289
-0.54446804
-0.57418357
-0.4882433
-0.42522984
-0.35679159
-0.30980933
-0.22907903
-0.1667831
-0.15902779
-0.15197701
-0.056902912
0.017011094
0.062857867
0.078597137
0.076404811
0.13139931
0.21114869
0.28914365
0.29990084
0.31421286
0.45658351
0.44247731
0.53477699
0.55861655
0.54179319
0.62693228
0.6857864
0.6770385
0.71157499
0.77838266
0.7641776
0.80512034
0.89903869
0.86824912
0.91753156
0.90649329
0.88943588
0.94069571
0.95128737
0.98764477
0.97265891
1.0291189
0.93043614
1.0129564
0.98077691
1.0267027
0.9903702
1.0335668
0.95418321
0.9434265
0.95367726
0.95443282
0.85823553
0.78710274
0.84383992
0.83110845
0.84415217
0.75327416
0.7317048
0.71585248
0.63601314
0.58431353
0.57038884
0.47732601
0.51055252
0.41507544
0.35256263
0.36015248
0.32703732
0.25538499
0.23235358
0.19071375
0.1388071
0.059361138
0.025184657
-0.052062182
-0.033238857
-0.157261
-0.22104742
-0.25241172
-0.30301286
-0.37012124
-0.41688128
-0.36254981
-0.46278429
-0.53947964
-0.51551106
-0.62404602
-0.58049311
-0.67931312
-0.73149811
-0.69638614
-0.79165555
-0.80350422
-0.80829156
-0.84949788
-0.90497839
-0.97617726
-0.95206398
-0.92095573
-0.92317813
-0.96382679
-0.95163717
-0.979851
-0.94779756
-0.94933944
-1.0193611
-0.99735272
-0.97359518
-0.94398957
-0.97250831
-0.98281103
-0.95245302
-0.97931687
-0.9337158
-0.92342884
-0.86526633
-0.85386847
-0.77981563
-0.78168578
-0.79427692
-0.7082185
-0.72059557
-0.64335439
-0.52997409
-0.5857602
-0.5227117
-0.4481786
-0.47593153
-0.35490213
-0.36370002
-0.27533313
-0.27287584
-0.14874766
-0.11750416
-0.13059457
0.0030729385
-0.017247688
0.068941408
0.09786611
0.14142705
0.258588
0.18842251
0.23735066
0.36249763
0.30998048
0.45519708
0.51601577
0.46636093
0.55699308
0.57889323
0.6692192
0.65470385
0.73859948
0.72054427
0.81428429
0.82120251
0.79762866
0.82507881
0.88946921
0.84355969
0.95966007
0.99566858
0.98345071
0.93570612
0.99208655
1.066316
1.0388251
1.0177806
1.0289109
1.0422418
0.99905825
0.98181848
0.96662684
0.96881561
0.94109238
0.90639662
0.88158151
0.91125439
0.84835014
0.80984204
0.76742834
0.73724654
0.7738543
0.70489046
0.70192673
0.68436841
0.59591449
0.58843276
0.61881461
0.46783041
0.44945879
0.37879906
0.37968389
0.28172635
0.23303935
0.22030385
0.14824413
0.076540314
-0.022721704
-0.047403209
-0.068474705
-0.074028145
-0.12660946
-0.18092784
-0.21360262
-0.30261891
-0.3306242
-0.3919169
-0.42041814
-0.48602497
-0.48866564
-0.61709004
-0.52683305
-0.65358883
-0.72305585
-0.75585404
-0.75296892
-0.74022827
-0.84513479
-0.82775967
-0.89518483
-0.85959996
-0.93134658
-0.95879465
-0.87658716
-0.95436905
-0.93222022
-0.95361386
-0.98576106
-0.95241505
-1.0035962
-0.98135779
-1.04862
-1.0323357
-0.95839377
-0.98554317
-0.97481678
-0.93333862
-1.0164191
-0.92111008
-0.92313936
-0.84722555
-0.83562086
-0.85928397
-0.78108681
-0.75291527
-0.6936621
-0.69597008
-0.68238239
-0.60061135
-0.54058012
-0.50306509
-0.44959257
-0.45817603
-0.40961994
-0.35684566
-0.26644861
-0.22933417
-0.17825789
-0.10673372
-0.068403857
-0.046912246
0.014268301
0.13311694
0.15672244
0.14326278
0.14521166
0.24291885
0.30846767
0.28463945
0.44101272
0.49025663
0.48681245
0.51716588
0.59699723
0.63660214
0.64671552
0.66956593
0.73210176
0.81916207
0.74031594
0.87581742
0.78502879
0.84391037
0.91434993
0.95333954
0.9064377
0.94562102
0.93868991
0.92625607
1.0249524
0.97769857
0.99910321
1.0703632
1.0106673
0.99524956
1.0144906
0.99037472
0.93157767
0.98326552
0.94367153
0.92266887
0.9309628
0.88974959
0.84042632
0.7917577
0.82494402
0.79871167
0.74653288
0.70826198
0.66589601
0.62695523
0.58433152
0.59807603
0.54655764
0.45175371
0.44399098
0.35411081
0.30271293
0.2748848
0.2375255
0.1628473
0.08434789
0.10929496
0.017834377
-0.016522803
-0.047747186
-0.11424069
-0.16575443
-0.20366667
-0.24582705
-0.33120834
-0.34735277
-0.3850592
-0.43870915
-0.5452821
-0.49910048
-0.61350332
-0.55401681
-0.67939123
-0.70150499
-0.69298229
-0.80784938
-0.7784971
-0.79882754
-0.83275467
-0.90013298
-0.88374396
-0.95234098
-0.92820409
-0.9726867
-0.96172917
-1.0065564
-0.97446988
-1.0110464
-1.0269648
-1.073543
-0.98323436
-0.93739936
-1.0078013
-0.93279519
-0.97593072
-0.98344154
-0.93781503
-0.93603001
-0.87882012
-0.90790136
-0.85003916
-0.8177186
-0.79396003
-0.75754579
-0.74819444
-0.74851711
-0.65134493
-0.65587448
-0.54741167
-0.55351724
-0.47185256
-0.39924372
-0.42299816
-0.38568397
-0.28159185
-0.26031348
-0.22118483
-0.16868175
-0.14861773
-0.039240547
-0.039631033
0.062697089
0.059418996
0.1738963
0.18469806
0.12036156
0.2661305
0.36196743
0.35629142
0.39126702
0.47291874
0.55061538
0.56914985
0.58943792
0.64261463
0.68093413
0.69420844
0.74827345
0.76755858
0.82242193
0.84879552
0.80749067
0.86169015
0.8615508
0.92616032
0.86511748
0.95283826
1.0053849
0.99557144
1.0365422
0.99499432
0.98105678
0.9388293
1.0863445
1.0041955
1.0235469
0.99692226
0.95477707
0.94322236
0.8535305
0.88559902
0.88416643
0.85318265
0.87420541
0.83777948
0.77623652
0.72218821
0.7543997
0.69050394
0.66743276
0.62929893
0.57370738
0.56004618
0.50091291
0.45077905
0.36851852
0.35911516
0.34123077
0.249149
0.22759232
0.1863024
0.22665661
0.041900116
0.0090968319
-0.048427409
-0.13510348
-0.12757876
-0.1722181
-0.24405302
-0.28179554
-0.33133515
-0.38480179
-0.44905048
-0.48939169
-0.53963744
-0.52815476
-0.5933182
-0.62104356
-0.69329049
-0.77840208
-0.73903547
-0.75247646
-0.76594729
-0.89349807
-0.84950821
-0.87860073
-0.90461709
-0.92984824
-0.87903066
-0.99778352
-0.96540579
-0.96789722
-1.0565627
-0.98161765
-0.95072598
-1.0094726
-1.0077058
-1.042128
-0.97659322
-0.94278432
-1.0074484
-0.9963672
-0.95474064
-0.91259546
-0.85722127
-0.85238997
-0.84823557
-0.84586817
-0.78593019
-0.73823971
-0.74661308
-0.67943251
-0.64092328
-0.56691126
-0.51893654
-0.59116488
-0.44950237
-0.46334623
-0.4400517
-0.37013589
-0.31857819
-0.24423917
-0.21319541
-0.20190939
-0.11889102
-0.12103386
0.045254892
0.021042006
0.11555881
0.16427203
0.16951029
0.18923284
0.23730517
0.36275358
0.37852044
0.46363979
0.45724294
0.41871171
0.52227469
0.62573142
0.645399
0.73849679
0.72366918
0.68654635
0.86140562
0.8448016
0.78873616
0.87103924
0.88630151
0.88442039
0.86884424
0.91503264
0.97067993
0.95552562
0.95557796
0.99342073
1.0837961
1.0077878
1.0254087
0.97938355
0.9406882
0.94772369
0.99359807
0.96491793
0.94712349
0.96040344
0.98175989
0.9228881
0.85580594
0.85101219
0.84425183
0.78510235
0.79978799
0.75791668
0.70093872
0.5916355
0.5645861
0.53025299
0.55682487
0.47775526
0.49750901
0.38455975
0.34168374
0.28717308
0.28931145
0.23289661
0.15474964
0.082244304
0.036549151
-0.013019134
-0.028188748
-0.066950462
-0.095511699
-0.164961
-0.28422504
-0.26286272
-0.33954524
-0.41390315
-0.44248717
-0.48504249
-0.52340445
-0.56067613
-0.61043398
-0.65974143
-0.64122695
-0.66975991
-0.73371594
-0.78156938
-0.76654365
-0.85426003
-0.87792533
-0.88973101
-0.87993516
-0.93576722
-0.93096624
-0.96714098
-0.96849053
-1.05154
-0.9462662
-0.96400765
-1.0351425
-1.0820415
-0.94156412
-0.9895769
-0.95269289
-0.95387445
-0.94723339
-0.90688159
-0.91275281
-0.96574732
-0.86428291
-0.87409006
-0.82993159
-0.80063603
-0.76605544
-0.76368324
-0.72987572
-0.71059187
-0.60048933
-0.59460519
-0.54181401
-0.48021985
-0.50975522
-0.46437512
-0.3866877
-0.31110218
-0.31556253
-0.26340897
-0.17171514
-0.12973436
-0.071979594
-0.017578711
0.044143021
0.0013995306
0.11393066
0.17092852
0.15108712
0.25953581
0.33999774
0.30094925
0.39939948
0.42414186
0.51115376
0.49320452
0.53463004
0.65574062
0.66739647
0.73409891
0.75272481
0.77791616
0.79309349
0.77474583
0.84624603
0.87889966
0.91228655
0.88612037
0.93842173
1.0091557
0.94763006
0.98126014
0.99291186
0.9632093
1.0101822
1.0069872
0.9200216
1.0699439
1.0362624
1.022643
1.0002717
0.94725428
0.90327246
0.90980698
0.92212907
0.94671331
0.82506224
0.89401148
0.76789654
0.79896961
0.73703717
0.63982235
0.75187911
0.59033548
0.56739452
0.53488764
0.49497405
0.47088449
0.42990621
0.44276036
0.37357938
0.3106411
0.20827088
0.21706813
0.1252526
0.072550328
0.050457446
-0.057577183
-0.14785087
-0.13124607
-0.19505951
-0.18757163
-0.27329752
-0.26442722
-0.3769936
-0.38481271
-0.43451814
-0.48184039
-0.57003157
-0.57718355
-0.62342673
-0.67691743
-0.70467848
-0.74570662
-0.77320808
-0.82294436
-0.8642695
-0.87243591
