0.024414
0.024414
0.045166
0.079346
0.084229
0.080566
0.092773
0.091553
0.05249
0.025635
0.025635
0.020752
0.0097656
0.0085449
0.010986
0.020752
0.054932
0.058594
0.025635
0.012207
0.012207
0.037842
0.059814
0.073242
0.097656
0.10254
0.08667
0.083008
0.097656
0.08667
0.062256
0.03418
0.0097656
-0.0024414
-0.010986
-0.018311
-0.012207
0.0036621
0.019531
0.023193
0.039063
0.062256
0.091553
0.11719
0.11597
0.12207
0.1123
0.058594
0.0024414
-0.0085449
-0.021973
-0.020752
-0.0097656
0.0085449
0.0097656
0.010986
0.023193
0.046387
0.063477
0.061035
0.063477
0.063477
0.065918
0.061035
0.056152
0.061035
0.053711
0.031738
0.0061035
-0.0024414
-0.010986
-0.010986
0
-0.0036621
0.0085449
0.019531
0.026855
0.03418
0.025635
0.030518
0.042725
0.046387
0.048828
0.061035
0.070801
0.057373
0.0073242
0.0048828
-0.012207
-0.0061035
0.0097656
0.010986
0.018311
0.021973
0.037842
0.037842
0.028076
0.024414
0.030518
0.048828
0.053711
0.070801
0.08667
0.068359
0.03418
0.010986
-0.020752
-0.020752
-0.012207
-0.0097656
0.0024414
0
0.0036621
0.0097656
0.018311
0.01709
0.046387
0.05127
0.062256
0.087891
0.06958
0.036621
0.010986
0
0.0036621
0.0024414
0.020752
0.028076
0.01709
0.020752
0.026855
0.057373
0.067139
0.062256
0.064697
0.054932
0.037842
0.030518
0.029297
0.021973
0.025635
0.025635
0.024414
0.0073242
0.015869
0.0061035
0.0061035
0.0024414
0.0073242
0.012207
0.029297
0.023193
0.032959
0.039063
0.046387
0.043945
0.039063
0.042725
0.039063
0.036621
0.031738
0.024414
0.01709
0.030518
0.030518
0.041504
0.045166
0.043945
0.040283
0.032959
0.065918
0.072021
0.097656
0.13184
0.14404
0.10254
0.057373
0.03418
0.015869
0.014648
0.015869
0.015869
0.013428
0.0036621
0.0036621
0.010986
0.015869
0.031738
0.026855
0.026855
0.065918
0.079346
0.089111
0.12573
0.13184
0.10376
0.057373
0.032959
0.013428
0.0085449
0.013428
0.010986
-0.012207
-0.037842
-0.087891
-0.1416
-0.15137
-0.13672
-0.13672
-0.14526
-0.12329
-0.12207
-0.13062
-0.12329
-0.12329
-0.12451
-0.11597
-0.11597
-0.10376
-0.10498
-0.10986
-0.11597
-0.10986
-0.093994
-0.074463
-0.065918
-0.059814
-0.041504
-0.037842
-0.01709
-0.012207
-0.042725
-0.068359
-0.079346
-0.096436
-0.10132
-0.10864
-0.1062
-0.090332
-0.096436
-0.092773
-0.089111
-0.091553
-0.068359
-0.048828
-0.062256
-0.057373
-0.0061035
0.0036621
0.0024414
0.0048828
-0.03418
-0.083008
-0.072021
-0.073242
-0.08667
-0.083008
-0.079346
-0.063477
-0.042725
-0.047607
-0.05127
-0.053711
-0.058594
-0.065918
-0.070801
-0.024414
0.0097656
0.0061035
-0.0048828
-0.026855
-0.076904
-0.072021
-0.062256
-0.056152
-0.043945
-0.041504
-0.047607
-0.054932
-0.019531
-0.0085449
-0.025635
-0.023193
-0.037842
-0.05127
-0.054932
-0.058594
-0.058594
-0.063477
-0.061035
-0.053711
-0.053711
-0.064697
-0.059814
-0.020752
-0.019531
-0.020752
-0.025635
-0.029297
-0.0354
-0.039063
-0.018311
0.013428
0.023193
0.023193
0.043945
0.013428
-0.05127
-0.059814
-0.054932
-0.059814
-0.062256
-0.061035
-0.057373
-0.059814
-0.057373
-0.024414
0.030518
0.023193
0.037842
0.045166
0.040283
0.047607
0.064697
0.039063
-0.0073242
-0.042725
-0.067139
-0.072021
-0.056152
-0.045166
-0.063477
-0.056152
-0.047607
-0.040283
-0.037842
-0.015869
-0.020752
-0.025635
-0.037842
-0.031738
-0.028076
-0.0354
0.0024414
0.020752
0.012207
-0.020752
-0.054932
-0.026855
-0.024414
-0.053711
-0.042725
-0.028076
-0.019531
-0.025635
-0.028076
-0.045166
-0.028076
-0.015869
0.040283
0.057373
0.073242
0.070801
0.0354
0.0097656
-0.0036621
-0.0012207
-0.019531
-0.03418
-0.046387
-0.028076
-0.041504
-0.057373
-0.058594
-0.059814
-0.010986
0.024414
0.024414
0.010986
0.030518
0.045166
0.0354
0.043945
0.040283
0.037842
0.05249
0.01709
-0.026855
-0.054932
-0.076904
-0.062256
-0.068359
-0.065918
-0.062256
-0.058594
-0.046387
-0.031738
-0.0097656
0.025635
0.050049
0.059814
0.062256
0.063477
0.031738
-0.0354
-0.074463
-0.06958
-0.067139
-0.054932
-0.054932
-0.059814
-0.045166
-0.037842
-0.023193
-0.010986
-0.013428
-0.014648
0.0036621
0.042725
0.068359
0.067139
0.075684
0.06958
0.029297
-0.012207
-0.020752
-0.032959
-0.03418
-0.025635
0.0012207
-0.0073242
-0.025635
-0.036621
-0.031738
-0.026855
0.0048828
0.01709
0.059814
0.06958
0.080566
0.075684
0.030518
0
-0.018311
-0.040283
-0.048828
-0.047607
-0.050049
-0.046387
-0.0354
-0.043945
-0.037842
-0.026855
-0.031738
-0.040283
-0.026855
-0.026855
-0.036621
-0.032959
-0.039063
-0.037842
-0.031738
-0.029297
-0.031738
-0.026855
-0.019531
-0.0061035
-0.0036621
-0.0024414
-0.0061035
-0.029297
-0.028076
0.018311
0.054932
0.074463
0.076904
0.091553
0.090332
0.053711
0.026855
0.0024414
-0.024414
-0.026855
-0.032959
-0.036621
-0.0354
-0.041504
-0.031738
-0.0048828
0.019531
0.028076
0.037842
0.039063
0.054932
0.063477
0.065918
0.078125
0.053711
0.067139
0.093994
0.058594
0.012207
-0.015869
-0.036621
-0.040283
-0.039063
-0.039063
-0.039063
-0.048828
-0.042725
-0.037842
0.0085449
0.039063
0.1062
0.12329
0.1062
0.11841
0.10986
0.067139
0.020752
-0.010986
-0.012207
-0.012207
0.0024414
0.032959
0.019531
0.0354
0.014648
-0.032959
-0.026855
0.025635
0.040283
0.0354
0.026855
0.031738
0.097656
0.11841
0.10864
0.1062
0.098877
0.054932
-0.0036621
-0.028076
-0.043945
-0.048828
-0.032959
-0.037842
-0.029297
-0.029297
0.0048828
0.012207
0.031738
0.1001
0.091553
0.046387
0.0061035
-0.012207
-0.020752
-0.030518
-0.029297
-0.036621
-0.03418
-0.031738
0.0036621
0.036621
0.06958
0.070801
0.074463
0.080566
0.05127
0.021973
0
-0.013428
-0.032959
-0.042725
-0.042725
-0.043945
-0.039063
-0.042725
-0.047607
-0.047607
-0.036621
-0.012207
0.0061035
-0.0048828
0.047607
0.092773
0.10376
0.089111
0.10742
0.075684
0.063477
0.06958
0.0085449
-0.018311
-0.031738
-0.029297
-0.021973
-0.018311
-0.029297
-0.031738
-0.01709
0.0036621
0.015869
0.059814
0.096436
0.081787
0.079346
0.087891
0.063477
0.0354
0.0073242
-0.0097656
-0.015869
-0.012207
-0.0097656
-0.013428
-0.0073242
0.010986
0.026855
0.0097656
0.032959
0.021973
0.0061035
-0.0012207
0.0048828
0.0012207
0.0073242
0.067139
0.067139
0.032959
-0.031738
-0.0354
-0.019531
-0.012207
-0.0073242
0.0012207
0.0085449
-0.0024414
-0.018311
-0.0048828
0.025635
0.030518
0.032959
0.024414
0.021973
0.020752
0.013428
0.0048828
0.0097656
0.0073242
-0.010986
-0.01709
-0.020752
-0.018311
-0.0073242
0.0036621
-0.0048828
0.0048828
0.015869
0.031738
0.0097656
0.014648
0.059814
0.078125
0.067139
0.084229
0.089111
0.063477
0.024414
-0.010986
-0.020752
-0.023193
-0.013428
-0.019531
-0.021973
0.021973
0.029297
0.0024414
-0.014648
-0.020752
0.0012207
0.037842
0.072021
0.081787
0.078125
0.089111
0.085449
0.05127
0.0048828
-0.026855
-0.039063
-0.036621
-0.036621
-0.030518
-0.014648
-0.015869
-0.024414
-0.024414
-0.010986
0.015869
0.010986
0.018311
0.012207
0.0097656
0.0073242
0.043945
0.076904
0.079346
0.089111
0.085449
0.063477
0.014648
-0.010986
-0.020752
-0.025635
-0.014648
-0.013428
-0.010986
0.019531
0.029297
0.084229
0.1062
0.1001
0.097656
0.053711
0.021973
-0.0048828
-0.029297
-0.036621
-0.030518
-0.030518
-0.029297
-0.020752
-0.026855
-0.0036621
-0.0036621
0.015869
0.024414
0.012207
0.010986
0.045166
0.087891
0.10376
0.076904
0.070801
0.041504
-0.0097656
-0.0024414
-0.0061035
-0.0097656
-0.0048828
-0.0061035
-0.0085449
-0.012207
-0.0085449
-0.0085449
0.041504
0.041504
0.020752
0.025635
0.054932
0.091553
0.10376
0.090332
0.095215
0.06958
0.023193
-0.020752
-0.019531
-0.023193
-0.014648
-0.012207
-0.0097656
-0.010986
-0.010986
0.040283
0.045166
0.0061035
0.03418
0.053711
0.048828
0.043945
0.090332
0.11108
0.11353
0.092773
0.12451
0.096436
0.045166
0.0048828
-0.0024414
-0.018311
-0.03418
-0.020752
-0.021973
-0.015869
-0.012207
0.0024414
-0.0048828
-0.0024414
0.0036621
-0.0085449
0.0012207
0.023193
0.047607
0.10254
0.11475
0.089111
0.092773
0.084229
0.047607
0.01709
-0.0048828
-0.014648
-0.023193
-0.0073242
-0.0097656
-0.0097656
0.012207
0.0085449
0
-0.0036621
0.012207
0.037842
0.081787
0.10132
0.095215
0.090332
0.081787
0.070801
0.031738
0.0048828
0.0036621
-0.0085449
-0.014648
-0.028076
-0.019531
-0.013428
-0.0061035
-0.0097656
-0.012207
-0.019531
0.0012207
0.010986
0.0097656
-0.0073242
-0.0024414
0.041504
0.075684
0.080566
0.083008
0.080566
0.054932
0.0073242
-0.012207
-0.031738
-0.01709
-0.0073242
0.0048828
-0.0024414
-0.012207
0.0012207
0.014648
0.031738
0.018311
0.045166
0.072021
0.076904
0.092773
0.1062
0.087891
0.048828
0.015869
-0.0024414
-0.01709
-0.020752
-0.013428
-0.0085449
-0.0061035
0.0036621
-0.0036621
0.0024414
-0.0024414
0.0097656
0.043945
0.056152
0.072021
0.079346
0.05249
0.024414
0.0085449
-0.0061035
-0.012207
-0.013428
0.0036621
0.0085449
-0.0024414
0.0012207
-0.01709
-0.025635
-0.019531
-0.013428
-0.01709
-0.0073242
0.042725
0.080566
0.085449
0.089111
0.10254
0.11719
0.087891
0.042725
0.019531
-0.015869
-0.019531
-0.021973
-0.019531
-0.020752
-0.015869
-0.020752
-0.014648
-0.014648
0.0048828
0.029297
0.061035
0.059814
0.048828
0.03418
0.025635
0.028076
0.047607
0.054932
0.059814
0.072021
0.054932
-0.013428
-0.030518
-0.03418
-0.0048828
-0.0024414
-0.0048828
-0.0061035
0.0048828
0.0097656
0.013428
0.012207
0.050049
0.059814
0.056152
0.030518
0.093994
0.10376
0.12085
0.12451
0.092773
0.050049
-0.0061035
-0.018311
-0.024414
-0.015869
-0.015869
-0.026855
-0.012207
-0.014648
-0.014648
-0.0073242
0.025635
0.036621
0.026855
0.029297
0.01709
0.0061035
0.031738
0.058594
0.06958
0.076904
0.095215
0.096436
0.067139
0.030518
0.0061035
-0.0036621
-0.012207
-0.012207
0.0024414
0.0036621
0.0048828
0.0085449
0.0036621
0.019531
0.074463
0.1062
0.084229
0.050049
0.030518
0.010986
-0.010986
-0.0097656
-0.013428
-0.0024414
-0.0048828
0.0061035
0.0073242
0.012207
0.01709
0.015869
0.0061035
0.018311
0.025635
0.025635
0.037842
0.059814
0.10132
0.11719
0.079346
0.067139
0.058594
0.032959
-0.010986
-0.013428
-0.010986
0
0.0012207
-0.0085449
-0.0048828
-0.0024414
0.015869
0.043945
0.074463
0.073242
0.090332
0.078125
0.054932
0.028076
0.028076
0.0097656
-0.0012207
-0.0024414
0.0012207
-0.0097656
-0.018311
-0.013428
-0.0061035
0.012207
0.024414
0.067139
0.075684
0.092773
0.075684
0.05127
0.041504
0.028076
0.0073242
0.0073242
-0.0061035
-0.0024414
-0.0024414
-0.0048828
-0.0048828
0
-0.0036621
-0.0073242
0.0036621
0.018311
0.026855
0.062256
0.065918
0.079346
0.10986
0.10986
0.081787
0.05127
0.023193
0.020752
0.0073242
-0.0012207
-0.0073242
0.0012207
-0.0048828
0.0036621
0.0061035
-0.0097656
-0.010986
-0.0085449
0.012207
0.019531
0.012207
0.0061035
0.0048828
0.0097656
0.019531
0.068359
0.096436
0.081787
0.05249
0.031738
0.013428
-0.0036621
-0.0048828
-0.0073242
-0.014648
-0.0048828
0.0036621
-0.0012207
-0.0073242
-0.0061035
0.012207
0.076904
0.096436
0.097656
0.11475
0.10376
0.065918
0.039063
0.019531
-0.0024414
0.0061035
0.0354
0.0048828
-0.0097656
0
-0.0073242
0
0.0061035
-0.013428
-0.0024414
0.0036621
0.0097656
0.026855
0.061035
0.068359
0.085449
0.095215
0.10376
0.073242
0.043945
0.021973
0.020752
0.01709
0.0012207
-0.014648
-0.025635
-0.019531
-0.020752
-0.024414
-0.029297
-0.020752
-0.0097656
-0.0036621
0.0012207
0
0.012207
0.061035
0.10376
0.11108
0.10498
0.12085
0.10132
0.061035
0.029297
0.013428
0.0036621
-0.0048828
-0.0048828
0.0024414
0
0.0048828
0.036621
0.05249
0.041504
0.056152
0.079346
0.10132
0.087891
0.061035
0.037842
0.021973
0.0085449
-0.0024414
0.0012207
-0.014648
-0.019531
-0.012207
0.0024414
0.0048828
0.0048828
0.0061035
0.01709
0.029297
0.037842
0.063477
0.085449
0.089111
0.083008
0.097656
0.096436
0.062256
0.03418
0.015869
0
-0.012207
-0.015869
-0.014648
-0.010986
-0.0048828
-0.0036621
-0.0024414
0.0061035
0.030518
0.028076
0.015869
-0.0097656
0.048828
0.087891
0.074463
0.03418
0.053711
0.048828
0.05249
0.076904
0.080566
0.036621
0.012207
0.0085449
0.0012207
0.018311
0.014648
0.0024414
-0.0048828
0.05249
0.093994
0.093994
0.064697
0.058594
0.03418
0.013428
-0.0048828
-0.021973
-0.018311
-0.0048828
-0.0036621
-0.0012207
0.0061035
-0.013428
-0.0085449
0.0036621
0.0085449
0.01709
0.01709
0.023193
0.068359
0.090332
0.091553
0.089111
0.078125
0.039063
0.031738
0.020752
0.0085449
-0.012207
-0.015869
-0.013428
-0.0061035
0.014648
0.018311
0.0085449
0.0048828
0.015869
0.014648
0.028076
0.068359
0.093994
0.087891
0.061035
0.043945
0.029297
0.015869
-0.0097656
-0.023193
-0.020752
0.010986
0.01709
0.0036621
-0.0097656
-0.013428
-0.014648
-0.010986
-0.0097656
0.018311
0.01709
0.056152
0.087891
0.11597
0.11108
0.087891
0.057373
0.039063
-0.0024414
-0.012207
-0.0097656
-0.014648
-0.01709
-0.01709
-0.013428
-0.0073242
-0.0061035
-0.0036621
0.019531
0.031738
0.074463
0.095215
0.11719
0.11597
0.074463
0.057373
0.045166
0.020752
-0.0036621
-0.0048828
-0.012207
-0.010986
-0.0085449
-0.014648
-0.0012207
0.0073242
0.0097656
0.010986
0.014648
0.026855
0.056152
0.074463
0.087891
0.092773
0.1123
0.081787
0.042725
0.030518
0.020752
0.018311
0.0085449
-0.0085449
-0.0036621
0.0048828
-0.0024414
0
0.015869
0.018311
0.031738
0.068359
0.10498
0.10376
0.074463
0.042725
0.030518
0.0036621
-0.018311
-0.020752
-0.018311
-0.010986
-0.0085449
-0.0061035
-0.0024414
0.0048828
0.015869
0.025635
0.018311
0.05249
0.070801
0.097656
0.10132
0.06958
0.042725
0.029297
0.01709
0.0073242
0
0.0036621
0
0.0036621
0.0061035
0.015869
0.012207
0.0024414
-0.0024414
0.042725
0.067139
0.084229
0.068359
0.043945
0.030518
0.019531
0.013428
0.023193
0.013428
0.012207
0.0097656
0.01709
0.029297
0.024414
0.0354
0.024414
0.032959
0.026855
0.053711
0.087891
0.10742
0.070801
0.042725
0.041504
0.026855
0.012207
-0.0073242
-0.013428
-0.0048828
0.010986
0.0073242
0.0097656
0.01709
0.01709
0.010986
0.0085449
0.0097656
0.013428
0.010986
0.040283
0.079346
0.074463
0.078125
0.089111
0.075684
0.054932
0.032959
0.012207
-0.012207
-0.0073242
0.0097656
0.0036621
-0.0024414
-0.0036621
0.0061035
0.013428
0.043945
0.085449
0.10864
0.092773
0.074463
0.054932
0.032959
0.018311
0.0061035
-0.0012207
0
0.0024414
0.0085449
0.0073242
0.0036621
0.0085449
0.014648
0.0073242
0.0097656
0.026855
0.030518
0.020752
0.020752
0.020752
0.029297
0.053711
0.057373
0.065918
0.075684
0.092773
0.11963
0.10254
0.061035
0.026855
-0.0048828
-0.01709
-0.026855
0
0.013428
0.0048828
-0.010986
-0.0097656
0.056152
0.090332
0.070801
0.019531
0.0036621
0.0024414
-0.0073242
-0.0061035
0.0048828
0.0036621
0.0024414
0.0073242
0.018311
0.015869
0.029297
0.030518
0.0354
0.090332
0.1062
0.10376
0.065918
0.018311
0.061035
0.043945
0.040283
0.010986
0.026855
0.028076
0.0097656
0.0048828
0.018311
0.025635
0.030518
0.040283
0.078125
0.10132
0.11108
0.081787
0.056152
0.037842
0.0354
0.01709
-0.0048828
-0.0036621
-0.0036621
0.0024414
0.0036621
0.0024414
0.0061035
0.01709
0.012207
0.0036621
-0.0024414
0.0024414
-0.0012207
0.012207
0.026855
0.059814
0.085449
0.10742
0.10742
0.073242
0.043945
0.030518
0.0024414
-0.01709
-0.019531
-0.010986
-0.0024414
0
-0.0085449
-0.0024414
0
0.024414
0.036621
0.019531
0.012207
0.0085449
0.0097656
0.028076
0.089111
0.10864
0.11475
0.11475
0.097656
0.067139
0.041504
0.026855
-0.0073242
0.0024414
-0.0036621
-0.0024414
0.0036621
-0.0048828
0.0036621
-0.0048828
0
0.012207
0.0024414
-0.0036621
0.062256
0.11475
0.11475
0.1001
0.1001
0.081787
0.046387
0.030518
0
-0.0024414
0.0073242
0.0024414
0.0012207
-0.0085449
-0.0061035
0.0048828
0.0048828
-0.0073242
-0.010986
0.0036621
0.023193
0.056152
0.10864
0.1355
0.13062
0.13916
0.11719
0.085449
0.031738
0.0048828
-0.0024414
0
0.019531
0.0085449
0.0097656
-0.0012207
0.0097656
0.012207
-0.0012207
-0.0061035
-0.018311
-0.0097656
0.040283
0.072021
0.10376
0.11353
0.097656
0.064697
0.037842
0.019531
0.0061035
-0.010986
-0.01709
-0.019531
-0.020752
-0.014648
-0.01709
-0.01709
-0.0085449
-0.0061035
0
0.0073242
0.013428
0.018311
0.026855
0.026855
0.068359
0.11353
0.11353
0.10132
0.091553
0.072021
0.031738
-0.0012207
-0.015869
-0.018311
-0.0097656
-0.0024414
0.026855
0.061035
0.043945
0.0036621
0.0024414
0.047607
0.080566
0.054932
0
-0.0036621
-0.0085449
0.0048828
0.0097656
0.032959
0.056152
0.040283
0.01709
0.018311
0.062256
0.054932
0.075684
0.10376
0.10986
0.089111
0.061035
0.031738
0.0085449
-0.0024414
-0.0036621
0.0024414
-0.0048828
0.0061035
0.0061035
0.0085449
0.0097656
0.013428
0.043945
0.041504
0.015869
0.0024414
-0.0036621
-0.0073242
-0.0012207
0.0048828
0.0097656
0.0085449
0.014648
0.013428
0.018311
0.019531
0.0073242
0.0354
0.021973
0.0048828
-0.0073242
0.0048828
0.015869
0.01709
0.012207
0.021973
0.020752
0.013428
0.0024414
0.019531
0.053711
0.050049
0.045166
0.01709
0.012207
0.018311
0.012207
0.018311
0.021973
0.021973
0.012207
0.012207
0.010986
0.0073242
0.0085449
0.020752
0.018311
0.025635
0.0354
0.037842
0.041504
0.050049
0.096436
0.1123
0.090332
0.057373
0.019531
0.01709
0.0061035
-0.015869
-0.0097656
0
0.0061035
0.023193
0.03418
0.028076
0.013428
0
-0.021973
0.0061035
0.0024414
0.010986
0.020752
0.0354
0.11353
0.12573
0.13184
0.1355
0.14038
0.1355
0.050049
0.072021
0.10376
0.1001
0.10986
0.10376
0.10864
0.1062
0.072021
0.0012207
0.040283
0.0097656
0.18433
0.21851
0.24414
0.22705
0.20142
0.18066
0.15747
0.16479
0.17944
0.18311
0.16357
0.15015
0.13672
0.13672
0.13062
0.12573
0.12817
0.1123
0.11353
0.11475
0.13062
0.12451
0.13306
0.12817
0.13306
0.12573
0.11963
0.10864
0.1123
0.10132
0.10986
0.10864
0.1123
0.1123
0.10864
0.10864
0.10376
0.093994
0.093994
0.097656
0.10742
0.091553
0.084229
0.093994
0.085449
0.084229
0.085449
0.08667
0.092773
0.087891
0.097656
0.10132
0.087891
0.085449
0.081787
0.047607
0.064697
0.076904
0.085449
0.085449
0.095215
0.10376
0.097656
0.091553
0.079346
0.076904
0.067139
0.064697
0.056152
0.059814
0.078125
0.081787
0.078125
0.079346
0.085449
0.080566
0.062256
0.061035
0.061035
0.05127
0.024414
0.039063
0.061035
0.08667
0.090332
0.079346
0.078125
0.08667
0.087891
0.074463
0.065918
0.061035
0.057373
0.061035
0.073242
0.075684
0.076904
0.080566
0.083008
0.089111
0.089111
0.078125
0.073242
0.067139
0.081787
0.085449
0.076904
0.070801
0.084229
0.08667
0.098877
0.089111
0.072021
0.062256
0.070801
0.084229
0.089111
0.091553
0.053711
0.046387
0.048828
0.08667
0.083008
0.079346
0.078125
0.073242
0.063477
0.054932
0.06958
0.093994
0.090332
0.091553
0.10132
0.1001
0.10986
0.10498
0.093994
0.079346
0.054932
0.021973
0.03418
0.045166
0.047607
0.058594
0.063477
0.074463
0.087891
0.095215
0.06958
0.075684
0.080566
0.075684
0.064697
0.061035
0.053711
0.076904
0.072021
0.083008
0.076904
0.072021
0.072021
0.073242
0.076904
0.065918
0.056152
0.053711
0.06958
0.054932
0.062256
0.072021
0.067139
0.079346
0.090332
0.080566
0.090332
0.091553
0.079346
0.083008
0.098877
0.10864
0.11108
0.11597
0.11108
0.11353
0.1123
0.083008
0.10376
0.11353
0.096436
0.070801
0.085449
0.097656
0.093994
0.10132
0.089111
0.089111
0.087891
0.087891
0.098877
0.085449
0.089111
0.087891
0.092773
0.083008
0.070801
0.06958
0.076904
0.093994
0.097656
0.095215
0.081787
0.089111
0.097656
0.089111
0.089111
0.08667
0.076904
0.080566
0.079346
0.075684
0.076904
0.085449
0.076904
0.065918
0.073242
0.075684
0.075684
0.06958
0.070801
0.10254
0.10742
0.090332
0.081787
0.057373
0.050049
0.050049
0.062256
0.085449
0.089111
0.081787
0.065918
0.045166
0.053711
0.067139
0.053711
0.056152
0.05249
0.059814
0.062256
0.070801
0.074463
0.072021
0.064697
0.067139
0.070801
0.080566
0.089111
0.08667
0.092773
0.12817
0.16602
0.15503
0.12207
0.11353
0.10132
0.10132
0.093994
0.089111
0.084229
0.084229
0.081787
0.096436
0.10742
0.1062
0.087891
0.080566
0.068359
0.076904
0.078125
0.078125
0.089111
0.065918
0.05127
0.039063
0.050049
0.058594
0.06958
0.061035
0.058594
0.059814
0.058594
0.074463
0.083008
0.079346
0.078125
0.080566
0.073242
0.06958
0.06958
0.068359
0.059814
0.05249
0.068359
0.059814
0.064697
0.084229
0.084229
0.054932
0.041504
0.046387
0.040283
0.059814
0.062256
0.062256
0.065918
0.063477
0.081787
0.11719
0.13062
0.13062
0.14893
0.12207
0.076904
0.032959
0.0073242
0.058594
0.068359
0.058594
0.032959
0.046387
0.045166
0.042725
0.048828
0.062256
0.058594
0.057373
0.059814
0.05127
0.050049
0.062256
0.072021
0.074463
0.083008
0.056152
0.040283
0.047607
0.046387
0.048828
0.053711
0.061035
0.075684
0.070801
0.067139
0.061035
0.054932
0.054932
0.065918
0.072021
0.079346
0.081787
0.06958
0.059814
0.076904
0.081787
0.073242
0.068359
0.070801
0.070801
0.073242
0.054932
0.058594
0.075684
0.091553
0.078125
0.083008
0.085449
0.078125
0.090332
0.085449
0.058594
0.056152
0.048828
0.045166
0.047607
0.059814
0.064697
0.079346
0.064697
0.061035
0.073242
0.05127
0.057373
0.070801
0.079346
0.074463
0.070801
0.073242
0.068359
0.06958
0.073242
0.074463
0.076904
0.068359
0.070801
0.081787
0.085449
0.091553
0.076904
0.067139
0.064697
0.061035
0.067139
0.064697
0.063477
0.048828
0.063477
0.05249
0.047607
0.067139
0.070801
0.062256
0.063477
0.043945
0.040283
0.05127
0.047607
0.063477
0.061035
0.075684
0.083008
0.072021
0.081787
0.081787
0.061035
0.046387
0.043945
0.057373
0.042725
0.042725
0.048828
0.043945
0.058594
0.058594
0.050049
0.070801
0.079346
0.078125
0.081787
0.063477
0.062256
0.063477
0.063477
0.063477
0.068359
0.058594
0.063477
0.073242
0.064697
0.06958
0.059814
0.048828
0.058594
0.05127
0.039063
0.056152
0.062256
0.057373
0.063477
0.078125
0.070801
0.047607
0.045166
0.053711
0.054932
0.070801
0.076904
0.078125
0.070801
0.067139
0.084229
0.08667
0.081787
0.065918
0.064697
0.068359
0.084229
0.087891
0.13062
0.14648
0.097656
0.093994
0.095215
0.084229
0.12329
0.063477
0.083008
0.072021
0.06958
0.1123
0.030518
0.11475
0.10376
0.092773
0.06958
0.061035
0.047607
0.062256
0.065918
0.078125
0.095215
0.080566
0.089111
0.093994
0.078125
0.053711
0.042725
0.043945
0.045166
0.042725
0.050049
0.032959
0.01709
-0.029297
-0.078125
-0.14893
-0.16113
-0.1062
-0.05127
-0.012207
-0.053711
-0.12817
-0.11475
-0.14893
-0.14893
-0.16113
-0.16968
-0.17212
-0.14893
-0.1355
-0.14282
-0.13062
-0.12207
-0.14648
-0.15991
-0.13794
-0.13794
-0.14404
-0.12573
-0.10254
-0.092773
-0.089111
-0.080566
-0.090332
-0.096436
-0.093994
-0.081787
-0.068359
-0.070801
-0.056152
-0.057373
-0.053711
-0.041504
-0.020752
-0.0085449
-0.0024414
-0.0097656
-0.0048828
-0.0036621
0.0061035
-0.0061035
-0.015869
-0.024414
-0.029297
-0.012207
0.0048828
0.0012207
-0.031738
-0.041504
-0.031738
-0.0354
-0.0354
-0.018311
-0.028076
-0.028076
-0.039063
-0.012207
0.023193
0.014648
-0.026855
-0.026855
-0.029297
-0.025635
-0.0354
-0.028076
-0.031738
-0.029297
-0.025635
-0.013428
0.012207
0.021973
0.0085449
-0.024414
-0.024414
-0.020752
-0.021973
-0.025635
-0.026855
-0.0354
-0.028076
-0.021973
-0.0354
-0.023193
-0.026855
-0.039063
-0.010986
-0.015869
-0.025635
-0.057373
-0.05127
-0.048828
-0.046387
-0.042725
-0.039063
-0.03418
-0.021973
-0.015869
-0.0085449
-0.010986
-0.019531
-0.0024414
0.0085449
0.014648
-0.0085449
-0.024414
-0.020752
-0.0097656
-0.036621
-0.030518
0.12085
0.19287
0.22095
0.17822
0.12695
0.14404
0.15137
0.11719
0.12573
0.096436
0.091553
0.08667
0.091553
0.12695
0.093994
0.10254
0.1123
0.10498
0.075684
0.064697
0.045166
0.078125
0.083008
0.087891
0.070801
0.089111
0.10376
0.10376
0.087891
0.057373
0.019531
0.014648
0.0048828
0.0073242
0.013428
0.0012207
0.0097656
0.020752
0.047607
0.05249
0.039063
0.036621
0.047607
0.063477
0.056152
0.05249
0.046387
0.058594
0.064697
0.06958
0.075684
0.065918
0.06958
0.079346
0.076904
0.084229
0.089111
0.087891
0.084229
0.081787
0.081787
0.079346
0.078125
0.075684
0.093994
0.10498
0.08667
0.063477
0.067139
0.08667
0.096436
0.095215
0.092773
0.095215
0.093994
0.090332
0.098877
0.08667
0.081787
0.075684
0.074463
0.080566
0.08667
0.089111
0.080566
0.084229
0.080566
0.091553
0.092773
0.091553
0.065918
0.063477
0.063477
0.064697
0.059814
0.057373
0.059814
0.056152
0.057373
0.065918
0.084229
0.079346
0.061035
0.042725
0.045166
0.046387
0.05249
0.057373
0.058594
0.05249
0.065918
0.076904
0.092773
0.08667
0.065918
0.061035
0.064697
0.068359
0.070801
0.062256
0.065918
0.059814
0.054932
0.046387
0.067139
0.063477
0.0354
0.0354
0.041504
0.043945
0.057373
0.045166
0.032959
0.040283
0.050049
0.057373
0.05249
0.028076
0.029297
0.023193
0.020752
0.021973
0.039063
0.050049
0.063477
0.068359
0.072021
0.06958
0.062256
0.028076
-0.0048828
-0.0024414
0.047607
0.061035
0.054932
0.05127
0.05249
0.093994
0.091553
0.06958
0.047607
0.048828
0.042725
0.047607
0.046387
0.048828
0.045166
0.043945
0.054932
0.074463
0.078125
0.076904
0.056152
0.045166
0.057373
0.063477
0.067139
0.073242
0.061035
0.053711
0.041504
0.012207
-0.11719
-0.15503
-0.13184
-0.11597
-0.095215
-0.092773
-0.083008
-0.037842
-0.057373
-0.063477
-0.064697
-0.084229
-0.092773
-0.076904
-0.081787
-0.078125
-0.074463
-0.06958
-0.061035
-0.050049
-0.013428
-0.013428
-0.05127
-0.062256
-0.059814
-0.036621
0.046387
0.13062
0.16724
0.15869
0.11353
0.10864
0.13916
0.13794
0.11963
0.091553
0.11597
0.11841
0.11353
0.11841
0.10254
0.14038
0.1709
0.097656
-0.064697
-0.11841
-0.12817
-0.13062
-0.12573
-0.065918
-0.037842
-0.028076
-0.032959
0.058594
0.11353
0.11719
0.056152
0.043945
0.061035
0.12207
0.16846
0.15991
0.13916
0.11963
0.10254
0.10132
0.084229
0.070801
0.0097656
0.029297
0.018311
0.0012207
-0.0097656
-0.067139
-0.11108
-0.14893
-0.15503
-0.16113
-0.11353
-0.023193
0.0048828
-0.047607
-0.026855
0.012207
0.010986
0.01709
0.040283
0.074463
0.046387
-0.0048828
0.0024414
0.023193
0.040283
0.048828
0.053711
0.058594
0.059814
0.15381
0.21729
0.24292
0.19775
0.13794
0.13062
0.081787
0.030518
0.11597
0.13794
0.095215
0.059814
0.062256
0.047607
0.080566
0.087891
0.10254
0.10498
0.070801
0.070801
0.0354
0.037842
0.048828
0.05127
0.072021
0.06958
0.15259
0.13184
0.0354
-0.042725
-0.10986
-0.15503
-0.14893
-0.15625
-0.16235
-0.13428
-0.10254
-0.10376
-0.10132
-0.084229
-0.058594
-0.1123
-0.091553
-0.12573
-0.068359
-0.015869
-0.12817
-0.065918
-0.020752
0.0085449
0.072021
0.092773
0.098877
0.046387
-0.048828
-0.068359
-0.065918
-0.063477
-0.050049
-0.064697
-0.073242
-0.075684
-0.025635
0.012207
0.03418
0.029297
-0.03418
-0.064697
-0.065918
0.0012207
-0.020752
-0.037842
-0.050049
-0.018311
0.0048828
0.012207
0.0024414
0.0085449
-0.015869
0.025635
0.087891
0.12329
0.070801
0.13184
0.13794
0.097656
-0.075684
-0.13428
-0.067139
-0.046387
-0.054932
0.010986
0.12817
0.16846
0.17456
0.05127
-0.084229
-0.11719
-0.1123
-0.12939
-0.1709
-0.17822
-0.076904
-0.012207
0.024414
0
-0.025635
-0.024414
-0.036621
-0.054932
-0.057373
-0.043945
-0.05127
-0.053711
-0.0048828
0.010986
0.015869
-0.024414
-0.047607
-0.043945
-0.021973
-0.0097656
0.032959
0.059814
0.063477
0.056152
0.01709
0.014648
0
-0.021973
-0.056152
-0.05127
-0.023193
0.062256
0.080566
0.084229
-0.0036621
-0.05249
-0.023193
-0.025635
-0.036621
-0.031738
-0.050049
-0.042725
0.10376
0.083008
0.10376
0.20874
0.1355
0.18188
0.11841
-0.048828
-0.080566
-0.10376
-0.070801
-0.018311
0.019531
0.036621
-0.019531
0.019531
-0.010986
-0.014648
0.083008
0.043945
-0.028076
-0.083008
-0.13184
-0.13428
-0.10376
-0.012207
0.18799
0.24048
0.18677
0.18311
0.17212
0.12085
-0.030518
-0.092773
-0.1416
-0.1355
-0.11108
-0.11963
-0.050049
-0.042725
-0.046387
-0.10254
-0.1001
-0.081787
-0.078125
-0.081787
-0.056152
-0.059814
-0.064697
-0.0085449
0
0.0036621
-0.040283
-0.029297
-0.043945
-0.057373
-0.065918
-0.054932
-0.041504
-0.045166
-0.0048828
0.054932
0.054932
0.039063
-0.0097656
-0.024414
-0.039063
-0.037842
-0.050049
-0.059814
-0.058594
0
0.021973
0.023193
-0.01709
0.0012207
0.0012207
0.012207
-0.018311
-0.043945
-0.0354
-0.018311
0.031738
0.061035
0.06958
0.043945
0.025635
0.0061035
-0.013428
-0.021973
-0.036621
-0.053711
-0.057373
-0.021973
-0.0036621
0.048828
0.059814
0.026855
-0.0097656
-0.040283
-0.093994
-0.070801
-0.068359
-0.064697
-0.046387
-0.037842
0.013428
0.032959
0.030518
-0.012207
-0.0061035
0
-0.010986
-0.010986
-0.0073242
-0.0024414
-0.014648
0
0.013428
0.040283
0.056152
0.054932
0.11841
0.26489
0.045166
0.19775
0.036621
-0.026855
-0.028076
-0.024414
0.045166
0.053711
0.058594
0.11841
0.15259
0.16235
0.17456
0.18555
0.19165
0.16479
0.1001
0.17578
0.23071
0.22217
0.17456
-0.024414
-0.072021
0.11719
0.15259
0.16479
0.15503
0.19531
0.18311
0.14771
0.093994
-0.079346
-0.080566
-0.095215
-0.056152
-0.030518
-0.029297
-0.021973
0.025635
0.042725
0.032959
0.0036621
0.0024414
-0.0024414
0.015869
0.012207
0.013428
0.020752
0.032959
0.062256
0.062256
0.05249
0.037842
0.040283
0.028076
0.025635
0.031738
0.036621
0.041504
0.025635
0.046387
0.075684
0.084229
0.054932
0.026855
0.024414
0.031738
0.025635
0.0097656
0.010986
0.0048828
0.037842
0.054932
0.039063
0.025635
0.030518
0.0354
0.03418
0.0354
0.01709
0.024414
0.040283
0.075684
0.058594
0.0061035
-0.0097656
-0.0024414
-0.0036621
-0.010986
-0.015869
-0.064697
-0.030518
0.061035
0.10498
0.090332
0.024414
-0.0085449
0.037842
0.031738
0.025635
0.041504
0.045166
0.036621
-0.0024414
0.0085449
0.032959
0.047607
0.021973
-0.0073242
0.029297
0.021973
0.0085449
0.012207
0.0048828
0.014648
0.0097656
0.042725
0.062256
0.047607
-0.0024414
-0.042725
-0.046387
-0.026855
-0.029297
-0.0354
-0.056152
-0.057373
-0.074463
-0.031738
0.041504
0.080566
0.065918
0.063477
0.12207
0.23193
0.17578
0.10132
0.13306
0.096436
0.13794
0.16602
0.22095
0.23315
0.16968
0.15381
0.15015
0.15747
0.15259
0.16479
0.1416
0.15991
0.043945
-0.030518
-0.043945
0.057373
0.13184
0.15381
0.15503
0.15625
0.14648
0.14038
0.15503
0.16479
0.15381
0.10864
0.096436
0.10742
0.11719
0.13184
0.047607
-0.01709
-0.024414
0.019531
0.14526
0.15137
0.13184
0.084229
0.0024414
-0.0354
-0.1001
-0.12573
-0.1062
-0.10376
-0.0354
0.032959
0.0085449
0.062256
0.18433
0.21729
0.21362
0.19287
0.17334
0.17578
0.15381
0.13062
0.065918
0.010986
-0.021973
-0.023193
0.026855
0.11719
0.15747
0.23438
0.20386
0.12939
0.14771
0.12207
0.075684
0.029297
0.0354
0.0061035
-0.037842
0.090332
0.16846
0.13306
0.087891
0.078125
0.073242
0.075684
0.089111
0.090332
0.10742
0.11597
0.18311
0.19043
0.19043
0.17578
0.12695
0.084229
0.046387
0.050049
0.025635
0.046387
0.074463
0.080566
0.11597
0.16602
0.18066
0.13794
0.095215
0.084229
0.078125
0.068359
0.061035
0.079346
0.078125
0.073242
0.097656
0.15137
0.15137
0.14038
0.12939
0.095215
0.085449
0.090332
0.1416
0.18066
0.20142
0.20264
0.17456
0.12085
0.063477
0.090332
0.087891
0.045166
0.039063
0.1001
0.13672
0.13062
0.092773
0.05249
0.058594
0.045166
0.032959
0.023193
0.031738
0.072021
0.085449
0.1001
0.072021
0.068359
0.057373
0.061035
0.046387
0.05249
0.06958
0.089111
0.074463
0.048828
0.025635
-0.021973
-0.0354
-0.040283
-0.068359
-0.046387
-0.024414
-0.01709
-0.032959
-0.029297
0
0.039063
0.046387
0.056152
0.10376
0.11841
0.076904
0.010986
0.0012207
0.028076
0.026855
0.023193
0.0012207
-0.014648
-0.01709
-0.0012207
0.021973
0.019531
-0.0048828
0.010986
0.025635
0.019531
0.0097656
0.11963
0.1709
0.16846
0.063477
0.03418
0.030518
0.050049
0.050049
0.041504
0.024414
0.078125
0.075684
0.057373
0.029297
0.030518
-0.0036621
-0.010986
-0.0354
-0.030518
-0.089111
-0.14282
-0.08667
-0.10376
-0.1062
-0.10254
-0.076904
-0.05249
-0.029297
-0.014648
-0.0085449
0
0.0012207
0.031738
0.047607
0.064697
0.030518
0.03418
0.045166
0.050049
0.025635
-0.05127
-0.089111
-0.13062
-0.078125
-0.019531
0.065918
0.083008
0.061035
0.11475
0.13794
0.14038
0.087891
0.058594
0.06958
0.076904
0.06958
0.043945
0.018311
0.020752
0.019531
0.028076
0.018311
0.013428
0.024414
0.030518
0.023193
0.021973
0.041504
0.040283
0.037842
0.042725
0.045166
0.063477
0.078125
0.078125
0.031738
0.083008
0.12573
0.14282
0.14771
0.14038
0.14771
0.16113
0.15259
0.10132
0.075684
0.084229
0.092773
0.10132
0.089111
0.087891
0.087891
0.089111
0.10864
0.11108
0.080566
0.081787
0.061035
0.064697
0.06958
0.070801
0.06958
0.10986
0.12939
0.10986
0.068359
0.063477
0.064697
0.076904
0.085449
0.089111
0.10254
0.1001
0.11353
0.076904
0.064697
0.05249
0.05127
0.048828
0.08667
0.11108
0.13306
0.12573
0.078125
0.048828
0.039063
0.083008
0.11108
0.091553
0.06958
0.073242
0.14282
0.15137
0.13672
0.14648
0.12451
0.10254
0.13672
0.13062
0.10986
0.089111
0.10864
0.12573
0.10742
0.072021
0.064697
0.076904
0.070801
0.018311
-0.053711
-0.039063
-0.039063
-0.054932
-0.080566
-0.073242
-0.064697
-0.063477
-0.057373
-0.039063
-0.019531
0.010986
0.010986
-0.018311
-0.0354
0
0.0012207
0.036621
0.067139
0.047607
0.0354
0.0073242
0.0012207
0.018311
0.014648
0.019531
0.0073242
0.020752
0.032959
0.032959
0.177
0.28687
0.21851
0.11719
0.1062
0.043945
0.062256
0.073242
0.1123
0.12451
0.13794
0.14038
0.14771
0.14771
0.12695
0.12085
0.11841
0.12329
0.14282
0.15259
0.14771
0.10498
0.083008
0.085449
0.095215
0.072021
0.087891
0.11475
0.10254
0.087891
0.078125
0.075684
0.080566
0.10742
0.12573
0.10376
0.061035
0.078125
0.078125
0.058594
0.067139
0.072021
0.090332
0.11475
0.12207
0.10742
0.063477
0.032959
0.043945
0.043945
0.067139
0.065918
0.041504
0.040283
0.03418
0.030518
0.053711
0.053711
-0.015869
-0.054932
-0.021973
-0.0061035
0.0012207
-0.037842
-0.05249
-0.0012207
0.024414
0.059814
0.019531
0.024414
0.12329
0.11963
0.064697
0.070801
0.089111
0.14893
0.13184
0.14648
0.12085
0.13428
0.10986
0.13306
0.12207
0.085449
0.047607
0.078125
0.072021
0.090332
0.08667
0.10376
0.10498
0.10864
0.096436
0.11597
0.10498
0.072021
0.062256
-0.039063
-0.10376
-0.0073242
0.036621
0.075684
0.11719
0.14893
0.14038
0.11353
0.11963
0.13794
0.11108
0.085449
0.059814
0.0048828
-0.030518
-0.0097656
0.019531
0.045166
0.041504
0.041504
0.076904
0.092773
0.079346
0.013428
-0.024414
-0.01709
-0.012207
-0.015869
-0.0048828
0.0048828
0.01709
0.023193
0.031738
0.057373
0.05127
0.019531
0.018311
0.041504
0.045166
0.065918
0.075684
0.097656
0.093994
0.095215
0.10376
0.10864
0.10498
0.079346
0.028076
0.031738
0.050049
0.059814
0.059814
0.059814
0.058594
0.061035
0.070801
0.080566
0.050049
0.032959
0.098877
0.085449
0.080566
0.1062
0.093994
0.097656
0.092773
0.089111
0.13062
0.13306
0.11597
0.079346
0.058594
0.074463
0.079346
0.10254
0.1001
0.10132
0.087891
0.11108
0.093994
0.10254
0.098877
0.10132
0.048828
0.041504
0.05249
0.065918
0.053711
0.079346
0.087891
0.085449
0.070801
0.06958
0.084229
0.090332
0.063477
0.040283
0.058594
0.06958
0.073242
0.065918
0.070801
0.072021
0.058594
0.091553
0.11597
0.11841
0.080566
0.067139
0.067139
0.075684
0.076904
0.065918
0.06958
0.070801
0.063477
0.057373
0.01709
0.029297
0.025635
0.020752
-0.0097656
0.0048828
0.012207
0.018311
0.05249
0.081787
0.05127
0.047607
0.073242
0.078125
0.079346
0.092773
0.095215
0.081787
0.048828
0.0085449
0.0024414
0.0048828
0.030518
0.028076
0.032959
0.078125
0.092773
0.078125
0.062256
0.068359
0.073242
0.065918
0.068359
0.054932
0.05249
0.054932
0.054932
0.063477
0.078125
0.075684
0.020752
0.020752
0.042725
0.05127
0.039063
0.029297
0.040283
0.041504
-0.0061035
-0.025635
-0.025635
-0.019531
-0.0097656
0
0.0036621
0.0073242
0.0036621
0.0061035
0.0073242
0.0085449
0.0061035
0.0085449
0.0036621
0.0354
0.025635
0.046387
0.091553
0.063477
0.080566
0.083008
0.091553
0.093994
0.08667
0.1001
0.096436
0.090332
0.064697
0.041504
0.037842
0.054932
0.058594
0.039063
0.021973
0.020752
0.030518
0.013428
0.020752
0.0085449
0.019531
0.031738
0.028076
0.037842
0.05127
0.023193
0.010986
0.023193
0.013428
0.042725
0.0036621
-0.013428
-0.0012207
-0.020752
-0.0048828
-0.014648
-0.031738
-0.036621
-0.026855
-0.019531
-0.0061035
0.01709
0.024414
0.018311
0.021973
0.025635
0.023193
0.037842
0.059814
0.083008
0.087891
0.089111
0.11353
0.1001
0.096436
0.097656
0.11963
0.1062
0.12207
0.14648
0.12695
0.081787
0.098877
0.10498
0.1062
0.10132
0.096436
0.078125
0.067139
0.0085449
0.015869
0.085449
0.095215
0.11597
0.11963
0.11719
0.10864
0.13794
0.15137
0.12695
0.13672
0.090332
-0.080566
-0.10254
-0.13428
-0.23438
-0.354
-0.39429
-0.35645
-0.20386
-0.10864
-0.090332
-0.076904
-0.075684
-0.045166
0.013428
-0.03418
-0.063477
-0.15259
-0.13916
-0.083008
-0.13184
-0.44067
-0.40527
-0.28809
-0.083008
0.068359
0.095215
0.15991
0.089111
0.063477
-0.030518
-0.036621
-0.072021
-0.12451
-0.21851
-0.12573
0.020752
0.1123
0.095215
0.062256
-0.014648
0.067139
0.053711
0.047607
0.041504
0.032959
0.0012207
-0.036621
-0.030518
-0.074463
-0.072021
-0.05127
-0.076904
-0.062256
-0.05127
-0.076904
-0.075684
-0.043945
0.021973
-0.0061035
-0.1062
-0.20752
-0.17456
-0.14771
-0.1062
-0.15137
-0.1123
-0.081787
-0.058594
-0.050049
-0.053711
-0.029297
-0.023193
-0.047607
-0.050049
-0.048828
-0.028076
-0.062256
-0.048828
-0.026855
-0.0097656
-0.0061035
0.0012207
0.023193
-0.036621
-0.057373
-0.048828
-0.045166
0.0036621
-0.0036621
-0.073242
-0.05249
-0.073242
-0.091553
-0.081787
-0.085449
-0.074463
-0.068359
-0.079346
-0.11108
-0.14893
-0.14893
-0.18555
-0.16602
-0.18555
-0.18921
-0.19165
-0.19287
-0.22095
-0.22949
-0.23804
-0.2124
-0.20264
-0.19653
-0.20142
-0.17212
-0.1709
-0.1709
-0.16846
-0.15381
-0.12573
-0.13062
-0.13306
-0.13428
-0.12817
-0.13794
-0.087891
-0.06958
-0.075684
-0.048828
-0.043945
-0.092773
-0.057373
-0.092773
-0.1062
-0.17822
-0.16724
-0.13428
-0.089111
0.025635
0.10254
0.079346
0.06958
-0.03418
-0.01709
0
-0.024414
0.12451
0.093994
0.083008
0.0073242
-0.054932
-0.063477
-0.10376
-0.091553
-0.083008
-0.15259
-0.21606
-0.24292
-0.20752
-0.1709
-0.16113
-0.15625
-0.13916
-0.1709
-0.16479
-0.14404
-0.14893
-0.11841
-0.1062
-0.097656
-0.072021
-0.087891
-0.091553
-0.12207
-0.12085
-0.10742
-0.10742
-0.087891
-0.16235
-0.16724
-0.17212
-0.17334
-0.18311
-0.19531
-0.18066
-0.11475
-0.10986
-0.10376
0.056152
0.16235
0.19287
0.20142
0.19165
0.18799
0.17578
0.16479
0.16479
0.15991
0.15259
0.15137
0.15381
0.13916
0.13184
0.1355
0.14771
0.12573
0.12207
0.14038
0.13062
0.13306
0.12695
0.12207
0.12085
0.10986
0.12085
0.10986
0.1062
0.1062
0.10864
0.10376
0.1123
0.10254
0.093994
0.074463
0.05127
0.057373
0.042725
0.030518
0.03418
0.065918
0.054932
0.013428
-0.028076
-0.0354
-0.043945
-0.013428
0.021973
0.043945
0.063477
0.057373
0.042725
0.039063
0.061035
0.062256
0.029297
0.0024414
0.010986
0.01709
0.010986
-0.021973
-0.029297
-0.032959
0.0073242
0.0036621
-0.0085449
0.0354
0.061035
0.058594
0.047607
0.036621
0.096436
0.13306
0.12695
0.10376
0.092773
0.068359
0.043945
0.029297
0.028076
0.01709
0.0085449
0.025635
0.037842
0.025635
0.0073242
0.028076
0.061035
0.085449
0.058594
0.045166
0.081787
0.093994
0.11597
0.093994
0.067139
0.073242
0.065918
0.13916
0.16113
0.12451
0.11841
0.045166
-0.031738
-0.18677
-0.32471
-0.39307
-0.30762
-0.24536
-0.22339
-0.23804
-0.25391
-0.2478
-0.2124
-0.2063
-0.18188
-0.19897
-0.20508
-0.13306
-0.067139
0.0048828
-0.05127
-0.064697
-0.089111
-0.15259
-0.12695
-0.12573
-0.12695
-0.13794
-0.14282
-0.14648
-0.1355
-0.12207
-0.13306
-0.12817
-0.19531
-0.25757
-0.33813
-0.20264
-0.25146
-0.14648
-0.063477
-0.067139
-0.12695
-0.16113
-0.15991
-0.16602
-0.16724
-0.15137
-0.12573
-0.19165
-0.21973
-0.22583
-0.22705
-0.20874
-0.22583
-0.21484
-0.16602
-0.14038
-0.15015
-0.14038
-0.1062
-0.079346
-0.070801
-0.058594
-0.065918
-0.074463
-0.070801
-0.083008
-0.10132
-0.098877
-0.12329
-0.16602
-0.10376
-0.062256
-0.057373
-0.075684
-0.032959
0.013428
0.024414
-0.026855
-0.10864
-0.11108
-0.10254
-0.075684
-0.090332
-0.080566
-0.067139
-0.048828
-0.041504
-0.029297
-0.0354
-0.028076
-0.030518
-0.039063
-0.024414
-0.03418
-0.0097656
0.012207
0.024414
0.028076
0.050049
0.010986
-0.042725
-0.019531
0.013428
-0.023193
-0.056152
-0.056152
-0.037842
-0.045166
-0.036621
0.039063
0.095215
0.046387
0.056152
0.0061035
0.0061035
-0.048828
-0.078125
-0.1123
-0.11108
-0.14404
-0.11719
-0.021973
-0.10254
-0.097656
-0.070801
-0.073242
-0.029297
0.023193
0.058594
0.13306
0.046387
-0.075684
-0.058594
-0.061035
-0.042725
-0.013428
0.031738
-0.015869
-0.084229
-0.037842
-0.054932
-0.053711
-0.081787
-0.076904
-0.091553
-0.10498
-0.11841
-0.10376
-0.10986
-0.13306
-0.11597
-0.081787
-0.072021
-0.1001
-0.10254
-0.090332
-0.080566
-0.084229
-0.028076
-0.037842
-0.059814
-0.078125
-0.039063
-0.03418
-0.026855
-0.020752
-0.013428
-0.023193
-0.029297
-0.018311
-0.012207
0
0.041504
0.062256
0.080566
0.047607
0.0354
0.021973
0.031738
0.029297
0.043945
0.058594
0.042725
0.029297
0.012207
0.012207
0.021973
0.013428
0.0097656
-0.019531
-0.023193
0.0036621
0.0061035
0.0061035
0.0073242
-0.015869
-0.12329
-0.22583
-0.2417
-0.22583
-0.20752
-0.21484
-0.22705
-0.21362
-0.19043
-0.18433
-0.21606
-0.18921
-0.16479
-0.14893
-0.18433
-0.15381
-0.11597
-0.10254
-0.096436
-0.085449
-0.11963
-0.14526
-0.15259
0
0.0024414
0.03418
0.1062
0.093994
0.075684
0.043945
0.2002
0.25879
0.21851
0.17456
0.13794
0.18555
0.13184
0.14648
0.1355
0.097656
0.045166
0.024414
0.0097656
0.01709
-0.036621
-0.16113
-0.1355
-0.13916
-0.15747
-0.25024
-0.26978
-0.26855
-0.20386
-0.16846
-0.15747
-0.16235
-0.087891
-0.093994
-0.046387
-0.030518
-0.025635
-0.026855
-0.014648
-0.029297
-0.0073242
-0.047607
-0.072021
-0.092773
-0.0036621
0.042725
0.05127
0.05127
0.046387
0.040283
0.029297
0.0061035
-0.067139
-0.050049
-0.065918
0.0012207
-0.024414
-0.053711
-0.032959
-0.036621
-0.036621
-0.092773
-0.098877
-0.018311
-0.097656
-0.12207
-0.041504
-0.014648
-0.026855
0.040283
0.065918
0.0048828
-0.06958
-0.072021
-0.10986
-0.15747
-0.12939
-0.15137
-0.18066
-0.17334
-0.14282
-0.0048828
0.1001
0.10986
0.036621
-0.063477
0.1123
0.15747
0.14038
0.0097656
0.05127
-0.024414
-0.091553
-0.22705
-0.19531
-0.21362
-0.20874
-0.19531
-0.19165
-0.16724
-0.16113
-0.15503
-0.12573
-0.11597
-0.15503
-0.14648
-0.13184
-0.06958
-0.093994
-0.085449
-0.10254
-0.13672
-0.093994
-0.063477
-0.073242
0.085449
0.12451
0.05249
0.0061035
0.05249
0.020752
-0.013428
0.021973
0.0012207
-0.0354
-0.025635
-0.0024414
0.0036621
-0.012207
0.091553
0.12329
0.12451
0.12695
0.15869
0.31494
0.20386
0.24658
0.39429
0.271
0.18433
0.1416
0.14038
0.17578
0.14648
0.10132
0.061035
-0.12573
-0.10986
0.087891
0.16724
0.21118
0.11841
0.12329
-0.0085449
0.030518
-0.012207
-0.0036621
0
0.0024414
-0.014648
-0.041504
0.10254
0.16235
0.25635
0.18188
0.17944
0.24902
0.23438
0.19409
0.18433
0.17944
0.17944
0.15381
0.14893
0.16357
0.19165
0.17578
0.14038
0.12939
0.1355
0.041504
0.061035
0.028076
0.059814
0.039063
0.032959
0.05127
-0.01709
-0.11841
-0.1709
-0.17456
-0.15991
-0.073242
-0.080566
-0.084229
-0.076904
-0.087891
-0.064697
-0.037842
-0.065918
-0.059814
-0.05249
-0.080566
-0.072021
-0.021973
-0.028076
-0.032959
-0.028076
-0.026855
0.0085449
0.070801
0.058594
0.041504
0.029297
0.036621
0.050049
0.05249
0.054932
0.068359
0.085449
0.11841
0.14893
0.12573
0.11108
0.12085
0.13794
0.12939
0.12085
0.15503
0.20264
0.21606
0.177
0.084229
0.078125
0.10132
0.1062
0.12207
0.14526
0.21606
0.15259
0.081787
0.10986
0.24658
0.27954
0.24658
0.18433
0.1001
-0.010986
0.012207
0.085449
0.14404
0.15137
0.18311
0.13428
0.064697
-0.13306
-0.1062
-0.032959
-0.029297
-0.091553
-0.041504
0.15381
0.25635
0.40039
0.34668
0.27222
0.25024
0.19409
0.19287
0.20264
0.11963
0.0036621
0.22949
0.18921
0.12695
-0.039063
-0.083008
0.11108
0.20508
0.13306
0.12573
0.10132
0.057373
0.037842
0.015869
0.019531
0.023193
0.025635
0.042725
0.062256
0.037842
0.015869
-0.013428
0.0048828
-0.0048828
-0.037842
-0.048828
-0.078125
-0.093994
-0.13062
-0.12451
-0.06958
-0.037842
0.021973
-0.0097656
-0.0024414
-0.013428
-0.024414
0.041504
0.14526
0.20264
0.16968
0.14771
0.16357
0.16235
0.21118
0.10254
-0.05249
-0.08667
-0.076904
-0.098877
-0.098877
-0.13184
-0.12085
-0.11597
-0.12329
-0.10986
-0.054932
-0.059814
-0.091553
-0.097656
-0.11719
-0.078125
-0.062256
-0.050049
-0.029297
-0.039063
-0.050049
-0.025635
0.012207
0.029297
0.01709
0.021973
-0.0061035
-0.039063
-0.063477
-0.029297
-0.068359
-0.012207
-0.0097656
-0.024414
0.045166
0.30518
0.48706
0.17334
0.053711
0.013428
-0.012207
-0.010986
-0.0073242
-0.092773
-0.031738
0.030518
0.03418
0.0073242
-0.036621
-0.046387
-0.024414
-0.013428
0.029297
0.042725
0.050049
0.061035
0.061035
0.031738
0.014648
0.032959
0.0354
-0.0048828
-0.059814
-0.073242
-0.03418
-0.0073242
0.0048828
0.013428
0.040283
0.0354
0.037842
0.031738
0.018311
0.01709
0.024414
0.050049
0.03418
0.070801
0.065918
0.0097656
-0.057373
-0.083008
-0.032959
-0.0012207
-0.05249
0.0012207
-0.042725
-0.096436
-0.097656
-0.11108
-0.091553
-0.065918
-0.054932
-0.040283
-0.043945
-0.061035
-0.041504
-0.042725
-0.056152
-0.064697
-0.046387
-0.063477
-0.061035
-0.070801
-0.1001
-0.092773
-0.097656
-0.062256
0.047607
-0.037842
-0.081787
-0.10498
-0.073242
-0.13306
-0.13916
-0.11475
-0.093994
-0.083008
-0.054932
-0.096436
-0.075684
-0.093994
-0.076904
-0.05127
-0.073242
-0.11475
-0.080566
-0.079346
-0.062256
-0.062256
-0.039063
0.0073242
-0.013428
-0.087891
-0.062256
-0.067139
-0.067139
-0.074463
-0.032959
-0.064697
-0.098877
-0.023193
0.10498
-0.0073242
-0.093994
-0.1062
-0.10132
-0.054932
-0.063477
-0.080566
-0.078125
-0.0354
-0.054932
-0.061035
-0.057373
-0.021973
0
0.0012207
0.013428
-0.0036621
-0.01709
-0.0048828
0.0012207
0.021973
0.030518
0.028076
-0.013428
-0.0061035
0.030518
0.041504
0.062256
0.081787
0.050049
-0.0048828
-0.012207
0.0024414
-0.073242
-0.13428
-0.010986
-0.078125
-0.0354
-0.032959
-0.031738
-0.010986
-0.045166
-0.10498
-0.093994
-0.10864
-0.0061035
-0.036621
-0.041504
-0.014648
0.0073242
0.019531
-0.0061035
-0.0097656
-0.012207
0.0073242
0.018311
-0.0036621
0.020752
0.063477
0.070801
0.14282
0.12695
0.24902
0.39063
0.32349
0.25513
0.24414
0.2356
0.2124
0.21973
0.20752
0.20264
0.19531
0.20752
0.31616
0.26245
0.32837
0.29907
0.24902
0.11841
0.14038
0.16602
0.2002
0.17334
0.14893
0.13916
0.12573
0.10498
0.1062
0.12207
0.10376
0.11475
0.10864
0.13306
0.1001
0.15503
0.074463
-0.032959
0.177
0.31006
0.47974
0.50049
0.44067
0.39917
0.42847
0.46387
0.40649
0.024414
-0.0085449
-0.05127
-0.057373
-0.036621
-0.019531
-0.0061035
0.0012207
0.0097656
0.079346
0.11719
0.17334
0.16113
0.19775
0.21851
0.22583
0.26123
0.25391
0.21362
0.23804
0.14893
0.11719
0.032959
0.048828
0.064697
0.070801
0.15625
0.0085449
-0.040283
-0.068359
-0.025635
0.028076
-0.0012207
-0.040283
0.0061035
-0.012207
0.012207
0.065918
0.03418
0.0012207
0.023193
0.091553
-0.026855
-0.12451
-0.10742
-0.14282
-0.21362
-0.22217
-0.19775
-0.16357
-0.14648
-0.076904
-0.057373
-0.1001
-0.13916
-0.096436
-0.010986
0.041504
0.092773
0.17212
0.15991
0.090332
0.028076
0.01709
0.019531
0.05127
0.1123
0.177
0.17944
0.14893
0.095215
0.10742
0.1001
0.020752
-0.0073242
0.058594
-0.021973
-0.063477
-0.098877
-0.14038
-0.037842
-0.056152
-0.075684
-0.084229
-0.32715
-0.16357
-0.05127
-0.090332
-0.22095
-0.26855
-0.27954
-0.24536
-0.15015
-0.10254
-0.13062
-0.15869
-0.17212
-0.25146
-0.21484
-0.19287
-0.19043
-0.17212
-0.11475
-0.13672
-0.12573
-0.070801
-0.074463
-0.089111
-0.068359
-0.14648
-0.12451
-0.1123
-0.12817
-0.10986
-0.083008
-0.040283
-0.043945
-0.057373
-0.06958
-0.073242
-0.047607
-0.0073242
0.042725
0.036621
0.01709
0.026855
0.029297
0.08667
0.11597
0.089111
0.084229
0.05249
0.056152
0.039063
0.11475
0.24048
0.27832
0.20508
0.21729
0.22461
0.14404
0.018311
0.0048828
0.032959
0.023193
0.059814
0.053711
0.048828
0.056152
0.06958
0.053711
0.11353
0.085449
0.062256
0.041504
0.079346
-0.16724
-0.56396
-0.49316
-0.42603
-0.33936
-0.26855
-0.22949
-0.19897
-0.17822
-0.1355
-0.10498
-0.087891
-0.084229
-0.036621
0.0097656
0.10864
0.25757
0.28564
0.31128
0.32227
0.35278
0.43335
0.40649
0.2832
0.20752
0.22461
0.3479
0.20752
-0.047607
-0.045166
-0.026855
0.0048828
0.048828
0.1001
0.14404
0.2002
0.26611
0.20874
0.12573
0.14526
0.13184
0.18311
0.17334
0.17944
0.17944
0.19775
0.20386
0.21118
0.23071
0.27954
0.26123
0.27954
0.28076
0.21118
0.23071
0.2124
0.17212
0.19165
0.17212
0.14771
0.1123
0.093994
0.075684
0.084229
0.081787
0.068359
0.053711
0.087891
0.084229
0.046387
0.084229
0.090332
0.083008
0.084229
0.059814
0.065918
0.073242
0.040283
0.0097656
0.013428
0.019531
0.023193
0.042725
0.081787
0.1001
0.10864
0.13428
0.12939
0.15869
0.17578
0.1709
0.14771
0.16724
0.12817
0.1355
0.095215
0.039063
0.0097656
0.024414
0.039063
0.059814
0.075684
0.063477
0.11597
0.12085
0.10742
0.020752
-0.048828
-0.040283
-0.0048828
0.036621
0.056152
0.067139
0.062256
0.070801
0.012207
-0.0048828
-0.0073242
-0.0036621
-0.0097656
0.0048828
0.020752
0.068359
0.076904
0.059814
0.021973
0.048828
0.067139
0.073242
0.096436
0.11719
0.096436
0.018311
0.024414
0.0048828
-0.0048828
0.01709
0.039063
0.050049
0.058594
0.054932
0.084229
0.090332
0.10254
0.1062
0.10376
0.11719
0.076904
-0.0073242
-0.040283
-0.028076
0.025635
0.059814
0.063477
0.083008
0.12451
0.097656
0.081787
0.080566
0.061035
0.039063
0.05127
0.037842
0.083008
0.095215
0.15747
0.26001
0.23804
0.21973
0.063477
0.032959
0.053711
0.085449
0.0097656
-0.0097656
0.032959
0.072021
0.026855
0.029297
0.0024414
-0.19287
-0.013428
-0.14648
-0.15991
-0.19043
-0.2002
-0.059814
-0.010986
-0.023193
-0.012207
0.015869
0.021973
0.0354
0.040283
0.024414
0.036621
0.042725
0.05127
0.05127
0.06958
0.093994
0.078125
0.081787
0.17334
0.19287
0.10254
0.080566
0.080566
0.063477
0.062256
0.0024414
0.054932
0.050049
0.053711
0.056152
0.085449
0.10742
0.14771
0.093994
0.16968
0.28076
0.31006
0.31128
0.28564
0.26611
0.20264
0.13062
-0.018311
-0.012207
0.01709
0.13184
0.0061035
0.041504
0.05127
0.096436
0.1062
0.14771
0.22339
0.16724
0.20142
0.20752
0.19409
0.21606
0.19165
0.21729
0.056152
0.059814
0.10498
0.12695
0.12207
0.10742
0.10864
0.084229
0.054932
0.036621
0.031738
0.067139
0.042725
0.018311
0.0012207
0.040283
0.078125
0.058594
0.032959
0.050049
0.064697
0.041504
0.040283
0.045166
0.036621
0.084229
0.074463
0.046387
-0.046387
-0.041504
-0.036621
0.048828
0.11597
0.089111
0.05127
0.03418
0.079346
0.12573
-0.0061035
0.014648
0.10254
0.075684
0.037842
0.12207
0.15015
0.18921
0.21729
0.19653
0.24048
0.045166
0.13428
0.25635
0.27344
0.24902
0.19287
0.17212
0.25513
0.21729
0.1123
0.16357
0.18555
0.20142
0.18677
0.16235
0.19653
0.19287
0.12573
0.14282
0.11841
0.10498
0.10742
0.056152
0.1355
0.20508
0.13794
0.018311
0.0036621
0.039063
0.058594
0.072021
0.012207
0.018311
0.085449
0.1062
0.10254
0.14771
0.16602
0.18677
0.20996
0.20508
0.19653
0.20142
0.18677
0.18311
0.15015
0.15015
0.1001
-0.079346
-0.029297
0.06958
-0.10864
-0.0097656
-0.057373
-0.083008
0.010986
-0.10986
-0.089111
-0.054932
0.0048828
0.063477
-0.021973
-0.01709
-0.01709
0.090332
0.18677
0.20264
0.19531
0.16602
0.15625
0.17334
0.20874
0.20874
0.22949
0.22705
0.20752
0.2124
0.20874
0.19653
0.19287
0.20996
0.12329
0.12817
0.15259
0.18433
0.11963
0.177
0.24292
0.25391
0.21362
0.24902
0.17822
0.19165
0.15137
0.13672
0.13062
0.11108
0.12817
0.11475
0.11353
0.12817
0.14893
0.12085
0.12695
0.1123
0.096436
0.091553
0.10864
0.13428
0.1416
0.12573
0.10864
0.10254
0.10986
0.096436
0.059814
0.045166
0.0354
0.042725
0.042725
0.037842
0.025635
-0.010986
-0.041504
-0.03418
-0.010986
0.0024414
0.024414
0.063477
0.018311
-0.01709
-0.074463
-0.092773
-0.098877
-0.074463
-0.096436
-0.03418
-0.029297
-0.028076
-0.042725
-0.078125
-0.057373
0
0.0048828
-0.031738
0.0024414
0.0061035
0.018311
0.023193
0.0097656
-0.025635
-0.010986
-0.0085449
-0.0036621
0.012207
0.01709
0.0097656
0.0048828
0.015869
0.023193
0.043945
0.057373
0.039063
0.037842
0.031738
0.032959
0.021973
0.01709
0.039063
0.050049
0.05249
0.059814
0.064697
0.061035
0.05127
0.056152
0.0048828
0.045166
0.064697
0.054932
0.062256
0.059814
0.05249
0.073242
0.037842
0.028076
0.042725
0.057373
0.070801
0.078125
0.058594
0.023193
0.0097656
0.020752
0.056152
0.10376
0.12939
0.15747
0.14038
0.12817
0.14282
0.16113
0.15259
0.059814
0.031738
0.021973
-0.0061035
-0.0036621
0.01709
0.0061035
0.010986
0.012207
0.0073242
-0.01709
-0.031738
-0.053711
0.031738
0.0036621
-0.040283
-0.067139
-0.090332
-0.090332
-0.083008
-0.06958
-0.050049
-0.045166
-0.057373
-0.045166
-0.040283
-0.036621
-0.021973
-0.0061035
-0.0073242
-0.0097656
-0.013428
-0.0073242
0.03418
0.064697
0.047607
0.043945
0.012207
0.010986
-0.012207
0.0073242
0.0036621
0.11475
-0.2356
-0.32349
0.1123
0.17822
-0.064697
-0.1355
0.1123
-0.21484
-0.23682
-0.24048
-0.32349
-0.28931
-0.25513
-0.21729
-0.23315
-0.22339
-0.20752
-0.19531
-0.19043
-0.16602
-0.14404
-0.15747
-0.13916
-0.10864
-0.096436
-0.10986
-0.075684
-0.028076
-0.0085449
0.092773
0.087891
0.089111
0.087891
0.1062
0.12939
0.11597
0.14038
-0.023193
0.029297
0.083008
0.097656
0.092773
0.064697
-0.10742
-0.13916
-0.025635
-0.1123
-0.11353
-0.10742
-0.12329
-0.057373
0.036621
0.062256
0.063477
0.063477
0.064697
0.076904
0.084229
0.089111
0.089111
0.084229
0.08667
0.08667
0.079346
0.079346
0.074463
0.068359
0.059814
0.10864
0.12329
0.16479
0.13428
0.13184
0.12939
0.080566
0.072021
0.10254
0.11108
0.10498
0.068359
0.15991
0.12817
0.092773
0.091553
0.076904
0.080566
0.074463
0.067139
0.083008
0.081787
0.080566
0.084229
0.092773
0.10254
0.084229
0.085449
0.10498
0.11841
0.047607
0.062256
0.062256
0.061035
0.039063
0.015869
-0.0024414
-0.015869
-0.025635
-0.046387
-0.054932
-0.043945
-0.036621
-0.036621
-0.030518
0.010986
-0.041504
-0.067139
-0.043945
-0.026855
-0.032959
-0.056152
-0.021973
-0.014648
-0.025635
-0.041504
-0.045166
-0.036621
-0.023193
-0.021973
-0.053711
-0.26611
-0.25879
-0.24414
-0.23193
-0.23071
-0.19287
-0.16846
-0.14771
-0.17456
-0.15381
-0.15991
-0.12817
-0.177
-0.15259
-0.10864
-0.085449
0.01709
0.084229
0.040283
0.01709
0.039063
0.039063
0.045166
0.043945
0.03418
0.023193
0.014648
0.015869
0.01709
0.023193
0.023193
0.020752
0.028076
0.050049
0.061035
0.05127
0.05249
0.039063
0.030518
0.029297
0.024414
0.024414
0.026855
0.021973
0.018311
0.01709
0.11108
0.1001
0.096436
0.080566
0.054932
0.036621
0.032959
0.039063
0.036621
0.054932
0.042725
0.037842
0.0354
0.037842
0.031738
0.0354
0.03418
0.037842
0.036621
0.0354
0.043945
0.05127
0.068359
0.059814
0.064697
0.067139
0.095215
0.10742
0.087891
0.095215
0.10132
0.10132
0.093994
0.097656
0.093994
0.087891
0.10864
0.10742
0.10254
0.10498
0.093994
0.10376
0.095215
0.097656
0.095215
0.091553
0.10132
0.1001
0.096436
0.089111
0.084229
0.06958
0.050049
0.031738
0.041504
0.0048828
-0.0354
-0.061035
-0.19043
-0.2063
-0.13794
-0.10132
-0.067139
-0.063477
-0.0354
-0.014648
0.14038
0.2356
0.25757
0.21973
0.20874
0.18921
0.091553
0.045166
-0.0024414
-0.076904
-0.13916
-0.15259
-0.2124
-0.15137
-0.13916
-0.13306
-0.13062
-0.11108
-0.087891
-0.083008
-0.0048828
0.0085449
0
0.046387
0.023193
0.014648
0.0036621
0.014648
0.012207
0
-0.0085449
-0.0073242
-0.0073242
0.0061035
-0.012207
-0.018311
-0.010986
-0.0024414
0.0073242
0.010986
0.0048828
0.019531
0.014648
0.020752
0.080566
0.14771
0.1001
-0.020752
-0.10132
-0.0085449
0.10742
0.17456
0.14771
-0.053711
-0.063477
-0.014648
-0.028076
-0.16846
-0.17944
-0.17334
-0.1709
-0.090332
-0.095215
-0.072021
-0.059814
-0.042725
-0.070801
-0.058594
0.012207
-0.012207
-0.037842
-0.032959
-0.05249
0.089111
0.078125
0.063477
0.085449
0.0354
0.05127
0.059814
0.031738
0.098877
-0.0036621
-0.047607
-0.05249
-0.01709
-0.018311
-0.012207
-0.029297
-0.015869
-0.0097656
-0.015869
0.019531
-0.021973
-0.025635
0.013428
0.056152
0.056152
0.18433
0.14771
0.1062
0.045166
0.064697
0.065918
0.10498
0.05249
-0.030518
0.0048828
0.0012207
0.021973
0.063477
0.0085449
-0.048828
0.026855
0.039063
0.0085449
0.11841
0.13062
0.078125
0.039063
-0.028076
-0.0036621
0.013428
-0.040283
-0.05249
-0.030518
-0.026855
-0.041504
-0.06958
-0.076904
-0.068359
-0.043945
-0.06958
-0.037842
-0.037842
-0.057373
-0.03418
0.0097656
0.41504
0.3772
0.32715
0.30518
0.34912
0.25513
0.1062
0.061035
0.043945
0.042725
0.059814
0.06958
0.074463
0.070801
0.084229
0.10498
0.091553
0.087891
0.090332
0.096436
0.10498
0.10376
0.065918
-0.11841
-0.072021
-0.026855
-0.15259
-0.12573
-0.021973
-0.20752
-0.12939
-0.13916
0.031738
0.12451
0.1416
-0.14648
-0.043945
0.11841
0.087891
0.11841
0.05249
-0.053711
-0.0024414
-0.17944
-0.2356
-0.16235
0.029297
0.061035
0.16357
-0.0048828
-0.21484
-0.23071
-0.16602
-0.11475
-0.20264
-0.14893
-0.06958
-0.081787
0.040283
-0.0048828
0.078125
-0.0036621
-0.11841
-0.1123
-0.13672
-0.10986
-0.090332
-0.13184
-0.08667
-0.084229
-0.064697
0.030518
-0.1123
-0.10376
-0.087891
-0.10376
-0.14282
-0.13794
-0.12939
-0.10498
-0.11597
-0.074463
0.0012207
-0.053711
-0.026855
-0.031738
-0.024414
0.021973
0.014648
-0.045166
-0.063477
-0.043945
-0.040283
-0.064697
-0.036621
-0.042725
-0.029297
-0.029297
-0.031738
-0.030518
-0.10864
0.01709
0.22583
0.14038
0.19653
0.21118
0.41992
0.19653
0.10864
0.14282
0.03418
-0.025635
0.22949
0.53833
0.45898
0.16968
-0.0097656
-0.16479
-0.23682
-0.20508
-0.070801
0.01709
0.42358
0.14771
0.16235
0.18311
0.11475
-0.014648
-0.18555
-0.17456
-0.177
-0.18066
-0.036621
-0.1416
0.18188
0.20874
0.19409
-0.098877
-0.05249
-0.1001
-0.015869
0.073242
0.05249
0.013428
-0.10254
0.0012207
-0.043945
-0.072021
-0.031738
-0.013428
0.0061035
0.025635
0.030518
0.15503
0.076904
0.08667
-0.065918
0.092773
-0.0024414
-0.023193
0.028076
0.023193
0.0097656
-0.042725
-0.0024414
0.013428
-0.014648
-0.030518
-0.041504
-0.064697
-0.067139
-0.030518
-0.013428
0.0024414
-0.14404
0.026855
0.31616
0.23438
0.19287
-0.054932
-0.013428
-0.023193
-0.083008
-0.029297
-0.013428
-0.12451
-0.045166
-0.036621
-0.01709
-0.014648
-0.065918
-0.16113
-0.15137
-0.064697
0.0036621
-0.012207
-0.0048828
-0.06958
0.03418
0.043945
0.10254
0.13184
0.0061035
0.018311
0.023193
-0.036621
0.18921
0.43579
0.3479
0.028076
-0.084229
0.05127
0.11353
0.19531
0.28809
-0.22949
-0.23804
-0.014648
-0.0061035
0.025635
-0.063477
-0.058594
0.01709
0.2063
-0.11475
-0.11963
0.089111
0.12695
0.10742
-0.0085449
-0.092773
-0.080566
-0.083008
0.16724
0.18311
0.2478
0.19165
0.15503
0.3186
0.12573
0.34302
0.39551
0.38208
0.39429
0.22339
0.177
0.08667
0.11963
0.20874
0.26978
0.22461
0.21973
0.21729
0.22339
0.21851
0.17822
0.087891
0.054932
0.018311
0.028076
0.025635
0.020752
0.019531
-0.063477
-0.041504
-0.0036621
0.020752
-0.014648
-0.095215
-0.020752
0.0097656
0.05127
0.020752
0.048828
0.0073242
-0.0085449
0.0012207
0.018311
-0.0097656
0.012207
0.026855
0.018311
-0.012207
0.018311
-0.046387
-0.11719
-0.068359
-0.040283
-0.06958
-0.018311
0.010986
0.015869
0.062256
0.050049
-0.12939
-0.1416
-0.16846
-0.11841
-0.05249
0.029297
0.048828
0.048828
0.015869
-0.14526
-0.1416
-0.15625
-0.26245
-0.29297
-0.28442
-0.21729
-0.27466
-0.19897
-0.1355
-0.18677
-0.16724
-0.037842
0.0097656
-0.075684
0.028076
0.065918
0.025635
-0.020752
-0.045166
-0.12085
-0.1001
-0.12817
-0.14771
-0.13306
-0.058594
-0.0048828
-0.067139
-0.026855
0.0097656
0.019531
0.05249
0.053711
0.023193
0.11963
0.12085
0.10132
0.046387
0.039063
0.059814
0.0085449
-0.030518
0.0085449
0.013428
0.032959
0.032959
0.058594
0.13794
0.19165
0.20386
0.20264
0.19775
0.1709
0.15137
0.14404
0.10742
0.08667
0.05249
0.0036621
0.030518
-0.023193
0.024414
0.083008
0.1001
0.15503
0.23926
0.18799
0.15259
0.13916
0.090332
0.090332
0.084229
0.025635
0.024414
0.1123
0.15137
0.1123
0.11475
0.33691
0.33447
0.35522
0.24536
0.10376
0.091553
0.0085449
0.0061035
0.0061035
0.03418
0.096436
0.14771
0.15503
0.16113
0.20508
0.21118
0.19653
0.14893
0.1416
0.12207
0.13306
-0.0036621
-0.020752
0.013428
-0.025635
-0.024414
0.03418
0.0024414
-0.20142
-0.080566
-0.063477
0.10742
0.18311
0.25024
0.14526
0.13184
-0.070801
-0.15015
-0.028076
-0.014648
0.023193
0.026855
0.01709
0.010986
0.031738
-0.01709
-0.061035
-0.12451
-0.03418
-0.0024414
-0.15137
-0.1355
-0.095215
-0.015869
-0.0085449
-0.057373
-0.057373
0.014648
0.10864
0.13184
0.14404
0.037842
0.053711
0.014648
-0.074463
-0.17456
-0.087891
0.047607
-0.019531
-0.14771
-0.10986
-0.13672
-0.19531
-0.20752
0.025635
-0.1123
0.090332
0.12817
-0.11963
-0.014648
-0.11108
-0.080566
-0.12573
0.11353
0.1709
0.025635
-0.10132
0.11719
0.12573
-0.0012207
-0.021973
-0.084229
0.0354
0.045166
-0.012207
0.10498
0.12451
0.12085
0.0048828
-0.084229
-0.08667
-0.067139
-0.081787
0.076904
0.16602
0.14404
0.056152
0.13062
0.12939
0.1062
0.13672
0.17822
0.19165
0.043945
-0.029297
0.18433
0.26367
0.065918
0.13184
0.21362
0.21606
0.2063
0.20752
0.17334
0.029297
-0.078125
-0.16846
-0.18433
-0.15259
0
0.10864
0.17578
0.15015
0.11841
0.11963
0.05249
0.076904
0.12573
0.12085
0.084229
0.059814
0.01709
0.030518
0.070801
0.0012207
0.078125
0.16724
0.076904
-0.13184
-0.059814
0.013428
0.029297
-0.050049
-0.0097656
0.064697
0.12695
0.072021
0.1123
-0.0073242
-0.040283
-0.18555
-0.21118
-0.29297
-0.29175
-0.30884
-0.040283
0.06958
0.13306
0.045166
0.014648
0.047607
0.025635
0.025635
0.0354
0.026855
0.012207
0.037842
0.037842
0.010986
0.0024414
0.0061035
0.024414
0.020752
0.031738
0.032959
0.032959
0.041504
0.012207
-0.32227
-0.22827
-0.35156
-0.43335
-0.29419
-0.33569
-0.25513
-0.32959
-0.33447
-0.28564
-0.059814
0.010986
-0.030518
-0.065918
-0.070801
-0.029297
-0.015869
0.10132
0.20752
0.23804
0.20996
0.22949
0.25391
0.23193
0.15381
0.091553
0.057373
0.074463
0.1709
0.24536
0.19775
0.11841
-0.18677
-0.35278
-0.43091
-0.32104
-0.21729
-0.25757
-0.30151
-0.19775
-0.14526
-0.16724
-0.22217
-0.19531
-0.11841
-0.056152
-0.16235
-0.21118
-0.21973
-0.16235
-0.1062
-0.084229
0.087891
0.14404
0.18921
0.22095
0.16968
0.12329
0.17212
0.11841
0.03418
0.023193
0.020752
0.014648
-0.019531
-0.058594
-0.095215
-0.13428
-0.10498
-0.040283
-0.0024414
0.0097656
-0.032959
-0.067139
-0.010986
0.0061035
0.058594
0.056152
0.058594
0.029297
0.0097656
-0.023193
-0.023193
0.014648
0.025635
0.013428
-0.019531
-0.010986
-0.040283
-0.041504
-0.064697
-0.089111
-0.12817
-0.091553
-0.025635
0.11719
0.11597
0.080566
0.1001
0.079346
0.010986
-0.0097656
-0.078125
-0.065918
-0.03418
-0.085449
-0.11963
-0.19287
-0.23315
-0.24292
-0.21973
-0.23926
-0.25024
-0.23438
-0.27832
-0.13672
-0.15747
-0.16113
-0.22583
-0.041504
-0.081787
0.091553
0.10254
0.097656
-0.12329
-0.13306
-0.040283
0.079346
0.11597
0.30762
-0.037842
0.083008
0.38818
0.43579
0.21973
0.048828
0.01709
-0.028076
-0.090332
-0.14282
-0.12939
-0.12329
0.050049
0.28442
0.29663
0.11963
0.26001
0.13672
0.20874
0.2356
0.26001
0.16602
-0.11353
-0.18555
-0.18555
-0.18677
-0.24292
-0.17456
-0.0048828
0.091553
0.057373
0.019531
0.065918
0.074463
0.078125
-0.14038
-0.081787
0.0012207
-0.093994
0.076904
-0.012207
0.073242
0.26123
0.2356
0.21362
0.14404
0.16846
0.10498
0.14038
0.13062
0.18677
0.16602
0.21362
-0.17822
-0.045166
0.16602
0.23071
-0.27344
-0.21851
-0.14771
0.01709
-0.35278
-0.27222
-0.15015
-0.10498
0.0048828
-0.0097656
-0.083008
-0.13184
-0.072021
-0.098877
0.070801
0.26733
0.35767
0.16602
0.0073242
0.11475
-0.13184
-0.19409
-0.38574
-0.27222
-0.18188
-0.26001
-0.25513
-0.3064
-0.11597
-0.010986
-0.015869
-0.13916
-0.15747
-0.20142
-0.014648
-0.11719
-0.0073242
0.0048828
0.0085449
0.0036621
-0.0073242
-0.0085449
-0.012207
-0.0073242
-0.021973
-0.01709
-0.015869
-0.010986
-0.0036621
-0.014648
-0.029297
-0.064697
-0.062256
-0.087891
-0.040283
-0.0024414
-0.013428
-0.05249
0.067139
0.068359
0.039063
0.030518
-0.05127
-0.12817
-0.12573
-0.13306
-0.10376
-0.1355
-0.24536
-0.25269
-0.42114
-0.46265
-0.23682
-0.28931
-0.27466
-0.10864
0.083008
0.083008
0.084229
0.064697
0.15015
0.17944
0.064697
-0.10498
-0.16357
-0.14893
-0.03418
0.036621
0.026855
0.065918
0.12085
0.10254
0.028076
0.015869
-0.047607
-0.076904
-0.19531
-0.18433
-0.18799
-0.17456
-0.19653
-0.26489
-0.12573
-0.045166
-0.098877
-0.079346
-0.075684
-0.11719
-0.15625
-0.13672
0.014648
0.12573
0.12085
0.20142
0.21729
0.20874
0.19653
0.2063
0.31372
0.30273
0.2478
0.23071
0.26245
0.38696
0.48584
0.48828
0.37354
0.25879
0.12573
0.19531
0.17944
0.18066
0.17578
0.11353
0.21118
0.20142
0.19531
0.22461
0.23804
0.27954
0.25879
0.21362
0.29419
0.25757
0.16235
-0.037842
-0.067139
0.1001
0.054932
0.039063
0.047607
0.078125
0.080566
0.081787
0.070801
-0.33325
-0.0048828
0.18555
0.11841
0.093994
-0.28564
-0.41016
-0.36011
-0.32959
-0.36377
-0.31128
-0.21973
-0.079346
-0.20752
-0.26123
-0.31616
-0.24902
-0.15381
-0.050049
0.0012207
0.070801
0.042725
0.01709
0.032959
0.072021
0.039063
0.0097656
0.021973
0.072021
0.091553
0.074463
0.05127
0.1416
0.26001
0.23071
0.072021
-0.040283
-0.064697
0
-0.063477
0.048828
-0.083008
-0.062256
0.10986
0.14526
0.16846
0.15991
0.20264
0.23926
0.090332
0.012207
0.072021
0.24902
0.29663
0.25513
0.34302
0.36011
0.24292
0.19165
0.20996
0.23438
0.23315
0.22339
0.17334
0.20386
0.23804
0.29053
0.2478
0.21606
0.19165
0.16846
0.17334
0.05127
-0.021973
0.0036621
0.015869
-0.2356
-0.26489
-0.26855
-0.32837
-0.097656
0.050049
0.11597
0.16479
0.15015
0.072021
0.031738
0.16357
0.17944
0.16357
0.20142
0.28809
0.18188
0.16479
0.34546
0.28442
0.23438
0.19653
0.17578
0.16602
0.14771
0.10132
0.080566
0.12817
0.15869
0.047607
0.063477
-0.019531
-0.091553
-0.05249
-0.026855
0.12329
0.13428
-0.11353
0.019531
0.010986
0.10254
0.13794
0.16357
0.11963
0.01709
0.1062
0.10376
0.067139
-0.01709
0.096436
0.177
0.080566
0.050049
0.081787
0.067139
-0.1123
-0.4541
-0.15137
0.092773
0.17212
0.24414
0.20996
0.27832
0.32471
0.18188
0.12451
0.14526
0.15259
0.084229
0.05249
-0.031738
-0.048828
-0.054932
-0.05127
-0.072021
-0.015869
0.0085449
0.043945
0.078125
0.23926
0.2832
0.19775
0.19287
0.11841
0.074463
0.14893
0.11963
0.11108
0.032959
0.18799
0.26978
0.27222
0.29297
0.30273
0.25146
-0.087891
-0.062256
0.014648
0.11475
0.22217
0.068359
-0.081787
-0.22705
-0.2124
-0.19409
-0.15869
-0.13184
0.0012207
-0.10254
-0.090332
-0.041504
-0.039063
0.064697
0.090332
0.10498
0.087891
0.08667
0.018311
0.036621
0.046387
0.030518
0.054932
0.042725
0.064697
0.12817
0.13672
0.14893
0.14771
0.03418
0.083008
0.11475
0.10498
0.0048828
-0.34302
-0.67139
-0.57251
-0.13062
-0.10864
0.028076
0
-0.079346
-0.11108
-0.10864
-0.12939
-0.15503
-0.15137
-0.11963
-0.076904
-0.096436
-0.29541
-0.25146
0.12573
0.11963
0.11475
-0.15381
-0.14893
0.054932
-0.1416
-0.21851
-0.13916
-0.043945
-0.1416
-0.14282
-0.032959
0.0012207
0.15503
0.18555
0.22461
0.34424
0.32593
0.20996
0.14282
0.177
0.31128
0.15991
0.1123
0.1062
-0.032959
0.067139
0.11353
0.11597
0.10132
0.08667
0.11353
0.10864
0.097656
0.028076
-0.21729
-0.27344
-0.057373
0.33325
0.55542
0.53223
0.12085
0.53833
0.41748
0.37598
0.15381
-0.29297
-0.30396
-0.18555
-0.24658
-0.32837
-0.17578
-0.25024
-0.30396
-0.087891
0.01709
-0.21973
-0.15625
-0.14893
-0.16235
-0.13672
-0.10376
-0.1123
-0.15381
-0.17822
-0.17822
-0.18311
-0.12207
-0.064697
-0.073242
-0.10864
-0.1709
-0.16113
-0.12817
-0.12451
-0.097656
0.013428
-0.029297
-0.28442
-0.2771
-0.078125
0.024414
0.013428
0.018311
0.012207
0.015869
0.029297
0.031738
0.019531
0.0073242
0.012207
0.015869
0.041504
0.03418
0.019531
0.024414
0.01709
0.0097656
0.01709
0.014648
0.013428
-0.1062
-0.05249
-0.0073242
-0.01709
-0.01709
0.063477
0.30029
0.20996
0.06958
0.0048828
-0.095215
-0.05249
-0.010986
-0.0097656
-0.026855
-0.014648
-0.0073242
-0.012207
-0.036621
0.029297
-0.087891
-0.063477
0.023193
0.023193
-0.01709
0
-0.13184
-0.074463
-0.064697
-0.029297
-0.08667
-0.080566
-0.13062
-0.042725
0.076904
0.028076
-0.023193
-0.014648
0.032959
0.0085449
0.078125
0.028076
0.048828
0.010986
0.039063
0.070801
0.064697
0.015869
0.072021
0.11597
0.095215
0.012207
-0.0085449
-0.028076
0.014648
0.013428
-0.0024414
0.076904
0.064697
0.050049
0.048828
0.0354
-0.18188
-0.20752
0.0097656
0.0036621
0.053711
0.081787
0.032959
0.1001
0.047607
-0.0048828
0.025635
-0.18433
-0.46875
-0.48462
-0.10864
-0.23071
-0.46753
-0.35767
-0.083008
0.0085449
0.042725
0.039063
0.037842
0.043945
0.041504
0.024414
-0.015869
0.0024414
-0.0024414
-0.13672
-0.32104
-0.29541
-0.28198
-0.27832
-0.24048
-0.20264
-0.19653
-0.24414
-0.093994
0.15015
0.24414
-0.083008
-0.26245
-0.68604
-0.64575
-0.48706
-0.36621
-0.38574
-0.042725
0.029297
-0.11719
-0.036621
-0.17456
-0.24658
-0.25513
-0.27466
-0.27832
-0.2478
-0.24292
-0.29541
-0.52246
-0.58594
-0.52612
-0.48462
-0.48584
-0.50903
-0.3772
0.01709
0.22827
-0.24292
-0.24658
-0.018311
0.037842
0.046387
0.040283
0.0354
0.029297
0.03418
0.048828
0.045166
0.043945
0.037842
0.015869
0.058594
0.28687
0.089111
0.30151
0.39429
0.45532
0.2771
0.27832
0.30151
0.30518
0.31372
0.33203
0.3186
0.29785
0.30029
0.27344
0.26733
0.3064
0.3064
0.27344
0.26489
0.26978
0.25635
0.26123
0.25024
0.25635
0.24414
0.16724
0.2063
0.18188
0.16846
0.0354
-0.024414
-0.05127
0.015869
0.059814
0.081787
0.081787
0.068359
0.046387
0.020752
-0.014648
-0.1062
-0.1123
-0.096436
-0.05249
-0.063477
-0.05127
-0.0085449
-0.029297
0.063477
0.12207
0.13062
0.12939
0.070801
0.27344
0.35522
0.34546
0.28931
0.26978
0.22095
-0.16479
-0.14282
-0.028076
-0.092773
0.010986
0.22339
0.18433
0.20508
0.19653
0.13062
0.084229
0.025635
0.091553
0.042725
0.037842
0.028076
0.0097656
0.039063
0.21118
-0.3125
-0.075684
-0.11597
-0.065918
0.0024414
0.10742
0.17212
0.19775
0.13062
0.10742
0.05249
-0.092773
-0.11719
-0.0085449
-0.030518
-0.031738
-0.031738
-0.083008
0.019531
0.13428
0.16724
0.15137
0.053711
-0.015869
-0.0048828
0.021973
0.041504
0
-0.095215
-0.064697
0.081787
0.029297
-0.0085449
-0.01709
0.023193
0.10254
0.045166
0.1001
0
0.023193
-0.025635
-0.078125
0.029297
0.0061035
0.12085
0.26367
0.28442
0.3772
0.35767
0.45044
0.50171
0.5127
0.45166
0.3186
0.34424
0.33813
0.26367
0.19531
0.13062
-0.087891
-0.1123
0.061035
0.2832
0.33936
0.32227
0.30884
0.17578
0.13306
-0.10986
-0.056152
0.0012207
0.12573
0.2124
0.13184
-0.058594
0.021973
0.023193
0.097656
0.083008
0.057373
0.042725
0.06958
0.067139
0.15625
0.25146
0.23682
0.28076
0.42236
0.33081
0.32471
0.23071
0.18188
0.13794
0.078125
-0.089111
-0.037842
0.041504
0.021973
0
0.045166
0.1123
0.17944
0.10254
0.10254
0.070801
0.10498
0.17822
0.177
0.20142
0.14648
0.10132
0.056152
0.16968
0.087891
0.18433
0.17334
0.13062
0.12329
0.16357
0.15015
0.15991
0.19409
0.19287
0.13794
0.090332
0.080566
0.091553
0.13916
-0.010986
-0.098877
-0.16602
-0.2124
-0.24902
-0.26978
-0.25879
-0.24292
-0.19775
-0.14038
-0.17578
-0.13672
-0.11353
-0.05249
-0.040283
-0.0354
-0.021973
0.020752
0.046387
0.056152
0.025635
0.078125
0.12695
0.11719
0.089111
0.084229
0.078125
0.028076
0.054932
0.091553
0.11108
0.095215
-0.29297
-0.16724
-0.037842
-0.014648
0.018311
0.042725
0.048828
0.048828
0.026855
-0.061035
-0.0073242
0.045166
0.059814
0.10986
0.13672
0.12695
0.14771
0.031738
0.03418
0.083008
0.05127
0.045166
-0.093994
-0.050049
0.030518
0.062256
0.083008
0.091553
0.097656
0.096436
0.10376
0.090332
0.062256
0.058594
0.064697
0.065918
0.030518
0.067139
0.089111
0.067139
0.081787
0.093994
0.029297
-0.053711
-0.043945
-0.013428
0.021973
0.05249
0.05127
0.032959
0.032959
0.063477
0.14282
0.15259
0.14648
0.12695
0.11108
0.10986
0.10254
0.092773
0.06958
0.12939
0.10254
0.098877
0.10376
0.090332
-0.0036621
-0.031738
0.012207
0.15625
0.20264
0.19531
0.17578
0.15503
0.11719
0.12329
0.1416
0.12817
0.13916
0.01709
-0.40405
-0.34424
-0.26489
-0.21484
-0.18066
-0.15137
-0.1416
-0.12329
-0.15991
-0.14893
-0.12939
-0.11353
-0.11108
-0.089111
-0.05127
-0.0354
-0.0061035
-0.0024414
0.0061035
0
0.0036621
0.010986
0.12451
0.05127
0.041504
0.053711
0.043945
0.090332
0.085449
0.13062
0.13184
0.11719
0.073242
0.061035
0.054932
0.041504
0.061035
0.079346
0.078125
0.1123
0.084229
0.13428
0.11719
0.087891
0.10254
0.067139
0.057373
0.050049
0.041504
0.0354
0.021973
0.062256
0.032959
0.050049
0.032959
0.0085449
0.010986
0.010986
-0.024414
0.0061035
0.0036621
-0.014648
-0.026855
-0.029297
-0.037842
-0.029297
-0.041504
-0.048828
-0.029297
-0.0354
-0.018311
-0.042725
-0.015869
-0.012207
0.026855
0.0073242
-0.0048828
-0.059814
-0.042725
-0.0024414
0.019531
0.010986
0.026855
0.024414
0.026855
0.067139
0.074463
0.057373
0.06958
0.042725
0.041504
0.042725
0.0097656
0.03418
0.019531
0.061035
0.085449
0.10254
0.10742
0.13306
0.12817
0.15869
0.14648
0.15259
0.19287
0.21484
0.22095
0.2124
0.17822
0.15381
0.10864
0.070801
0.053711
-0.020752
0.013428
-0.0061035
-0.13672
-0.041504
-0.023193
-0.0085449
0.12939
0.18188
0.19653
0.057373
-0.020752
-0.021973
0.040283
0.026855
-0.018311
0.0073242
0.0061035
0.021973
0.056152
0.089111
0.0085449
-0.064697
-0.13916
-0.057373
-0.12085
-0.22339
-0.15991
-0.0073242
0.01709
0.012207
0.070801
0.12329
0.024414
0.078125
0.16113
0.18799
0.18921
0.15381
0.15869
0.17944
0.056152
0.10254
0.15747
0.18555
0.11841
0.22949
0.22339
0.046387
-0.098877
-0.014648
-0.05127
-0.078125
0.18677
0.20264
0.15747
0.12573
0.14282
0.073242
0.096436
-0.028076
-0.19409
-0.1123
-0.057373
0.024414
-0.17578
-0.081787
-0.081787
-0.0012207
-0.062256
-0.10986
0.078125
0.14648
0.177
0.18677
0.21606
0.18433
0.10132
-0.037842
0.012207
0.026855
0.098877
0.065918
0.073242
0.10864
-0.097656
-0.12085
-0.13916
0.15259
0.23804
0.20386
0.23315
0.19043
0.16357
0.19409
0.37354
0.39185
0.36133
0.35034
0.33813
0.36621
0.3186
0.30151
0.28076
0.18677
0.18677
-0.15625
-0.079346
-0.16968
-0.26367
-0.14648
-0.067139
-0.0048828
0.053711
0.10254
0.025635
-0.13306
-0.024414
-0.10132
-0.16113
-0.24536
-0.18677
-0.24536
-0.18433
-0.15625
-0.17944
-0.12329
-0.16724
-0.12817
-0.067139
0.023193
0.11353
0.081787
0.14771
0.1123
0.092773
0.15991
0.19409
0.17944
0.20508
0.089111
0.11719
0.14404
0.080566
0.16479
0.11108
0.14404
0.1001
0.13062
0.12207
0.16113
0.22339
0.14404
0.1001
0.045166
-0.0048828
-0.015869
0.040283
0.11841
0.057373
0.067139
0.019531
0.043945
0.053711
0.026855
0.054932
0.14038
0.1355
0.13062
0.12451
-0.012207
-0.074463
-0.14771
-0.1062
-0.079346
-0.13794
-0.15137
-0.16724
-0.061035
-0.0024414
-0.05249
-0.12085
-0.070801
-0.059814
-0.061035
-0.041504
-0.042725
-0.05249
-0.021973
0.079346
0.18677
0.11719
0.026855
-0.058594
0.024414
0.11963
0.14038
0.12573
0.12085
0.096436
0.058594
0.0073242
0.045166
0.078125
0.040283
-0.11719
-0.16602
-0.17456
-0.15137
-0.12451
-0.12573
-0.11475
-0.091553
-0.047607
-0.026855
0.0048828
-0.021973
0.0048828
-0.014648
-0.023193
-0.0085449
-0.15015
-0.15869
-0.2063
-0.13428
0.0354
0.061035
0.024414
0.067139
-0.10742
-0.11108
-0.20386
-0.2063
-0.30884
-0.25757
-0.15503
-0.083008
-0.13428
-0.12207
-0.11597
0.072021
0.046387
0.010986
0.0085449
0.090332
0.15747
0.11108
0.12695
0.15015
0.015869
0.021973
0.076904
0.14648
0.12329
0.043945
0.057373
0.0073242
-0.080566
-0.0073242
0.068359
-0.12451
-0.22461
-0.32959
-0.25391
-0.25269
-0.36987
-0.3772
-0.33691
-0.27222
-0.14648
0.067139
0.043945
0.042725
0.012207
-0.0097656
0.020752
0.013428
-0.20142
-0.2124
-0.23071
-0.078125
-0.015869
-0.13672
-0.12817
-0.20874
-0.16846
-0.31372
-0.44434
-0.40894
-0.24536
-0.24048
-0.12939
-0.21606
-0.22217
-0.20386
-0.24536
-0.05127
-0.059814
-0.0354
-0.010986
0.050049
0.078125
-0.019531
-0.29175
-0.32837
-0.30029
-0.30762
-0.26978
-0.20752
-0.17334
-0.15747
-0.1416
-0.18188
-0.14404
-0.065918
-0.14771
-0.18311
-0.21118
-0.11597
-0.1001
0.093994
0.12207
0.1355
0.10498
0.030518
0.025635
0.056152
0.080566
0.13306
0.12573
0.13184
0.15503
0.16357
0.075684
0.042725
0.087891
0.095215
0.11719
0.092773
0.059814
0.083008
0.12939
0.06958
0.0036621
-0.023193
0.13672
0.19043
0.19409
0.16235
0.16602
0.15137
0.11841
0.062256
0.11719
0.067139
0.089111
0.056152
0.053711
0.13916
0.14038
0.050049
0.048828
0.010986
0.076904
0.06958
0.13306
0.018311
-0.053711
-0.012207
-0.014648
-0.0048828
0.13306
0.087891
0.096436
0.10986
0.081787
0.15259
0.13916
-0.0048828
-0.037842
-0.22827
-0.24902
-0.26855
-0.54443
-0.47363
-0.43579
-0.34668
-0.27832
-0.37231
-0.36987
-0.41382
-0.35156
-0.19775
-0.042725
0.026855
0.1123
0.11353
0.18555
0.15869
0.18555
0.18066
0.13794
0.11719
0.076904
0.0354
0.043945
0.024414
0.019531
0.018311
0.014648
-0.043945
0.021973
0.046387
0.023193
0.015869
0.023193
0.0036621
0.10254
0.067139
-0.03418
-0.070801
-0.032959
0.020752
0.014648
-0.12085
-0.16113
-0.20874
-0.11597
0.029297
0.10864
0.096436
0.039063
-0.10132
-0.043945
-0.013428
0.043945
0.14038
0.16357
0.16846
0.23926
0.18433
0.1709
0.16724
0.177
0.064697
-0.036621
0.0012207
0.24658
0.30151
0.32959
0.32837
0.24536
0.20142
0.084229
0.27588
0.2002
0.17578
0.19165
0.18311
0.1416
0.22217
0.17334
0.21729
0.18921
0.05127
-0.063477
-0.13428
-0.14282
-0.085449
-0.087891
-0.10986
-0.056152
-0.0061035
0.10986
0.039063
-0.12451
-0.0036621
-0.014648
0.029297
0.036621
0.059814
0.092773
0.018311
-0.03418
-0.015869
0.0085449
-0.063477
0
-0.053711
-0.10864
-0.10132
-0.0073242
0
-0.047607
-0.068359
0.0024414
-0.037842
0.0097656
0.040283
-0.015869
0.057373
-0.29297
-0.37231
-0.2478
-0.14526
-0.23071
-0.093994
0.098877
0.19531
0.17578
0.096436
0.063477
0.030518
0.068359
0.059814
-0.0012207
-0.083008
-0.20264
-0.092773
-0.056152
-0.12695
-0.040283
0.030518
-0.073242
-0.0048828
0.1062
0.16724
0.13428
0.15991
0.020752
-0.048828
-0.0354
-0.10376
-0.059814
-0.058594
-0.0061035
0.019531
-0.010986
-0.076904
-0.048828
-0.073242
-0.012207
-0.015869
-0.039063
0.041504
-0.062256
-0.17334
-0.16113
-0.13306
-0.072021
-0.18066
-0.2356
-0.21362
-0.15747
-0.16968
-0.1709
-0.16235
-0.13306
-0.18066
-0.013428
0.091553
0.2124
0.26978
0.25757
0.24048
0.13672
0.2063
0.24414
0.22095
0.29297
0.21973
0.27954
0.22461
0.22217
0.20508
0.18677
0.1416
0.12939
0.12085
0.078125
0.11841
0.11597
0.1123
0.18555
0.092773
0.15991
0.18066
0.17578
0.048828
0.041504
0.0073242
0.0012207
-0.014648
-0.018311
-0.042725
-0.11353
-0.092773
-0.050049
0.021973
0.065918
0.03418
-0.10986
-0.079346
-0.028076
-0.061035
-0.040283
-0.05249
-0.065918
-0.059814
-0.03418
-0.13794
-0.20142
-0.28442
-0.23438
-0.20508
-0.12329
-0.15015
-0.054932
-0.10742
-0.22095
-0.15137
-0.043945
0.23926
0.054932
-0.0024414
0.041504
0.087891
0.08667
0.14404
0.20874
0.24536
0.26978
0.2417
0.11353
0.056152
0.014648
-0.079346
-0.10986
-0.048828
-0.065918
-0.11597
-0.068359
-0.063477
-0.03418
-0.05249
-0.078125
-0.13306
-0.11597
-0.1416
-0.056152
-0.042725
-0.062256
-0.1123
-0.080566
0.079346
0.21484
0.028076
-0.067139
-0.11108
-0.014648
0.040283
0.2356
0.17456
0.12817
0.098877
0.10986
0.1123
0.13794
0.12817
0.12939
0.080566
0.1123
0.1062
0.13062
0.13184
0.12207
0.12939
0.12207
0.12939
0.15503
0.12939
0.177
0.20386
0.17212
0.20508
0.16724
0.16235
0.17456
0.18677
0.098877
0.059814
0.068359
0.087891
0.05249
0.056152
0.085449
0.092773
0.030518
-0.24048
-0.080566
-0.039063
-0.0354
0
-0.0061035
0.0012207
0.15747
0.28931
0.24292
0.16113
0.14648
0.16724
0.13062
0.10376
0.13428
0.14771
0.15259
0.18677
0.1416
0.16479
0.15503
0.14893
0.11353
0.1709
0.177
0.18677
0.092773
-0.0012207
0.0024414
-0.023193
0.014648
0.01709
-0.054932
0.0085449
0.025635
0.023193
0.056152
0.1062
0.13062
0.11963
0.16968
0.14893
0.177
0.14526
0.17822
0.17456
0.17822
0.23315
0.1416
0.17578
0.15015
0.11597
0.085449
0.078125
0.085449
0.058594
-0.029297
-0.0073242
-0.072021
0.012207
0.045166
-0.039063
-0.0073242
-0.062256
-0.0024414
0.014648
0.018311
0.0048828
0.048828
-0.0085449
-0.089111
-0.072021
-0.072021
-0.070801
-0.12573
-0.16357
-0.058594
-0.056152
-0.014648
0.068359
0.13306
0.1355
0.13672
0.10864
0.08667
0.1416
0.21606
0.15259
0.18677
0.11353
0.075684
0.10498
0.085449
0.026855
-0.042725
-0.053711
-0.085449
-0.083008
-0.087891
-0.019531
0.053711
0.05249
-0.0024414
-0.070801
-0.030518
-0.15015
-0.13184
-0.095215
-0.078125
-0.10742
-0.14893
-0.16602
-0.15137
-0.031738
0.030518
-0.0085449
-0.041504
-0.037842
0.18799
0.13428
0.21484
0.12573
0.068359
0.11108
0.10376
0.11841
0.043945
0.10376
0.01709
0.10742
0.045166
0.074463
0.078125
0.018311
0.0073242
0.074463
0.12573
0.070801
0.080566
0.31738
0.20996
0.089111
0.10986
0.17578
0.24292
0.26367
0.25513
0.20264
0.16235
0.15503
0.14648
0.11353
0.13306
0.15503
0.17578
0.13062
0.079346
0.10132
0.13916
0.14526
0.093994
-0.05249
-0.025635
0.0048828
-0.26733
-0.023193
0.25879
0.20142
0.2124
0.20386
0.16724
0.16724
0.13672
0.068359
0.032959
0.06958
0.039063
0.097656
0.14038
0.068359
0.070801
0.12817
0.14893
0.15381
0.13062
0.085449
0.14038
0.2478
0.20508
0.16235
0.21118
0.19775
0.25146
0.28931
0.23804
0.12817
0.076904
0.028076
0.029297
0.041504
0.1709
-0.041504
-0.020752
-0.0024414
-0.014648
0.013428
-0.0085449
0.048828
-0.043945
-0.16235
-0.14893
-0.059814
-0.039063
0.12329
0.093994
0.084229
0.045166
0.058594
0.042725
-0.19043
-0.20142
-0.15015
-0.072021
-0.10376
-0.080566
-0.087891
0.090332
-0.014648
0.046387
0.090332
0.091553
0.063477
0.15381
0.19043
0.19409
0.10132
0.0097656
0.012207
0.025635
0.019531
0.073242
0.057373
0.067139
0.093994
0.10254
0.15869
0.14526
0.19287
0.13916
0.097656
0.11963
0.14771
0.15015
0.15991
0.042725
0.053711
0.11475
0.081787
0.042725
0.042725
0.065918
0.081787
0.12817
0.058594
0.031738
0.10742
0.1001
0.17944
0.16357
0.081787
0.10864
0.046387
0.076904
0.025635
-0.080566
-0.081787
-0.1416
-0.14526
-0.10376
-0.15625
-0.1355
-0.036621
-0.047607
0.029297
0.021973
-0.030518
-0.10132
-0.10864
-0.097656
-0.057373
-0.018311
-0.068359
-0.078125
-0.039063
-0.048828
-0.012207
0.010986
0.024414
0.08667
0.081787
0.064697
0.013428
0.019531
0.084229
0.095215
0.12573
0.1062
0.12939
0.070801
0.0012207
-0.047607
-0.050049
-0.031738
-0.097656
-0.062256
-0.0097656
0.020752
0.020752
-0.020752
-0.015869
0.047607
-0.075684
0.095215
0.13428
0.12451
0.14893
0.16968
0.28076
0.26733
0.1355
0.18555
0.16479
0.19043
0.062256
0.0061035
-0.010986
-0.010986
-0.0085449
0.056152
-0.0048828
0.013428
0.0097656
0.06958
0.097656
0.10986
0.12451
0.12939
0.17578
0.17578
0.19287
0.18799
0.14526
0.058594
0.11963
0.11841
0.13794
0.13916
0.042725
0.095215
0.080566
0.020752
0.047607
0.10864
0.15991
0.041504
0.054932
0.01709
0.08667
0.057373
0.15991
0.19409
0.25757
0.18921
0.20996
-0.05127
-0.25024
-0.35767
-0.33203
-0.31616
-0.31372
-0.38696
-0.35278
-0.2063
-0.048828
-0.029297
0.074463
0.063477
0.067139
0.12939
0.14526
0.13062
0.10986
0.12085
0.11719
0.089111
0.072021
0.10986
0.12573
0.041504
-0.13428
-0.16479
0.056152
0.030518
-0.06958
-0.16357
-0.11353
0.06958
0.16724
0.24414
0.11841
0.0097656
-0.013428
-0.098877
0.11353
0.30151
0.26245
0.2356
0.1001
0.16724
0.19409
0.090332
-0.083008
-0.13062
-0.15625
-0.15259
-0.0036621
0.018311
0.043945
0.091553
0.026855
0.076904
0.062256
0.15991
0.27832
0.25513
0.21606
0.073242
0.056152
0.177
0.22217
0.092773
0.20264
0.20264
0.17456
0.12451
0.20386
0.24414
0.17822
0.12329
0.098877
0.1416
0.13062
0.061035
-0.070801
0.079346
0.087891
-0.012207
-0.070801
-0.2417
-0.061035
-0.0061035
-0.27222
-0.28442
-0.097656
-0.16968
-0.11108
-0.19409
-0.16113
0.030518
0.014648
-0.18188
-0.1123
0.01709
0.037842
0.053711
0.013428
0.028076
0.054932
0.045166
0.0012207
0.068359
0.068359
0.1355
0.089111
0.10498
0.076904
0.26245
0.22949
0.06958
-0.1062
-0.057373
0.093994
0.21729
0.25635
0.15381
0.2832
0.20386
-0.091553
-0.087891
-0.25513
-0.18433
-0.14526
-0.14893
-0.081787
-0.13672
-0.19043
-0.22827
-0.092773
0
-0.019531
0.0012207
-0.12695
-0.10986
-0.17578
-0.045166
-0.092773
0.0085449
0.079346
0.070801
0.15869
0.18188
0.16479
0.015869
0.271
0.22095
0.12207
0.053711
0.11963
0.030518
0.085449
0.085449
0.10132
0.067139
0.072021
0.037842
-0.041504
-0.021973
-0.037842
0.032959
0.045166
-0.024414
-0.28076
-0.21729
0.13428
0.48462
0.37109
0.091553
0.01709
-0.078125
-0.16602
-0.047607
-0.062256
-0.0048828
0.092773
0.021973
0.048828
0.11353
0.048828
0.073242
0.063477
0.041504
0.039063
0.13184
0.13062
0.18066
0.177
0.23804
0.048828
-0.2356
-0.271
-0.092773
0.012207
0.03418
0.054932
0.030518
0.047607
0.057373
0.058594
0.021973
0.048828
0.064697
0.08667
0.13062
0.10254
-0.0048828
-0.037842
-0.036621
-0.075684
-0.14771
-0.080566
-0.10498
-0.15381
-0.15503
-0.23071
-0.24658
-0.15991
-0.14038
-0.12939
-0.10376
-0.08667
-0.15625
-0.078125
-0.053711
0.025635
0.15259
0.22095
0.10132
0.061035
0.040283
0.0061035
0.019531
0.0036621
-0.037842
-0.089111
-0.048828
-0.05127
-0.026855
-0.041504
-0.06958
-0.054932
0
0.0097656
0.083008
0.0024414
0.018311
-0.026855
-0.026855
0
0.0048828
0.059814
0.070801
0.048828
0.062256
0.18188
0.16724
0.14648
0.10864
0.087891
0.042725
0
-0.0085449
-0.025635
-0.010986
-0.01709
-0.064697
-0.10742
-0.081787
-0.050049
-0.072021
-0.10254
-0.1355
-0.19409
-0.19531
-0.17578
-0.11963
-0.19409
-0.19287
-0.098877
0.026855
-0.020752
-0.087891
-0.12573
-0.13916
-0.1416
-0.12695
0.089111
-0.073242
-0.10742
0.042725
0.10254
0.17822
0.12939
0.019531
0.18066
0.048828
0.054932
0.067139
0.06958
-0.041504
-0.019531
-0.01709
0.014648
-0.12207
-0.31372
-0.15259
0.2124
0.28076
0.29297
0.22461
0.0097656
0.032959
0.036621
0.0073242
-0.020752
0.15991
-0.0036621
-0.13916
-0.12085
0.073242
-0.0012207
-0.25024
-0.47607
-0.36255
0
-0.12695
-0.56152
-0.51758
-0.33203
-0.15137
-0.11719
-0.14404
-0.15259
-0.23193
-0.042725
0.12817
0.18799
0.20874
0.19897
0.21484
0.27832
0.16113
0.072021
0.014648
-0.062256
0.023193
0.025635
0.177
0.085449
0.24658
0.2124
0.15747
0.13672
0.14526
0.058594
0.0036621
0.12817
-0.032959
-0.080566
-0.13794
-0.058594
0.039063
0.16602
0.17212
0.13916
0.12207
0.068359
0.093994
-0.028076
-0.084229
-0.093994
-0.13062
-0.17456
-0.18799
-0.15381
-0.12573
-0.12085
-0.12939
-0.15747
-0.13916
0.0012207
0.019531
0.01709
0.037842
0.0354
-0.0085449
-0.03418
-0.0061035
0.023193
0.0048828
0.0085449
0
0.041504
0.043945
0.1416
0.18188
0.18799
0.15747
0.11963
0.16357
0.21851
0.059814
0.10376
0.16235
0.16235
0.16968
0.16968
0.10864
0.075684
0.10498
0.13916
0.16235
0.1709
0.13672
0.10376
0.043945
-0.15381
-0.19409
-0.17212
-0.20264
-0.2478
-0.21606
-0.22095
-0.19165
-0.22217
-0.24536
-0.27588
-0.30029
-0.22705
-0.20996
-0.16602
-0.17944
-0.18066
-0.18555
-0.17944
-0.13794
-0.041504
0.050049
0.067139
0.025635
0.068359
0.10986
0.080566
0.097656
0.10986
0.16479
0.18677
0.21973
0.20996
0.18555
0.21973
0.17944
0.15381
0.10986
0.15259
0.26855
0.37598
0.39307
0.36865
0.23804
0.177
0.21729
0.23804
0.18555
0.21362
0.28442
0.33936
0.3418
0.37109
0.11963
-0.32837
-0.25879
0.15747
0.34546
0.092773
-0.039063
-0.05127
-0.043945
-0.20508
-0.11719
-0.22217
-0.34912
-0.32959
-0.3064
-0.29541
-0.21362
-0.17212
-0.31128
-0.26367
-0.26123
-0.18677
-0.076904
0.19531
0.22827
0.043945
0.043945
0.14038
0.29175
0.12329
0.11841
0.2124
0.18066
0.18555
0.17944
0.17822
0.042725
0.11841
0.16235
0.081787
-0.42725
-0.40771
-0.33081
-0.21362
-0.13794
-0.093994
-0.079346
-0.1001
-0.064697
-0.0097656
0.039063
0.061035
0.084229
0.073242
0.091553
0.05127
0.15503
-0.012207
0.10254
0.10132
0.090332
-0.013428
0.047607
0.14038
0.1709
0.18311
0.13306
0.063477
0.18433
0.34302
0.13794
0.18066
0.11108
0.080566
0.081787
0.061035
0.18921
0.27588
0.27832
0.10986
0.10254
0.15625
0.2417
0.30273
0.16113
0.22339
0.025635
0.1001
-0.10742
-0.1416
-0.085449
-0.15137
-0.42236
-0.17212
-0.093994
-0.057373
-0.031738
-0.0024414
0.080566
0.21729
0.26367
0.20142
0.15747
0.13062
0.1062
0.068359
0.036621
0.029297
0.028076
0.046387
0.037842
0.05127
0.33081
0.26611
0.1355
0.019531
0.10986
0.040283
-0.023193
-0.043945
-0.12085
0.0097656
0.089111
0.1001
0.15381
0.23193
0.2356
0.25146
0.25146
0.19043
0.23071
0.28931
0.26367
0.26245
0.16602
0.15747
0.12085
0.27954
0.15869
0.17212
0.16357
0.073242
0.026855
0.10986
0.31372
0.23804
0.36255
0.44189
0.31982
0.14648
-0.018311
-0.15503
-0.22949
-0.26123
-0.21118
-0.10986
0.030518
0.014648
-0.16968
-0.14771
0.020752
0.11597
0.16968
0.12207
0.10254
0.1355
0.063477
-0.10498
0.0354
0.10864
0.11719
0.020752
0.062256
0.12085
0.13672
0.050049
-0.0036621
0.028076
0.0048828
0.079346
0.29297
0.34302
0.35767
0.19531
0.072021
0.13062
0.28442
0.29541
0.27954
0.2356
0.14648
-0.048828
-0.059814
-0.073242
-0.13672
0.01709
0.083008
0.089111
0.11719
0.18555
0.24414
0.13062
-0.091553
0.0061035
0.11841
0.14038
0.23926
0.25513
0.33203
0.32349
0.30762
0.27954
0.27466
0.25879
0.19653
-0.29175
-0.46753
-0.38086
-0.3064
-0.23193
-0.046387
0.0354
0.010986
0.089111
0.12451
-0.24536
-0.44556
-0.28076
-0.065918
-0.20142
-0.12817
-0.039063
0.047607
-0.062256
-0.1709
-0.13062
0.15625
0.17944
-0.10864
-0.068359
0.040283
-0.0048828
0.048828
0.018311
0.16113
0.25757
0.3479
0.2124
0.21973
0.14038
0.16602
0.20386
0.18066
-0.020752
-0.024414
-0.032959
-0.040283
-0.014648
0.019531
0.031738
0.018311
0.0012207
0.032959
0.0354
0.062256
0.06958
0.054932
0.063477
0.065918
0.062256
0.05249
0.064697
0.078125
0.063477
0.05127
0.05127
0.040283
0.064697
0.074463
0.10376
0.090332
0.10864
0.095215
0.11475
0.12817
0.11963
0.063477
0.0354
-0.0024414
0.0061035
0.026855
0.040283
0.068359
0.072021
0.085449
0.024414
-0.050049
0.037842
0.064697
0.062256
0.10376
0.16724
0.15259
0.10498
0.092773
0.10498
0.13428
0.1709
0.14404
0.11597
0.11108
0.10986
0.11719
0.10986
0.072021
0.053711
0.1709
0.1355
0.057373
-0.063477
-0.021973
0.0024414
-0.043945
-0.031738
-0.047607
-0.0048828
0.12573
0.177
0.13306
0.093994
0.056152
0.059814
0.018311
-0.072021
-0.095215
-0.018311
0.046387
0.03418
0.067139
0.10864
0.059814
-0.020752
0.0073242
0.024414
0.0097656
0.043945
0.032959
0.042725
0.050049
0.050049
0.048828
0.0097656
-0.0048828
-0.012207
0.045166
0.036621
-0.080566
-0.047607
0.018311
0.0354
0.0048828
0.097656
0.15991
0.14526
0.10132
0.061035
0.048828
0.05127
0.043945
0.056152
0.042725
0.15015
0.14893
0.11353
0.070801
0.078125
0.026855
0.03418
0.031738
0.030518
0.015869
-0.040283
0.015869
0.0073242
-0.025635
-0.20386
-0.089111
-0.059814
-0.062256
-0.037842
-0.15625
-0.12329
-0.075684
-0.037842
-0.024414
-0.018311
0.062256
0.048828
0.024414
0.024414
0.018311
0.067139
0.083008
0.014648
-0.062256
-0.048828
-0.0073242
-0.026855
0.0024414
0.018311
0.010986
0.045166
0.054932
0.047607
0.05249
0.068359
0.013428
-0.013428
0.065918
0.091553
0.083008
0.024414
0.010986
0.061035
0.028076
0.030518
0.042725
0.021973
-0.0012207
0.25879
0.2124
0.22949
-0.01709
-0.074463
-0.040283
0.12085
0.1709
0.1355
0.12695
0.089111
0.10498
0.13428
0.13062
0.012207
-0.048828
-0.074463
-0.025635
-0.042725
-0.047607
-0.0097656
-0.056152
-0.021973
0.1416
0.21362
0.20264
0.17578
0.10376
0.11108
0.078125
0.057373
0.096436
0.032959
-0.076904
-0.073242
-0.068359
-0.045166
0.040283
0.10254
0.080566
0.078125
0.097656
0.13306
0.12817
0.11475
0.11963
0.092773
0.1062
0.10986
0.11108
0.095215
0.076904
0.087891
0.092773
0.081787
0.073242
0.10132
0.072021
0.031738
0.03418
0.16235
0.27954
0.23438
0.11719
0.072021
0.047607
0.032959
0.028076
0.03418
0.040283
0.0354
0.032959
0.018311
0.0097656
0.030518
0.075684
0.092773
0.16235
0.19531
0.20996
0.18555
0.12817
0.093994
0.11597
0.16724
0.17456
0.13916
0.12939
0.14404
0.11597
0.19775
0.29419
0.27222
0.2063
0.2356
0.25879
0.27466
0.2356
0.18311
0.16724
0.15503
0.11841
0.13672
0.11108
0.056152
0.029297
-0.0036621
0.036621
0.095215
0.1001
0.12207
0.1062
0.050049
-0.03418
-0.084229
-0.10254
-0.028076
0.024414
-0.0085449
-0.015869
0.05249
0.078125
0.1062
0.067139
0.079346
0.075684
0.047607
0.018311
0.019531
0.0048828
0.031738
0.037842
0.048828
0.040283
0.057373
0.070801
0.021973
0.058594
0.039063
0.0061035
0.015869
0.0061035
0.0012207
0.024414
0.045166
0.023193
0.0036621
0.031738
0.0354
0.043945
0.06958
0.10498
0.070801
0.045166
0.072021
0.11108
0.078125
0.090332
0.085449
0.12207
0.095215
0.08667
0.067139
0.072021
0.053711
0.013428
-0.1001
-0.039063
-0.026855
-0.0024414
0.028076
0.054932
0.059814
0.0024414
-0.039063
-0.020752
-0.031738
-0.010986
-0.0036621
0.020752
0.012207
0.019531
0.05127
0.023193
0.040283
0.063477
0.048828
0.040283
-0.029297
0.054932
0.11353
0.021973
-0.12573
-0.10986
-0.012207
0.0354
0.076904
0.062256
0.029297
0.078125
0.17334
0.13062
0.096436
0.074463
0.06958
0.056152
0.091553
0.26123
0.17822
0.1123
0.081787
0.067139
