380.19007
380.82991
380.50975
380.63672
379.48181
378.08241
375.55512
373.3513
371.51406
370.6878
370.57345
371.25384
372.17981
373.11231
374.48533
375.1964
376.71735
378.18258
379.96716
380.33524
379.8598
380.95926
382.82353
382.98028
381.82392
379.08664
374.52126
368.45707
360.75732
382.52137
382.68479
382.51498
382.09891
382.01678
381.81796
381.64137
381.6784
381.54523
381.07786
381.34581
381.37127
381.343
381.55801
381.5746
381.65304
381.56903
381.56317
381.62939
381.69391
381.58422
381.66023
381.9146
382.03563
382.01199
382.27859
382.45881
382.36032
382.56853
382.36252
382.29016
382.36898
382.71638
382.6795
382.82747
382.84678
382.10831
378.08824
367.27473
349.03435
322.0799
286.42792
248.25291
211.62748
179.50163
153.92903
134.53765
120.37251
111.79768
106.25539
103.87343
104.02307
104.21942
103.73403
104.62615
104.82966
106.13479
107.02717
107.97121
109.28646
110.64798
111.37156
112.05742
113.25937
113.69007
114.75809
116.51622
120.64785
126.42676
135.10635
147.68952
163.40587
183.31008
206.22008
231.53474
257.26959
282.31917
306.36948
327.64112
343.44735
355.20757
363.96323
371.51852
376.90838
379.47678
381.41736
381.71222
380.95376
380.25746
379.69749
380.96031
381.12768
381.24367
381.47564
381.79029
381.73858
381.20871
381.21116
381.36532
381.16505
381.90938
381.89677
381.58811
381.77079
381.46902
381.65033
381.5885
381.4748
381.23243
381.03258
381.57965
381.52531
381.39185
381.56696
381.28927
381.0287
381.1149
381.33855
380.98768
381.39716
381.50927
381.34483
381.48172
381.98512
381.73459
381.50164
381.30421
381.86574
381.82479
381.68106
381.97966
382.05987
381.88254
381.51515
381.73871
382.06118
381.81602
381.85154
382.14957
382.7707
383.00626
382.91615
382.83264
382.51746
383.08824
382.54819
382.44317
382.96311
382.91872
382.61749
383.05907
382.40253
382.80867
382.90346
382.53985
382.4522
382.76341
382.60666
382.73711
382.28984
382.5531
383.0559
382.52784
382.95497
382.66988
383.32463
382.99487
383.07345
382.89192
382.59644
383.17081
382.95042
383.10711
382.7019
383.12799
382.99368
382.73255
382.90909
383.00209
382.99577
383.06184
382.96646
383.17113
382.57312
382.7253
382.6235
382.42414
382.50703
381.35181
376.89516
368.05867
353.63518
334.55825
305.16091
269.47506
232.28497
196.10586
167.0399
144.02865
126.69481
115.42857
108.20534
105.95953
109.83029
113.56622
115.47976
115.74118
116.0882
116.30883
116.18579
115.82775
115.63545
115.74286
115.74731
116.55396
117.65241
119.55556
121.88348
125.0725
128.37575
131.75566
135.08791
140.09847
146.96489
157.07949
171.24115
190.64412
214.86119
244.39296
276.36011
309.40699
338.86034
359.63024
374.07229
379.18467
384.06813
387.22175
388.23194
387.3153
387.04066
386.07856
384.7093
385.41416
384.8167
384.39895
384.39064
383.93969
384.74784
384.45955
385.59193
384.36776
383.05785
383.05341
382.83781
382.79103
382.24605
382.41314
382.11442
382.41507
381.9832
382.28317
381.75706
381.30578
381.50557
381.99559
381.77371
381.92291
382.20601
382.09465
381.87969
382.1901
381.95982
382.12697
382.65649
382.57835
382.67735
382.96374
382.25332
381.95276
382.08195
381.78971
382.15484
382.03583
381.92565
382.11618
382.0199
381.99037
382.03616
382.37155
381.79221
382.25373
382.42992
382.11846
382.18592
382.54585
382.34
381.7862
382.04894
381.85746
381.77329
382.17985
381.51171
382.27571
381.94944
382.14703
381.90391
382.47039
382.31384
382.69466
383.11269
382.59641
382.97484
382.64989
382.84795
382.85181
382.93857
383.08108
382.8362
382.86734
383.07683
382.70325
382.66853
383.06492
382.79001
382.5957
382.7378
382.67271
382.92489
382.36593
382.65043
382.64706
382.21672
382.51987
382.51592
382.49625
382.67756
382.22581
382.31731
381.24242
379.55251
373.297
361.01192
344.19518
320.29138
288.22899
251.36063
216.02339
184.24983
158.79155
138.22148
124.34036
115.20765
111.12437
115.18175
120.91355
124.07924
124.11984
124.6335
125.12663
124.90961
124.96989
124.92648
125.08523
124.47502
123.44479
122.40859
122.9766
124.76935
128.8155
135.2145
143.80156
155.72351
169.37015
185.78402
204.84666
225.43663
247.11728
267.64492
287.11055
305.00719
320.59554
331.17071
340.18216
348.2719
354.66172
359.42304
364.29762
368.78115
371.35953
375.98964
377.7971
379.5044
380.03859
379.97174
380.33857
380.27103
380.16183
379.16202
379.1421
379.05128
378.71201
378.67104
378.32747
378.17698
377.973
377.89531
377.89651
378.34792
378.53887
378.49731
378.48718
378.70242
378.78407
379.30031
379.00419
379.31881
379.45761
379.76552
380.17635
380.25922
379.61814
379.4181
380.03579
379.89112
379.66956
379.93968
379.98816
379.92683
380.46187
380.66454
380.87948
380.78953
380.84952
381.4256
381.32218
380.80042
380.78534
381.16631
381.15475
381.01758
380.62187
381.06595
380.73005
380.81067
380.4
379.83991
379.3653
379.26251
378.78237
379.11147
379.16126
378.82307
378.60175
378.86439
378.44783
378.5
378.95314
378.7095
379.04585
379.0627
379.11783
379.35338
379.54527
379.48042
379.59221
379.90283
379.92354
379.68902
379.86327
379.77927
379.70777
379.79154
379.85905
380.21407
380.04757
379.83316
379.98117
380.07269
379.97409
379.94111
379.9213
380.00937
379.74658
379.84105
379.7394
379.62997
376.45047
370.46386
359.30178
342.04413
316.06054
283.34896
248.35545
216.07296
187.33409
163.05608
143.77021
128.97251
118.1495
113.88216
113.80973
115.59181
116.38013
115.70071
115.57099
115.7211
115.67698
115.62215
115.58481
116.1113
116.36962
116.89992
117.06708
117.55064
116.96787
117.04348
119.35034
123.89605
130.93074
140.47611
152.86628
166.97241
183.27681
200.75293
219.42604
239.69444
259.68448
279.10988
298.16475
313.66162
326.91022
338.03147
347.51135
355.88043
364.80024
372.844
376.68772
381.80652
383.15222
385.18079
384.18221
383.89765
384.03911
384.20022
384.13631
384.18006
383.10567
383.31153
383.21805
382.92105
383.05972
382.80341
383.18254
383.52568
383.42263
383.46138
383.63675
383.28025
383.08714
383.28512
382.70657
382.64614
382.73033
383.39516
383.10473
383.38771
383.50653
383.838
383.44896
383.38765
383.50615
383.77622
383.78308
383.67611
383.93082
383.69821
383.67843
383.91369
384.08114
384.41013
384.35597
383.60798
384.06587
383.87097
384.22166
383.72681
383.87943
383.63825
384.25665
383.591
383.08868
383.52285
383.31332
383.81585
383.46659
382.89037
383.73964
383.04752
383.00979
382.77974
382.8455
382.72461
382.96617
382.86188
383.3539
383.64601
383.09539
383.40721
383.3597
383.33057
383.19142
383.23745
383.18919
383.40232
383.29989
383.38787
383.24659
383.06178
383.23158
383.51321
383.09989
383.45501
382.85115
382.5886
382.73998
382.65292
382.46673
382.6517
382.47149
382.84532
383.13387
382.85
382.64835
382.96644
381.95536
381.31778
382.00364
379.50256
371.9723
356.19603
338.65541
310.89782
277.39621
239.35541
205.30895
175.22592
148.75456
128.03683
113.40608
104.25693
102.32091
103.58035
107.10757
109.56507
110.00733
110.63187
111.19602
111.27332
111.36603
111.48042
111.76564
111.76787
111.90653
112.32498
112.68829
112.94936
112.98305
112.86861
112.34326
113.17368
115.1029
118.73312
124.76475
132.88714
144.7575
158.74248
174.49686
191.46008
210.02108
230.02719
251.05115
273.72488
297.02265
318.83664
334.63388
345.85731
356.02253
365.84742
372.40904
377.37901
380.43972
380.66732
381.86857
382.16792
380.80083
379.84641
380.14815
380.87684
381.15738
381.7247
381.411
380.90101
381.00676
381.45413
382.13747
382.07143
382.49487
382.13935
382.60683
382.07926
381.61625
381.10767
381.16204
381.45404
381.33908
381.78711
381.75788
380.81338
381.38106
381.13218
380.75089
381.30769
381.34897
380.81124
380.91862
381.21381
381.26889
381.09524
381.28
381.12542
381.33296
381.6143
381.16703
380.48481
380.30514
380.05948
380.35941
380.14673
380.59454
380.52481
380.34267
379.75225
379.41581
379.66476
379.31512
379.50928
379.13929
378.91512
378.52638
379.01032
378.71412
378.64766
377.90555
378.13064
378.17503
378.07483
378.64238
378.23016
378.28199
378.39512
378.50551
378.17896
378.24725
377.9516
377.59417
377.97186
378.31843
378.39112
378.58644
378.8556
378.72284
378.85929
378.92123
378.76471
379.60742
379.26034
379.31943
379.38913
379.97084
379.95415
379.83607
380.04778
379.99324
379.98468
380.27681
380.41221
380.38782
380.00535
378.52922
375.82512
369.65743
358.51094
342.40788
314.967
283.12388
246.52793
211.42092
179.20579
152.61669
131.2428
114.70388
104.69585
99.959476
100.68208
103.11947
104.36682
104.50732
105.78911
108.12093
108.90659
109.24921
109.61427
109.81426
110.11182
110.10185
110.84719
111.01947
111.36895
111.46262
111.34158
110.9494
109.8224
109.13889
108.75867
109.4652
111.90855
116.29035
122.93319
131.89405
143.90415
158.64
174.23708
191.40821
210.43929
231.44816
252.94291
274.62599
296.20336
315.84294
331.33234
343.3931
352.83982
362.72569
370.56532
374.34721
377.27391
380.75848
382.02069
382.44036
382.14834
382.5066
382.5136
382.82907
382.31486
381.52005
380.61298
380.65891
381.52359
381.48339
382.25527
382.02447
382.1196
382.19429
382.35099
382.7132
382.60261
382.74134
382.92581
382.78075
382.45217
382.51683
382.96048
382.39465
382.80392
382.33073
382.35407
382.37684
382.49496
382.37359
382.03733
382.08381
381.71171
381.93559
382.1382
381.54195
381.64487
381.68799
382.15553
382.61346
381.42922
381.78013
382.0678
381.96781
382.0203
382.07455
382.08449
381.96898
382.51974
382.325
382.13961
382.7176
382.14528
382.76784
382.70763
382.37431
382.42454
382.3049
382.49143
382.37365
382.02983
382.22247
382.45335
381.78636
382.42778
382.20697
381.93596
381.8396
381.5028
381.29844
381.61761
381.84607
381.73655
382.1494
381.73189
381.87121
381.47174
381.78078
382.0582
381.58805
381.83015
382.19851
382.07627
381.89195
381.96304
381.44625
381.1873
379.94618
378.21595
373.91064
364.56795
349.51501
329.29427
296.4888
259.09704
220.55953
186.88712
156.15953
131.69714
112.72082
102.03997
98.421132
99.93223
105.1449
109.46305
112.04409
112.53937
113.18393
113.24135
112.93723
113.08055
113.1822
113.09732
113.16598
113.34783
113.43847
113.6846
113.94431
114.19158
114.79381
115.72428
116.46749
119.33027
120.70847
122.94641
125.84039
131.6937
139.04745
149.55238
162.74043
178.82392
197.57755
218.89781
241.56034
266.82418
293.85106
313.32862
332.48298
354.03357
367.80072
376.59622
383.73132
387.82989
389.07074
388.84288
388.50428
388.08419
388.19701
387.88835
388.1847
388.48912
389.06741
389.84765
389.8001
389.74818
389.89813
389.77235
389.73684
389.67568
389.76492
389.73333
389.62888
389.89214
389.54482
389.07407
389.60012
389.20913
389.01161
388.74955
388.7832
388.57046
388.771
388.58216
388.51331
388.33314
388.45731
388.36364
388.31885
388.25703
388.35432
388.27137
388.26394
388.22748
388.55155
388.03511
388.27643
388.74986
388.73539
388.71262
388.88128
388.61611
389.03229
389.30723
389.86299
389.80044
389.9571
390.12792
390.09081
389.85818
389.533
389.2018
389.20168
388.53596
388.86976
388.90945
388.55788
388.18321
387.97522
388.18135
388.09012
388.09368
388.05402
388.06632
388.00684
387.93058
388.13226
388.27435
387.83787
388.07395
387.87933
388.00287
387.84053
387.98741
388.09477
387.88539
387.82021
387.90447
387.93441
388.09688
387.93661
388.36951
388.71022
388.47314
388.5566
388.53095
388.68912
388.99357
388.74072
387.11188
383.02842
374.55723
360.72812
337.98712
307.97065
283.51327
252.08295
214.73375
184.83081
160.51122
136.69577
118.72826
105.42378
98.304587
99.637255
104.77805
110.64859
112.97091
115.28238
117.53961
118.53805
119.47143
120.29276
120.28016
120.5458
120.85235
121.13611
121.37754
121.41294
121.66635
121.35965
121.26514
121.18884
121.72165
121.15012
123.28777
126.22922
132.6233
139.35897
148.77532
160.69942
174.5444
189.9856
207.12985
225.14502
244.60336
265.24865
284.26592
303.74926
319.26693
337.41661
352.57021
363.58159
373.66538
381.10251
386.4645
388.35156
389.83422
390.77423
390.81086
390.33256
390.68565
390.29215
390.27866
390.39157
390.1356
390.58487
390.53274
390.68527
390.47213
390.54555
390.60595
390.68769
390.76817
390.97822
391.61427
391.60597
391.32598
391.83773
391.72843
391.75051
391.84197
391.58153
391.66231
391.52997
391.51217
391.28909
391.30542
391.45807
391.43924
391.4455
391.32556
391.38505
391.38171
391.51021
391.54119
391.67481
391.44543
391.47028
391.41275
391.5356
391.36521
391.54338
391.78102
391.7398
391.56366
391.72109
391.95816
391.80727
391.6874
391.89594
391.8549
391.86155
391.73463
392.34015
392.39707
392.11939
392.3293
392.12718
392.40508
392.38407
392.4551
392.76834
392.93627
393.11933
392.78717
393.05023
393.00653
393.03856
392.87424
392.80134
392.77888
392.82811
392.82319
392.76302
392.24063
392.18637
391.89155
392.11739
392.18312
392.37393
392.35885
392.58436
392.2451
392.14955
392.4679
391.07589
389.01551
384.65379
375.97864
359.97885
332.44355
304.37363
280.42105
244.11702
202.98342
174.89881
151.01158
131.07692
115.41085
105.36482
103.35632
107.89987
112.67667
114.5209
115.54747
117.91819
118.90628
118.93424
119.40756
119.75553
120.45489
121.72277
122.40141
122.70149
122.96586
123.29382
122.88867
123.11456
122.01985
122.22109
123.82592
127.57525
134.13213
144.59254
155.39823
171.09748
190.10924
211.95527
235.81408
259.92727
283.78098
303.04149
319.80464
342.27629
357.83069
367.79612
374.99108
378.62332
380.83403
381.72536
382.11526
382.08532
382.31352
382.26368
382.10124
382.55082
383.08083
384
384.65727
385.65485
386.19805
386.51503
387.17493
387.38542
387.52424
387.63959
387.75276
388.07944
388.41037
388.80261
389.15597
389.25049
389.80253
390.71036
390.98353
391.17181
391.3436
391.81885
392.20846
391.91315
392.6064
392.62989
393.53558
393.88753
393.97727
394.61383
394.41982
394.39466
394.72481
394.63546
394.7572
394.34511
394.31881
394.43591
394.29796
394.39257
394.25495
393.95759
394.05287
393.91798
393.36435
393.66465
393.47865
393.34621
393.0383
393.24051
393.28327
393.12611
392.89266
393.26318
393.07197
392.69317
392.59825
392.59541
392.56267
392.4644
392.69968
392.2821
392.28571
392.56838
392.48152
392.66313
392.00643
392.06331
392.15824
391.82547
392.1104
391.94699
392.01236
392.26352
391.90863
391.5583
391.86324
391.65992
391.73105
391.73302
391.89728
392.12175
391.68509
391.63446
391.88013
391.6728
391.64953
391.84979
392.13963
391.71584
391.85888
391.88905
391.78828
391.79934
391.91391
390.97493
387.90128
383.08096
373.9773
357.8316
331.03098
305.00361
279.06557
245.12034
211.47801
181.02102
154.07271
131.21079
109.96633
97.240166
90.055794
92.081731
100.03989
105.98138
108.58281
111.23617
111.96173
112.46841
112.01575
112.06713
112.14073
112.43182
112.78911
113.45921
113.96223
114.34856
114.89669
115.20792
115.50412
115.9071
115.90985
117.89974
123.00791
131.18254
142.45649
157.8256
177.49324
199.36446
224.27309
249.0858
275.55733
303.84653
321.68351
339.30408
358.1078
370.80568
379.2047
385.10312
389.88232
394.2089
395.56122
395.36793
394.89153
394.57165
394.49744
395.12684
394.33615
394.61759
394.2654
394.17852
394.36418
394.4669
394.44983
394.27387
394.12869
394.33449
395.00102
394.95501
394.68405
394.72585
394.72852
394.73812
394.64791
394.47135
394.76493
394.70572
394.50971
394.49784
394.20054
394.08061
394.30103
393.82446
394.0212
393.86113
393.69627
394.22264
394
394.11123
393.92013
394.18974
393.76351
393.97135
394.10591
394.029
394.07581
393.98833
394.16759
394.10064
394.20866
394.17885
394.16411
394.54077
394.3794
394.53049
394.49524
394.84736
394.56942
394.42756
394.25683
394.48075
394.30349
394.48807
394.42668
394.21679
394.43213
394.30813
394.51392
394.37043
394.57249
394.72201
394.73276
394.69482
394.37813
394.57959
394.68665
393.9644
394.17389
393.85088
393.97755
393.97898
394.41946
394.14665
394.29415
394.06304
394.02719
394.57602
393.45912
393.93078
394.45907
394.21868
394.08889
392.06466
389.4152
381.45913
367.68877
346.61633
316.42537
0
267.6
229.22687
195.59403
169.48529
148.47299
131.92355
118.70175
109.83086
107.71089
109.3414
111.95202
112.07971
113.3337
115.03091
115.72718
116.54051
116.81089
117.11609
117.54908
117.82402
118.15079
118.06492
118.15549
118.26311
117.85742
117.85934
117.98751
118.49311
120.42857
123.34564
128.86169
139.2
156.11567
176.11859
199.85243
226.27465
255.55159
288.04688
321.10811
347.24051
353.74497
372.53875
383.47744
391.72228
395.50999
395.48944
394.76756
393.9358
393.50641
393.39489
393.69296
393.76958
393.98022
393.88495
393.84472
394.6149
394.80293
394.54803
394.156
393.45324
393.2317
393.2938
393.31301
394.05266
394.44391
395.48454
395.74335
395.46708
394.97598
394.84861
394.76205
394.50802
395.17817
395.08592
394.81385
395.03735
395.11083
394.78334
394.54481
394.70284
394.69426
394.50739
394.75188
394.83633
394.37672
394.50462
394.44599
394.53432
394.63608
394.5261
394.45618
394.72949
394.44102
394.40515
394.37566
394.37585
394.68424
394.61191
394.13394
393.99235
393.98372
394.02057
394.31882
394.06913
393.6301
393.65537
393.70742
393.84717
393.4382
393.30285
393.62771
393.59969
393.19498
393.53754
393.397
393.46985
393.55104
393.43678
393.26781
393.45583
393.03956
393.20781
393.39885
393.55165
393.55859
393.22798
393.25383
393.54271
393.01639
393.10452
393.33587
393.30116
393.07592
393.34459
393.2394
393.24352
393.23237
393.14873
393.2343
393.55287
393.47849
393.59248
393.41232
393.26564
394.15896
393.92616
389.94036
383.51841
370.24069
350.87452
317.65603
296.04545
268.92
227.76322
191.66102
164.14371
141.97885
123.22746
109.06494
102.22492
103.02532
108.94513
113.40446
114.45253
115.30044
116.50484
116.47648
116.50572
116.68368
116.82994
117.0566
117.0728
117.01538
117.09889
116.94616
116.98325
117.45552
118.01134
119.21749
121.26007
125.66335
133.65457
144.51798
158.17218
173.12589
187.62646
203.42222
220.67489
238.21207
254.93577
271.45827
288.80466
304.09478
316.31263
330.57045
343.38282
355.7566
365.30527
372.48438
379.65533
384.93533
388.0497
389.42971
389.6146
389.92219
389.92319
390.17168
390.36213
390.05835
390.2158
390.09976
390.05186
390.23755
390.07992
390.33754
390.174
390.19592
390.62987
390.94669
390.78665
390.68034
391.19801
391.02395
391.03796
391.11355
391.04797
391.41658
391.75472
392.03666
391.91169
391.70745
391.81557
391.96418
392.00247
392.18659
392.18769
392.18255
392.0212
392.1788
391.84945
392.02618
392.14507
392.06694
392.11133
392.17552
392.23073
392.12363
392.15507
392.20659
392.28365
392.06594
392.39244
392.20658
392.2467
392.40516
392.44658
392.75976
392.8492
392.3995
392.84381
392.75996
392.891
392.85758
392.74555
392.75308
392.65119
392.64648
392.58929
392.45589
392.71582
392.51302
392.63347
392.2454
392.45692
392.19045
392.39522
393.00743
392.93127
392.86259
392.87342
392.95364
393.007
392.91861
393.04499
393.2006
392.96379
393.19089
393.16372
393.09096
393.20256
392.90563
392.93852
392.96789
392.99647
392.46845
390.72648
388.01215
381.2767
370.90625
358.15
321.33333
0
0
234.93284
195.96215
168.09629
149.11125
131.22604
113.98961
105.78008
101.3777
102.6139
104.82173
105.03292
105.02503
106.36585
107.16152
107.84718
108.94557
109.73843
110.09242
110.43826
110.51558
110.58665
110.60423
110.55334
110.57864
110.87325
111.35
112.06025
114.09539
117.58377
122.82701
132.07995
143.48694
158.02314
176.1057
196.07072
217.80228
241.19283
266.25806
290.07407
314.192
331.46039
344.71596
355.82097
368.61955
374.82179
382.06783
386.60632
389.28319
390.15987
390.89336
391.31469
391.03048
390.69788
390.65619
391.08389
391.00479
390.92402
391.07792
391.30522
391.018
391.33201
391.21731
391.51335
391.43056
391.29412
391.4908
391.44712
391.76759
391.53559
391.98166
392.24595
391.82402
391.9004
391.48538
391.74092
391.78952
391.74674
391.80447
391.5859
391.79666
392.0465
391.90005
391.89248
392.02906
391.9418
392.22794
392.10128
391.96256
391.81435
392.04673
391.83738
392.27207
392.01202
392.14073
392.06991
392.39389
392.35575
392.02606
391.88912
391.75306
391.98878
391.64533
391.54964
391.61778
391.74097
391.8356
391.85083
392.19789
391.94863
392.05414
391.94052
391.92893
392.2422
391.69767
392.33182
392.12456
392.23298
392.38117
392.27011
392.26184
392.04511
392.21498
392.24233
392.10529
392.12557
392.19433
392.51766
392.10409
392.46308
392.50922
392.50702
392.29595
392.00343
392.34465
392.58782
392.53741
392.58317
392.54217
392.24112
392.49389
392.85431
392.74734
391.69254
389.02723
381.82854
370.00617
352.3029
316.05526
296.36486
272.1875
243.80328
208.00441
182.15982
157.21897
138.04658
119.0706
107.40508
99.981156
99.971322
104.00707
107.99441
109.30254
110.99896
112.57943
113.46674
113.96074
114.57308
114.93626
115.49128
116.35288
116.78187
117.1444
118.06471
118.4685
118.35398
118.51147
119.09674
119.21042
119.01848
120.47764
122.64671
126.41247
134.32396
145.64203
159.27038
176.32687
195.22186
217.30273
240.87017
266.46693
295.872
311.53614
339.64737
350.6582
363.03896
375.01903
382.78992
388.96884
390.83015
391.10612
390.30062
390.07586
390.34124
390.50643
390.46397
390.44011
390.93768
391.04762
390.81469
390.9501
390.89076
390.78837
390.97469
391.00353
391.10969
390.78995
390.72928
390.8085
391.12106
391.18283
391.37059
391.56387
391.77517
391.57228
391.58631
391.7747
391.68512
391.68775
391.37077
391.65996
391.68928
391.5383
391.66441
391.568
391.92624
391.61408
391.92559
392.14542
392.15137
392.04707
392.08576
391.87566
391.81632
391.94006
391.91334
391.97354
391.88889
392.03158
391.909
392.03723
392.06355
392.01005
392.14369
392.19958
392.32029
392.22685
392.07237
392.03259
391.78568
392.12448
392.37583
391.98961
392.0692
392.24883
392.28377
392.46547
392.48072
392.29219
392.65962
392.42561
392.4164
392.53214
391.91249
392.28718
392.06509
392.45498
392.37208
391.18126
391.51195
391.57411
391.44679
391.45958
391.57965
391.58519
391.79922
391.84218
391.84771
391.81308
392.15122
392.22557
391.69215
389.97242
387.84985
382.09425
370.51046
355.83685
319.576
0
0
240.37681
199.95734
169.36341
143.65164
123.60211
108.45566
98.288889
96.960843
99.383657
106.56057
111.11213
113.33848
116.27057
118.22854
118.27974
118.5122
118.39191
117.76992
118.10419
117.68243
117.58405
118.075
117.69444
117.52913
118.10308
118.40287
118.47059
118.30535
118.88352
119.80931
122.72628
127.01158
133.31332
140.27616
150.12029
163.39775
178.57702
197.28571
220.13346
242.47689
266.36131
296.64
318.18992
332.14212
351.71152
366.48201
377.31076
384.70139
388.11276
388.35056
387.12477
386.36543
387.28489
387.56861
388.29285
388.5952
389.7156
389.48851
389.80544
389.70275
389.73599
389.64746
389.63561
389.70949
389.5167
389.6274
389.25418
389.55162
389.26349
389.28961
389.59968
389.39269
389.71305
389.96851
389.79892
389.97984
389.71047
389.89365
389.92676
389.68908
389.62149
390.17931
389.78322
389.74004
389.85699
389.85494
389.68494
389.5111
389.42903
389.80635
389.56684
389.32701
389.21324
389.4375
389.07484
388.79175
389.13717
389.21524
389.32292
389.63994
389.49949
389.62506
389.848
389.62506
389.78411
390.32562
390.33944
390.53879
390.64383
390.49083
390.69995
390.85106
390.6756
390.61945
390.55954
390.47534
390.7508
390.84868
390.96883
390.80337
390.75304
391.03808
391.14005
390.9037
390.91454
390.93344
391.04391
391.1556
391.36056
391.38828
391.28166
391.3309
391.04982
391.02557
391.08454
391.17668
391.03975
391.03156
391.20187
391.0649
390.98382
390.9401
389.57704
385.50923
379.3919
367.91212
348.57421
317.35754
0
275.125
238.08537
206.25249
176.92944
154.04404
133.41657
118.20049
105.8575
98.298507
94.991429
99.272308
103.39509
107.43105
109.66924
113.20675
115.5627
116.76215
118.43215
118.83659
118.82425
118.17283
117.30523
117.40098
116.85248
116.14286
116.15526
116.24151
116.46108
116.48527
116.89922
117.35941
118.34845
119.18348
120.46493
123.20784
128.30728
134.91858
144.06619
156.17714
172.46512
191.31208
212.29635
236.03901
260.79093
285.90244
309.53681
325.25783
343.30746
360.43639
372.83532
382.52514
388.22748
391.13892
392.05412
391.60479
391.70382
390.99367
392.09587
391.95087
392.23333
392.59552
393.0555
392.40168
392.67107
392.75782
392.73869
393.06775
392.98883
393.17434
393.16032
393.09049
392.92122
392.97823
392.34494
392.62587
392.84594
392.94003
392.64183
392.31771
392.3891
392.02453
392.44668
392.47632
392.26607
392.24842
391.97209
392.11449
392.29995
392.08714
392.21741
392.07312
392.26799
392.12126
392.37223
392.10287
392.30686
392.17998
392.22811
392.27491
392.23214
391.92698
392.72412
392.66934
392.63554
392.80285
392.78997
392.55521
392.33264
392.6069
392.57906
392.52296
392.44503
392.48202
392.41951
392.819
392.75211
392.72956
392.61413
392.7644
392.54685
392.81611
392.71588
392.70763
392.93981
392.67252
392.74557
392.87566
392.47197
392.5839
392.74608
392.65949
392.76955
392.8843
392.91797
392.9226
392.50179
392.7425
392.82532
392.83532
393.35777
393.53542
393.27197
393.22061
392.24462
389.3511
385.82491
378.69676
365.63058
351.20761
323.24022
301.29808
275.57143
245.79661
203.48301
174.53665
149.78305
131.14365
114.33242
101.35232
94.241033
93.898045
98.348331
104.60252
108.32397
111.28139
114.56897
116.50655
117.5188
117.93506
118.02694
117.6947
117.30131
116.58943
116.16275
115.93774
115.95419
116.69878
117.3258
117.4985
119.12236
120.12829
123.76185
130.26777
139.96614
153.13695
168.50123
187.90741
209.04553
230.81365
254.74877
278.70679
305.32296
330.95635
342.74055
357.77089
369.27033
379.25171
387.88644
390.30043
390.60818
389.28304
389.46741
389.97985
390.69669
391.24435
391.81755
392.00535
392.58103
393.57829
393.38327
393.4556
393.5956
393.82097
393.95778
394.27113
394.44229
394.12027
393.98883
394.09304
393.83741
393.67701
393.01457
393.17915
393.08736
393.2388
393.33462
393.17508
393.43695
393.32849
392.61028
392.44818
392.34549
392.24477
391.6919
391.8583
391.86011
391.54341
391.36754
391.37446
391.43563
391.53776
391.53428
391.64011
391.60578
391.61837
391.59847
391.74408
391.71884
391.82209
391.87337
391.67098
391.83199
391.94483
391.67595
391.93622
391.6074
392.00868
391.95769
391.86659
391.69231
392.0616
392.36742
392.14354
392.09846
392.90253
392.77604
392.83591
392.57916
392.65885
392.84135
392.82448
392.9659
392.90304
392.8579
392.63487
392.50318
392.39789
392.40768
392.23725
392.38462
392.18134
392.19153
392.09226
392.10278
392.2759
391.73764
391.89697
391.77125
391.42534
391.35574
391.67173
391.41544
391.39858
390.95469
391.12781
391.04736
388.92729
384.12596
376.86054
362.72134
337.55497
309.37966
0
257.83333
211.17844
177.78418
153.32313
128.60179
111.54457
96.969372
87.551786
84.031193
87.375224
93.792683
101.45711
105.65957
109.36932
112.9469
113.63447
113.99013
114.72926
114.54795
114.52836
114.7479
114.49221
114.92695
115.65364
115.92842
116.18704
116.61134
116.46878
116.92146
118.15875
120.43918
125.32133
132.56622
143.3794
156.46015
173.29036
193.20433
216.1919
240.55512
267.45148
298.86364
320.35526
343.33459
356.20708
372.19182
383.10786
390.14329
391.28473
390.18074
389.37951
390.06714
391.01957
392.14168
393.68823
393.80688
394.20973
394.02881
394.55139
394.08873
393.99432
393.93699
393.861
394.35172
394.18144
394.62409
394.72518
394.77841
394.76747
394.87824
395.08734
395.11625
395.15175
395.29195
395.1107
395.07827
394.95618
394.69673
394.73496
394.87557
395.02528
395.22053
395.03893
394.93884
394.72199
394.98542
394.98403
395.03304
395.07294
395.38287
395.43639
395.13646
395.42344
395.53634
395.39082
395.61456
395.78672
395.72589
395.64581
395.71734
395.81026
395.7869
395.59081
395.79549
395.98212
395.66612
395.33846
395.67433
395.4274
395.72872
395.74596
395.35537
395.61274
395.61035
395.51058
395.46634
395.46217
395.55347
395.73999
395.59901
395.76079
395.62465
395.73579
395.80334
395.73549
395.51507
395.29189
395.3957
395.48438
395.41721
395.43989
395.3227
395.29134
395.33297
395.0757
395.1643
395.20398
395.29918
394.75177
394.80626
394.90884
394.82606
395.05054
394.89365
394.58134
392.71421
387.21518
379.99844
366.3313
344.4907
312.80036
289.50459
252.6124
212.08312
180.03195
155.63991
132.74478
115.02729
97.539286
88.884083
87.941068
91.24159
100.2081
106.40525
109.97467
114.1513
116.49071
118.07946
118.57071
118.96209
118.69145
118.70734
118.78478
119.04378
118.94466
119.43438
119.82649
119.69247
119.89896
119.05325
117.88654
117.62132
118.22412
121.40442
129.51213
139.00986
152.56685
167.89416
187.5026
210.96812
236.10586
262.09319
290.91133
311.28678
329.34615
350.62038
366.16011
377.97093
385.66472
388.06486
387.90457
387.45913
387.40654
388.12678
387.91042
388.40124
388.62372
388.81742
388.38138
388.67848
388.52887
388.48191
388.59765
388.14109
387.76562
387.82211
387.44268
387.21214
387.31481
387.41566
387.67879
387.76548
387.9489
387.90119
387.91817
388.04671
388.26044
388.13903
388.31813
388.66923
388.48289
388.44414
388.16503
388.32595
388.27864
388.28887
388.27468
388.0162
388.20366
388.27555
388.35344
388.15058
388.10338
388.08995
388.21338
388.03937
388.00429
387.68659
387.6505
387.73126
387.69342
387.6058
387.29437
387.57933
387.7617
388.06795
388.34424
388.57856
388.59347
388.3614
388.55904
388.61268
388.84721
388.88801
388.95847
388.99785
388.94441
388.82695
388.87561
388.87602
388.95199
389.01805
388.84389
389.19369
388.75217
388.93747
388.90603
388.98469
389.22134
389.28662
389.05808
389.19005
389.10915
389.00569
389.21554
389.12416
389.21833
389.24067
389.20958
389.14384
388.79872
386.5016
381.30473
374.47828
359.25844
334.39936
305.13187
278.84066
248.75093
214.61468
184.38128
161.82703
140.61566
122.92603
108.30602
96.758621
89.277372
88.692964
94.790625
101.55432
105.52626
108.1423
109.9544
110.86159
111.08851
112.00414
112.50557
113.63608
114.54723
114.75386
114.99899
115.24239
115.57022
115.34298
115.32778
115.05468
114.86242
114.74974
114.54928
115.33263
117.17647
121.26102
126.95932
137.14874
150.02315
166.22941
185.77254
207.90656
232.05085
257.73939
283.21925
309.77209
324.80978
341.14254
357.03502
368.24094
376.69104
382.65465
385.61675
385.74168
386.12448
386.46916
386.7234
386.85105
387.12965
387.128
386.91478
387.13254
387.26332
387.47554
387.60263
387.94235
388.58317
389.32527
389.8686
390.45787
390.94395
391.50164
391.30028
391.83308
391.71298
392.25954
392.49906
392.98425
393.32786
391.44193
391.3816
390.64341
390.68079
390.50731
390.55097
391.0643
390.68753
390.38512
389.69864
389.14396
388.72412
388.75935
389.08537
388.98827
389.14515
389.19723
389.09748
388.89967
388.77933
388.66442
389.1404
389.03307
388.88945
388.8322
389.11824
388.97864
389.24861
389.20578
389.09635
389.07892
389.24449
388.92136
388.87054
388.97702
388.93802
389.26663
389.07171
389.29077
389.33389
389.13542
389.27222
389.23051
389.22829
389.43785
389.51359
389.53179
389.62541
389.62686
389.63288
389.59525
389.51907
389.46964
389.74572
389.62514
389.88969
390.04118
389.936
389.92252
389.96078
389.95017
389.89911
388.66089
384.65419
377.77252
370.08155
362.18378
352.42727
347.78876
346.63006
347.20386
346.97041
347.26601
347.06326
345.28438
337.41882
321.33382
298.67034
272.61629
246.77273
221.44054
196.39834
173.76017
153.28153
136.06246
126.37427
121.94341
123.60532
124.6109
124.9329
125.54453
125.71031
125.88623
125.98039
126.06522
126.19624
126.12182
126.03341
126.33514
126.69685
127.04453
127.43593
127.58315
127.74918
127.70689
127.61474
127.72099
127.88692
127.78893
127.54855
126.77087
127.09936
128.46247
131.63603
136.85723
145.31442
156.30268
168.82263
182.82711
198.24957
215.50155
235.11701
250.41265
261.29212
272.17869
280.17897
287.97204
294.73775
301.88999
308.70903
316.1395
322.20407
328.11371
333.25745
337.7405
340.19962
340.98883
340.70884
338.31552
335.28888
331.46036
328.005
325.58956
325.51113
329.03643
335.31191
344.52154
353.60606
362.25563
370.69968
376.96344
382.10609
385.98216
388.56352
390.06516
390.37905
390.55118
390.7625
391.0562
390.69004
390.27747
390.53866
390.52944
390.63453
390.47699
390.56468
390.4377
389.92752
389.98213
390.17873
390.27751
390.12418
389.91763
389.89179
390.23707
389.93743
390.07422
390.045
390.10314
389.97778
390.15389
389.93442
390.05587
390.25152
390.41592
390.36168
390.19889
390.25181
390.31998
390.27202
390.18147
390.26874
390.4626
390.06177
390.30718
390.21968
390.30234
390.39224
390.12029
390.05741
390.01061
389.7736
389.78139
390.11521
389.93448
390.05997
390.125
389.93541
390.16915
390.07385
390.34377
390.28981
389.66867
386.79812
381.87854
373.0695
364.51083
355.2963
348.85223
347.33748
348.55716
348.6635
349.28423
348.2056
346.39091
339.328
324.88802
306.06087
283.39498
261.69577
239.99539
217.52856
194.21398
171.55201
151.95362
138.42135
130.62571
129.16385
130.76821
131.36774
131.5866
133.04283
133.86218
132.82618
133.57397
133.58937
132.81473
133
132.38622
132.20158
132.74804
132.97191
132.71597
132.22623
132.79898
132.98314
133.4079
134.05666
133.8614
133.95702
134.34153
133.97495
135.08384
135.21444
134.84964
135.6608
137.44476
140.39941
146.49403
153.78931
162.84773
173.46527
186.55825
201.60319
217.91533
236.52366
250.86785
262.83286
273.74586
283.71754
291.94595
299.79071
307.28367
313.31679
320.61604
326.48477
331.74611
335.41708
337.20429
337.55825
336.76945
335.5185
331.8026
327.41165
322.79845
320.75338
321.27055
325.56055
332.90289
343.63592
356.36722
367.07352
375.64652
382.84591
387.67148
391.44105
392.83764
393.28274
393.31592
393.4766
393.15409
392.57097
392.60011
392.92287
392.57334
392.43033
392.08437
391.87349
391.78866
391.9483
392.1087
392.03493
392.10884
392.53469
392.28056
392.28458
392.33652
392.24577
392.19633
392.16937
392.23333
392.43048
392.13926
391.98776
392.03998
391.95249
391.59208
391.6442
391.94818
391.67522
391.50306
391.6663
391.7659
391.64126
391.62019
391.53086
391.47383
391.50112
391.73906
391.3324
391.45306
391.30073
391.13951
390.98279
390.9553
390.81222
391.00883
390.80806
390.76702
390.70358
390.97444
390.16829
386.03566
379.66308
371.11817
362.3649
352.73553
347.3004
346.20141
347.45716
349.31388
350.9898
351.118
349.99693
345.84802
337.88121
322.36781
301.05993
276.83664
254.04016
229.62168
205.27891
181.91708
161.14224
143.47464
131.60767
125.09499
124.85907
126.58732
127.7429
127.64002
128.93233
130.70426
131.99715
133.04709
132.97754
134.08402
134.00386
133.25042
132.88667
132.47896
131.86959
131.07267
130.60853
129.85832
130.27141
129.86983
129.2373
129.33296
130.82007
133.23967
138.65272
144.966
153.12954
162.8926
174.3813
187.04909
200.31262
214.14847
226.76848
240.07038
252.02888
261.85878
270.44275
278.36364
286.15131
293.47211
301.87976
309.65146
318.53187
325.92425
331.95576
335.33559
336.10984
335.80475
333.26644
330.68868
327.17212
323.40756
321.81614
322.27427
326.44012
332.73268
341.0059
351.05722
359.83483
368.55826
376.18206
381.75924
386.72727
390.33606
391.62014
391.52419
391.6774
390.89494
390.57348
390.56608
390.98922
390.45484
390.28933
389.18853
388.17578
387.61457
386.84886
386.84025
386.96393
386.88669
387.31019
387.32839
387.48606
387.49972
387.53842
387.6271
387.65316
387.53277
387.72473
387.95728
387.85835
387.8991
387.7945
387.85248
387.92045
387.70533
387.75055
387.68729
387.63345
387.69949
387.80734
387.70118
387.58366
387.64785
387.7911
387.79183
387.7568
387.74717
387.89276
388.03816
388.00737
387.93221
388.03051
388.17384
388.15337
388.36548
388.20273
388.26181
388.22096
388.08753
388.12471
388.15288
388.13189
388.17507
388.12549
387.17369
381.9522
374.37257
365.34127
356.92647
349.59879
346.06923
346.27455
347.93165
349.80345
349.57984
347.8775
342.66298
332.82974
316.56324
293.92979
267.63988
242.79244
218.21237
194.1321
171.08079
150.75742
134.91814
123.24888
118.04105
118.29516
121.4848
124.27824
124.06863
125.81173
127.00746
128.76976
129.79021
130.83636
132.03426
130.97474
131.18275
130.91297
131.00323
132.0341
131.00754
131.75187
131.59328
133.21811
133.48138
133.37695
133.62261
133.63763
133.66612
133.71789
137.32143
142.47343
149.84524
159.39402
172.42661
185.35661
199.93885
214.74799
231.94853
249.45826
262.3984
272.42481
280.63479
288.11896
294.27608
300.6802
307.42141
313.60652
320.76038
327.58803
335.21893
337.47244
337.72876
335.59403
331.86726
328.24612
325.84476
325.40059
328.50918
334.45086
343.23362
352.06708
361.79152
370.17761
376.57574
381.42145
385.9011
389.67167
391.82287
392.33368
391.68594
390.75054
390.59495
390.51
390.61419
390.43251
390.47554
389.59083
389.1113
388.54067
388.09532
388.10024
388.08134
388.20878
388.09226
388.34947
388.26002
388.44555
388.48999
388.47166
388.48481
388.35752
388.34342
388.47541
388.44956
388.46414
388.6064
388.81671
388.85192
388.87701
388.75362
388.59871
388.67557
388.77758
388.66725
388.51462
388.595
388.48487
388.51076
388.338
388.21433
388.27922
388.33372
388.0889
388.10805
387.98964
387.91993
388.07984
387.57886
387.81072
387.75486
387.68153
387.7695
387.85077
387.87308
388.05929
387.94879
387.89226
387.87493
387.61365
385.91986
380.70798
373.94266
365.42414
357.73194
352.66022
350.84203
350.06561
349.96359
350.18638
348.1518
343.16799
334.55267
319.52041
300.72021
277.38433
256.43111
233.65952
213.49531
192.18958
173.11015
156.41662
144.09195
136.63845
134.38962
135.95925
137.29202
137.71222
138.6767
140.28815
140.24634
140.37356
140.08497
139.82971
139.28931
138.84142
138.75957
138.66822
138.65393
138.77127
138.80927
139.48485
140.32682
141.7335
142.75896
144.62506
147.06101
149.62865
153.51149
156.33054
160.1287
163.55706
168.06656
170.79085
174.93501
179.33409
184.0519
189.58294
196.28906
204.3444
211.98852
221.96997
235.72022
247.42165
259.16574
268.48295
279.22309
288.78212
296.43219
304.47979
312.50392
320.09588
324.62238
328.7048
330.66584
329.302
328.80854
327.70526
325.71925
324.94456
325.455
329.08653
334.36197
342.15731
350.66432
359.43147
366.50561
373.00876
379.10772
382.99896
386.11334
387.81686
388.34226
388.8784
388.63086
388.54848
388.38288
388.60586
388.56732
388.28166
388.21245
388.27314
388.10566
388.03536
388.06928
388.09931
387.87947
388.03835
387.91121
387.71193
387.67984
387.6209
387.46089
387.54775
387.26104
387.20336
387.20775
387.17342
386.85204
387.07549
387.11067
386.89792
387.26757
387.26274
387.27252
387.51481
387.3212
387.256
387.43062
387.52841
387.38501
387.41481
387.28392
387.32273
387.53416
387.34526
387.24468
387.24165
387.40406
387.43486
387.3322
387.55133
387.31774
387.52719
387.4547
387.48398
387.6007
387.63869
387.63216
387.46949
387.30636
385.23345
381.44637
375.72482
368.54554
360.76532
355.10754
352.72239
352.31561
352.45506
350.56893
346.9777
343.50219
342.86425
342.97107
342.49117
337.52199
325.48936
308.0091
284.46676
261.37686
238.46192
215.80264
193.72295
173.00449
155.05944
139.4159
129.57734
124.13001
125.82899
130.2492
135.53088
135.65692
137.5734
138.74691
139.62096
139.75864
139.37694
138.46652
137.36757
136.37465
135.53019
134.83611
134.35271
134.20394
133.88133
133.58296
133.07316
133.03255
132.80942
133.04953
133.07878
132.78256
132.52186
132.70729
132.54686
133.60011
135.63739
138.94377
143.18421
150.68707
157.70563
167.83225
177.59051
188.97632
201.60915
215.11634
228.24843
240.7397
252.54138
261.654
270.58201
278.26975
285.42553
291.21668
296.61476
303.95684
310.32907
317.03883
324.49161
329.93064
334.76941
337.71123
338.89886
338.46137
337.06714
334.83904
331.84
329.92115
329.16626
329.82794
333.48779
339.39751
345.44706
351.64189
357.33855
363.20557
368.76624
374.34897
379.00195
382.3845
384.90891
386.03958
386.3014
386.51132
386.81587
386.26955
386.31427
386.10135
386.14376
386.15933
386.18148
386.3766
386.32749
386.37687
386.38739
386.53537
386.54738
386.69883
386.32596
386.48439
386.68514
386.6099
386.47924
386.80199
386.89066
386.60519
386.66437
386.6248
386.76448
386.46825
386.80892
386.95215
387.33208
387.02542
387.04621
386.86898
386.5179
386.07559
385.87568
385.78568
385.70836
385.69553
385.74098
385.61821
386.09597
385.94728
386.02275
386.06122
386.2381
386.08994
385.03014
382.3878
377.50203
371.50278
366.49128
361.01183
356.41439
353.03601
352.56708
350.77557
350.20806
349.28497
348.48497
348.11088
344.27095
340.2697
331.31194
315.42123
295.63789
273.34143
251.92113
229.1254
207.67003
188.01601
169.4663
153.4386
140.77329
131.52009
126.60916
126.9056
129.86565
131.69637
132.48704
133.86237
134.23451
134.9635
135.13068
135.72722
135.51117
135.01877
134.68289
134.35046
133.7163
133.68501
133.68149
132.44321
132.01445
130.89133
130.81888
130.48412
130.88359
130.65798
130.74443
130.45714
131.53367
133.89202
138.86585
146.83181
158.41822
171.02578
184.23525
201.94992
219.65276
240.961
255.39308
269.37676
282.21348
292.67465
302.05477
310.38623
317.38733
323.75883
330.02759
335.1401
338.49179
340.74753
341.07783
340.81304
339.32488
337.61396
335.3654
333.13719
332.36729
333.0618
336.61733
342.40042
349.5242
355.61932
361.76702
367.89492
373.06771
378.29805
382.26433
385.08693
385.58879
385.78148
385.62816
385.48879
385.24052
384.94465
384.52373
383.52059
382.50683
381.49677
380.27868
379.67233
379.1848
379.54501
379.42748
379.28839
379.26431
379.31561
379.59675
379.69235
379.85407
379.98703
380.14294
380.30696
380.44936
380.76693
380.92588
381.18331
381.39373
382.24308
382.58432
382.82097
383.13959
383.11397
383.52611
383.19118
383.75197
383.97025
383.97109
384.0418
384.15671
384.21111
384.533
384.31209
384.40087
384.73753
384.62715
384.7711
384.69133
384.82231
384.88048
384.81551
384.9653
384.92025
384.72358
383.06803
378.20877
371.39517
364.19145
356.46032
350.89683
349.05984
349.84448
350.85264
352.29502
351.83387
351.15275
349.68434
345.26847
336.80709
323.65517
305.63158
283.1044
259.9549
236.58344
214.38214
192.8678
172.46477
154.58012
140.49904
130.63437
125.50464
125.04459
127.02384
128.43074
129.57622
130.635
132.3891
132.79814
133.43618
134.14499
134.087
133.12832
132.42239
131.66576
130.56729
130.58072
130.72717
130.44258
130.42532
130.7355
132.42665
132.4468
132.78132
132.48128
133.19902
133.06492
133.93985
135.74456
140.45299
147.48712
156.72512
168.36999
181.39069
194.84016
209.64817
224.64493
239.97586
252.02823
262.26424
270.93879
280.21625
288.81169
297.83537
307.08092
315.95047
323.53641
330.86579
336.35575
340.19448
341.20947
340.74575
339.18015
336.78368
334.73992
332.98478
332.12918
332.00816
333.99693
339.36495
346.09013
353.72718
361.12543
367.88979
372.92267
376.90404
380.09739
382.78564
384.06973
385.02669
385.27211
385.43532
385.25965
384.40785
384.39352
384.14792
383.99448
383.96563
383.74064
383.39347
383.44617
383.26131
383.36999
383.33983
383.137
382.93014
382.99286
382.84326
382.79675
382.74743
383.09189
383.46053
384.01415
384.0749
383.9545
383.76962
384.10397
383.87706
384.09598
384.0673
383.97541
384.00891
384.27996
384.44176
384.29521
384.34854
384.46756
384.48986
384.39519
384.44203
384.60133
384.47023
384.49668
384.42747
384.42518
384.48417
384.51191
384.84354
384.86138
385.05304
384.80886
385.02872
385.06961
384.9325
384.97434
385.07928
384.55693
382.02965
376.40223
368.7231
359.88768
350.92665
345.62317
344.15322
345.836
348.34945
349.64526
350.28537
349.18773
344.84904
335.60144
322.31158
304.57359
282.17635
258.03426
231.18077
205.72615
183.03922
163.09897
144.95248
131.46687
121.66363
118.28286
120.83863
124.87713
126.62421
127.72111
129.51676
130.58392
131.2476
131.60127
131.76939
131.79253
131.66524
131.64495
131.37172
131.2074
131.04847
131.1407
131.17115
131.31534
131.72742
131.96596
133.16416
132.98793
133.41027
134.03269
134.7355
134.72524
134.56383
134.95921
136.68665
138.55383
143.96875
150.80912
158.8475
168.89764
179.66893
192.36948
206.37035
222.10018
237.30127
250.26973
262.74245
273.1726
282.69753
290.28408
299.69863
306.97531
314.65815
321.12219
326.45338
331.34113
333.42056
334.21161
332.53012
330.27786
328.72354
327.45824
327.87319
329.36139
332.05549
336.57312
342.81103
350.02536
357.52206
366.02321
373.94158
380.19816
385.06969
387.56413
389.01536
389.12599
388.45602
388.05787
387.88609
388.12868
388.25619
387.91294
387.32303
387.26361
387.14716
387.13568
387.04651
387.02402
386.98695
387.20872
387.03778
387.21893
387.28401
387.10603
387.11377
387.14087
386.98298
394.45875
394.0308
394.24107
394.16833
393.21259
393.58047
392.97708
392.67161
391.82198
389.65005
387.6065
385.45406
382.80955
381.02035
379.53041
378.29837
377.00745
375.67546
374.2496
373.35616
371.33178
370.59723
369.92967
369.1534
368.92162
368.66246
367.76316
367.44939
367.3047
367.40395
367.83479
368.65389
369.93885
370.56412
370.62648
367.50189
362.84899
355.33887
345.6335
335.98051
326.32349
316.05539
307.58017
300.01078
290.79345
279.03344
264.20802
245.24831
224.73974
202.21796
180.59568
160.76798
144.91696
134.70459
129.86671
129.69467
132.13074
134.4272
135.57169
136.72486
137.63834
138.43182
139.31903
140.06907
141.24078
142.8039
144.36423
146.46381
150.14878
155.20974
162.29072
172.3
184.79731
199.38449
216.14617
234.00091
252.47568
269.35056
282.7654
293.03264
302.56809
310.00539
318.00267
325.07976
334.14513
341.74951
348.36866
354.55476
358.31551
360.6633
361.70637
361.13844
358.50075
356.9912
358.95721
365.00663
374.97699
384.90245
392.4873
396.80727
398.49976
398.38867
397.43347
397.05714
396.88165
397.14344
397.57359
397.9559
397.84154
398.06925
398.01517
398.02242
398.01645
398.0665
397.33794
397.26446
396.8975
397.07349
396.87133
396.58362
396.13675
395.89466
395.21695
395.3562
395.19021
395.21896
394.86721
394.9895
394.62166
394.31024
394.3542
394.17547
393.91066
394.27088
394.0005
394.25818
394.12894
393.82287
394.00999
394.03994
393.87851
394.04856
393.82297
393.82856
393.65981
393.4893
393.32559
393.19264
393.04697
393.29359
393.29513
393.19799
392.53095
392.26697
392.49237
392.42125
391.95365
392.17073
391.35832
391.20578
391.01552
390.89054
391.21446
391.002
391.21443
391.26235
390.96423
390.57638
391.20238
391.36092
391.42001
391.3446
390.87481
391.09642
390.87206
391.0801
389.39553
385.49144
379.73639
375.67552
369.20709
364.80997
361.85627
361.80505
363.42318
365.68166
367.60185
367.06206
364.2425
360.3427
353.99402
345.04653
333.88206
320.16904
308.04297
295.84705
282.37634
268.08964
250.53947
230.71759
210.54521
190.73016
172.70016
157.47116
145.70396
136.92256
132.63647
132.66049
135.60344
138.35872
139.97579
140.93689
141.36945
141.21744
140.79253
140.32905
140.02774
139.65425
139.63836
140.0061
140.50799
140.78467
141.07065
141
140.53767
139.83756
138.92317
138.97455
140.04303
142.56956
146.80852
153.89708
163.95842
177.17456
193.57803
211.89957
231.75497
251.63591
269.99332
285.34153
296.98515
306.94752
314.65264
322.03067
329.00131
335.48797
341.93838
348.29381
353.18298
356.64559
358.84379
360.2845
359.89582
359.01567
357.65388
357.81796
358.23136
360.05387
362.85422
367.07897
372.62352
379.27781
385.91028
390.38938
392.71927
393.91436
393.90494
393.26126
393.50172
393.06159
393.13863
393.64075
393.84146
394.2284
394.21397
394.50847
394.95464
395.33693
395.28241
395.09326
395.04026
395.42475
394.92898
394.49682
393.49242
392.92696
391.28336
389.54465
387.71612
384.89336
382.50461
380.87053
379.12997
377.96025
376.97558
375.80801
374.39253
372.14756
369.80717
367.29128
365.43354
363.77035
363.16631
363.38325
362.96577
362.7016
362.66831
363.17222
364.34024
365.28013
367.45494
368.69249
368.7046
368.88771
369.68238
369.58772
369.76
369.30531
369.25365
369.36536
367.42931
359.24316
348.12132
344.25279
350.95697
365.54043
380.44574
390.25443
393.2497
394.84179
393.2309
386.25012
375.46104
368.60894
362.32211
358.66619
356.34304
356.99573
358.8833
362.81436
366.49082
366.0731
364.59351
361.79716
356.46248
347.69364
335.3704
322.80268
309.9053
299.3787
291.58188
288.67506
288.8835
289.07329
285.65727
274.85814
256.19295
231.4577
204.04158
177.0825
154.19969
135.97963
125.32758
120.74421
122.50199
127.5896
133.05572
138.32943
144.15954
148.04543
152.19564
154.77125
158.09211
162.69414
167.18602
173.78505
181.41283
191.21145
201.7392
212.89858
225.9
241.61944
256.93533
269.86704
287.47574
302.75014
314.88658
322.23019
330.53223
331.10521
328.77459
326.74007
320.1137
310.39557
301.46204
291.031
279.34362
264.35338
252.07351
243.04175
239.70368
236.38525
238.60717
246.57358
253.58234
261.99125
271.93103
281.5768
290.72439
298.64692
303.99045
308.28221
313.15461
317.42072
321.62847
324.79426
327.31053
328.73624
326.2142
321.45646
316.41369
312.53689
307.91003
304.43299
302.0699
300.72862
298.99761
300.40194
293.84118
299.51254
300.22537
301.55031
303.76899
309.72202
310.95684
310.39237
313.32394
315.74754
316.82595
319.13721
317.49215
317.57134
317.26376
315.26151
312.7226
313.31865
310.79637
310.2136
312.53417
312.04317
316.38829
318.61771
328.46513
341.36663
354.2417
362.6093
369.62532
371.53782
375.71619
377.33293
377.56026
380.59921
380.45672
381.14268
381.44683
382.17787
383.40231
383.86984
385.29153
386.24608
386.96661
388.41569
388.70179
390.1751
390.70843
390.9836
391.26361
391.8379
392.06556
391.33657
387.5008
381.66816
375.205
368.10141
361.27256
355.55699
352.70053
351.12221
352.06198
352.32403
353.43298
354.81647
354.76366
354.8731
353.47256
350.671
346.78919
341.43019
333.73766
324.37214
314.58935
304.26354
297.55281
292.87469
290.73329
287.70204
281.82799
269.81469
251.52211
228.56977
203.19501
179.97492
160.02985
144.87796
134.60759
129.51933
127.97132
127.67215
126.8597
126.58227
126.78904
126.97965
128.20406
129.98765
131.93194
134.07568
136.34549
138.75818
141.21954
144.29698
147.9669
152.25652
157.25126
164.28536
173.54395
185.77417
199.32734
214.88906
230.67056
246.32548
259.5534
271.26515
280.86077
289.04756
295.50238
301.76541
307.65977
313.32913
319.23705
325.39509
332.21509
338.47883
343.5891
345.13204
345.1875
343.79124
340.72766
338.67374
337.60405
339.33968
342.44313
348.95955
356.71097
364.6822
370.57333
374.60804
378.01541
380.92519
383.11642
385.52149
386.78472
388.07751
388.67428
388.91625
389.59379
390.30982
390.91561
391.83251
392.24099
393.33316
393.6494
394.02388
393.98936
393.91986
393.67845
393.97872
394.68599
394.81737
395.10824
394.95243
394.65956
394.51678
393.98624
393.69068
393.29941
393.38539
393.11699
393.12474
393.43724
393.69561
393.89449
394.0781
394.21342
394.16405
394.24502
394.93312
394.89584
394.71652
395.01564
394.93072
394.05796
394.40578
394.49885
394.12624
394.15899
394.21911
394.39071
394.08295
394.28934
394.49425
394.53264
394.74138
395.17654
395.4983
395.44838
395.50346
394.9287
393.90796
390.99242
386.51667
380.51253
374.24367
368.55098
363.9797
361.67206
362.26006
362.22022
361.66859
360.95798
360.09103
359.4499
357.85357
356.04345
351.49263
343.84507
334.81648
323.25961
309.55095
297.14547
285.64845
271.62916
255.9012
237.21839
215.9289
193.84434
171.42042
151.58676
136.53367
126.37653
121.88493
121.97394
122.41134
122.40655
123.05674
124.21345
125.63375
127.18953
129.3255
131.35377
133.9019
137.21635
141.84035
147.65013
156.06591
166.355
179.89088
195.5307
211.42334
228.80526
246.86207
263.39746
275.18903
284.57591
293.22091
300.41627
308.0274
315.32037
322.56826
329.56794
337.30055
341.9869
347.98017
353.3471
355.41102
356.12405
355.73782
354.00793
351.81498
350.10503
347.77803
347.30872
346.97046
347.99191
349.56843
353.75849
360.12327
367.61776
375.443
383.0452
388.65233
391.92655
394
395.10529
395.37079
395.99954
396.1932
396.21811
396.35352
397.18692
397.53982
397.61596
398.37457
398.32725
398.24087
398.77099
398.3264
398.39281
398.69975
398.55978
398.40859
398.50879
398.48118
398.41116
398.31855
398.18322
398.20366
397.92815
397.91524
397.92854
398.19458
397.54114
397.26655
396.86774
396.79287
395.13226
393.32964
391.77708
388.99384
385.8402
382.08722
377.98242
373.83599
371.42077
368.78249
366.37154
365.59361
364.4065
364.28351
364.41743
364.88092
365.3469
365.7896
366.00598
366.93087
367.55957
367.93201
369.13222
371.27718
374.76219
380.18588
386.03621
391.23881
395.30164
396.86677
397.53343
397.32048
396.63354
395.26993
393.87399
391.07939
385.74149
378.27238
369.86212
363.6782
358.63297
356.45272
355.97079
358.52384
361.57511
364.73681
365.48134
363.83086
360.46357
354.66999
344.3289
330.25978
314.51482
301.61712
291.32607
279.74589
265.98193
248.81818
227.33881
203.1813
179.93626
158.09636
140.92803
128.73321
124.04303
126.09848
130.13799
132.13617
133.90349
135.8195
136.71179
137.64909
138.70722
140.03919
140.34774
140.45112
140.84684
140.81876
140.53107
139.67556
138.37316
136.83767
136.13393
137.19251
141.42644
148.17379
158.44765
171.75505
186.93838
203.42495
221.83522
241.21607
260.03188
274.65723
285.58646
296.19399
306.41176
315.98494
325.46693
334.03957
341.45794
347.14324
350.55834
352.71969
354.17103
355.00295
354.8508
353.84925
351.72727
349.93747
348.78852
347.90198
348.41743
350.26745
353.48184
358.84997
364.04531
369.90579
375.52797
380.22481
384.62532
387.45365
389.18842
389.44077
389.23065
389.03651
388.23716
388.1346
387.69838
387.06296
386.51537
386.24359
386.13859
385.99183
385.46106
385.24648
385.67777
385.92462
385.49571
385.02714
385.30162
384.87531
384.8
384.8499
384.821
384.49976
384.75988
384.02663
383.6161
382.74423
381.29803
379.34038
377.90354
375.64934
374.606
373.24403
371.9969
370.97242
370.70718
370.17933
368.51992
368.48486
368.74973
368.66722
369.05804
370.25775
370.97442
372.58338
373.29412
374.8223
376.4198
377.69984
379.88652
381.75038
383.263
384.57229
385.82373
387.40521
388.4573
389.02981
389.39332
389.73229
387.98883
383.53004
376.75687
368.37806
360.14331
354.98012
353.13514
352.35332
353.61795
356.36506
359.34
361.40544
362.82712
362.4176
359.24303
352.90658
342.74653
328.35233
310.75902
295.14973
279.9104
261.98844
241.28619
220.06205
198.17017
177.6421
159.60828
145.78704
137.03089
134.43316
135.93051
137.54952
137.90188
138.28432
138.97991
139.78096
140.38541
140.77386
141.10135
141.02971
140.67362
140.53768
141.8194
144.63916
150.06199
157.53564
167.3922
180.01974
195.24427
211.2165
228.09091
244.70533
260.08656
271.06813
278.89967
284.00399
289.55054
295.41768
303.33312
310.67407
317.78532
325.41923
330.5332
334.27077
337.0749
338.53891
339.60176
340.44223
340.84971
341.21165
340.00549
339.50374
338.83299
336.65575
335.17581
334.87836
335.19416
336.84142
338.48514
341.19788
343.07039
345.87034
348.81011
352.02132
354.69874
358.45026
361.79044
363.26645
365.22699
367.18333
368.55768
368.7211
369.88258
370.31037
371.30004
373.28874
375.28087
377.06567
378.83522
380.19676
381.01913
382.18105
382.69847
383.50675
383.49607
383.34824
383.0055
382.54662
383.18742
383.13171
383.73333
383.72036
383.80481
383.99916
384.70071
384.6095
384.60777
384.76234
384.47069
384.75927
384.99916
385.65668
386.84771
388.04482
389.13188
389.5336
390.61302
390.21804
390.54986
390.45244
390.73221
390.57466
390.39542
390.44313
390.81577
390.73248
390.70562
390.56182
390.43232
390.72542
390.75486
390.76963
391.02473
391.64569
391.49138
392.01592
392.53034
392.65472
392.57036
392.34974
391.48994
390.1488
385.98308
378.68788
371.97631
364.05229
358.18665
355.72081
355.94619
358.65441
361.73886
363.79472
364.64869
362.70637
361.34449
357.83495
351.76036
343.12978
331.85346
319.59524
303.19925
288.24571
267.49745
251.22727
230.21866
207.61317
185.35229
166.55359
150.04816
137.69981
129.55556
127.14286
128.6377
131.01827
131.45966
131.8059
132.50445
133.0684
133.3747
133.66504
133.74233
133.87704
134.27302
134.37849
134.43222
135.08859
135.96496
137.23678
140.09836
143.6804
149.82807
156.94991
166.03442
176.72432
188.88007
202.16533
216.18756
229.66796
242.27793
253.57333
264.13889
272.75082
280.27326
287.3258
293.58185
300.33002
306.29602
313.68498
318.36982
322.13225
326.53076
329.40684
330.63393
332.21877
334.21373
337.02717
342.14973
348.82342
354.75743
357.23215
357.24025
354.07749
348.0428
343.15786
338.86497
336.07096
333.09198
328.00709
321.65578
314.9364
310.43916
308.5878
309.53101
313.34335
317.45978
317.64929
315.57355
312.6515
310.52963
309.94243
310.49021
313.9476
318.76065
326.28115
333.87538
340.73103
346.0773
349.15617
349.81829
348.66649
348.38943
347.81024
348.17573
349.02734
348.78318
349.18227
352.28832
361.78455
374.88484
387.12911
396.32836
402.61257
406.84654
409.6686
410.11755
409.48568
409.072
408.03771
406.85273
406.20159
404.46599
402.71683
401.538
399.36592
397.16202
394.55162
392.13195
389.73353
387.8523
385.66769
384.72862
384.61756
385.39361
386.21199
387.74756
388.99733
388.8437
389.22517
388.69088
387.82752
387.04639
386.04485
385.88558
386.19318
386.44545
387.13753
387.70342
388.38141
388.62486
388.12383
385.08181
379.27021
372.62258
364.72705
358.35278
354.96723
354.27339
355.98599
359.18177
361.61157
361.43102
361.04411
359.98045
357.71925
353.11601
345.70708
333.85754
316.97328
297.91748
279.5098
253.21429
234.18391
211.71064
188.99565
167.8903
149.25027
134.22126
124.6479
119.70982
120.29315
121.35552
123.14512
124.40964
125.23035
126.18132
126.92929
127.25285
127.55096
127.80581
128.1059
128.20091
128.56317
129.10409
130.34057
131.36716
132.58467
134.38635
137.5254
142.73054
150.01084
158.15279
169.27233
180.84256
194.34331
208.62912
221.97517
234.70441
246.26182
259.15123
268.99708
277.47139
287.73286
296.09121
305.03979
313.24338
320.3565
327.4631
332.87613
337.41323
341.80956
345.18354
346.84606
346.87261
345.16676
341.5745
338.22687
337.01398
338.70708
344.19831
353.86767
365.05091
375.15462
383.5373
390.38578
394.33654
395.66536
395.92811
395.87752
395.61139
395.8055
395.5216
395.72424
395.6209
395.47128
395.40209
395.3775
395.98337
395.97945
395.97156
395.84316
395.68309
395.58168
395.37103
395.54237
395.90109
395.86646
395.95273
396.28978
396.07631
396.16898
395.86804
395.66755
395.46708
395.48636
395.18503
394.81832
394.59843
394.1905
393.95443
393.87923
393.81472
393.90844
393.78761
393.96654
393.93613
393.7731
393.54489
393.5744
393.9443
393.88602
394.07084
394.07872
394.17505
394.02941
394.06595
393.93974
394.19917
394.22339
394.35457
394.36255
394.68688
394.69902
394.12211
392.02725
386.73314
378.89706
369.90487
361.86067
356.66433
354.55134
355.15206
358.73987
362.33249
363.91576
363.10293
362.13908
356.86805
346.69178
333.20508
316.26786
297.49025
281.28646
264.0358
248.87759
234.31296
215.7062
195.98239
177.38573
159.42568
145.06655
134.38071
128.62403
127.68611
128.34586
128.4267
128.6084
128.90763
128.94292
128.92043
129.28195
129.57
129.58586
129.33178
129.02837
128.59538
128.34184
128.07721
128.04262
128.00227
128.1489
128.23164
128.71201
128.64765
128.8921
128.99448
131.1843
136.34539
143.09552
152.42127
164.88124
178.47009
191.95193
207.74251
223.60941
238.10504
254.56538
265.96855
276.47566
287.02125
296.0185
305.0252
312.71924
319.18447
323.86276
328.69824
331.53193
333.51017
335.49853
338.41934
341.74385
343.88669
345.69672
346.04192
345.48235
343.46636
341.74641
340.03559
338.46703
337.89476
338.14293
340.28315
344.44421
352.05448
361.32527
369.5455
377.11918
383.00903
386.65417
388.792
389.74798
389.53725
388.76554
389.02053
389.07762
389.19365
389.0538
388.64368
388.06144
388.04956
388.35151
388.09207
387.89658
387.8546
388.28683
388.04605
387.7259
387.7328
387.74952
387.62271
388.02875
388.30725
388.47711
388.77032
388.75246
389.18784
388.7902
388.60197
388.56813
388.51545
388.65647
388.68298
388.69115
388.74583
388.98138
389.0235
388.73658
389.15377
389.2175
389.30104
389.40697
389.19711
389.17777
389.30923
389.14855
389.11017
389.0999
389.12457
389.02444
388.86245
388.87877
388.98111
389.02688
388.84754
388.04032
385.82195
381.67015
375.88608
369.63333
362.98947
357.28715
352.78067
351.09336
350.86828
353.56369
357.48502
360.56461
362.47263
362.14706
360.56905
357.03842
351.52963
345.14631
336.16805
324.74838
312.42626
297.20135
282.13365
264.82378
247.73402
231.22152
211.9526
193.03292
174.96843
158.06474
144.4761
133.68435
127.36109
125.72727
129.34846
132.62715
136.28476
137.89667
139.66922
140.89849
142.03355
143.15311
144.17222
144.60437
144.7084
145.10202
145.3728
145.53122
145.82626
145.74142
145.88968
146.10016
146.23263
146.5523
146.62802
146.52594
145.59622
144.0938
143.98726
144.51949
147.53983
152.73253
160.19944
171.17981
184.64873
198.82728
214.51304
232.46557
249.32391
264.72241
278.72426
289.14935
297.91903
305.55295
312.55211
318.9807
324.61163
330.72924
336.61173
341.32353
345.27413
348.2904
350.25985
351.51658
351.33448
349.93274
346.3083
341.29066
336.31998
332.19588
330.75579
332.78724
339.99811
349.69052
361.12494
370.92265
377.3049
380.71823
383.20236
384.78331
385.23838
385.46465
385.80149
386.18328
385.84797
385.87517
385.44645
385.4119
385.36906
385.16962
385.00092
384.79927
384.99679
385.00231
384.86234
384.94634
385.34284
385.49098
385.52074
385.62623
385.7396
385.45326
385.07931
385.19738
385.22612
384.80891
384.73426
384.7061
384.69224
384.59078
384.42777
384.58895
384.67844
384.96679
384.90516
385.56546
385.76112
386.02045
386.3446
386.22064
386.40541
386.72904
386.21282
386.42447
386.37165
386.83198
386.87512
387.05803
386.90352
385.49976
380.47275
374.63475
368.35188
362.15767
357.24053
356.60673
359.10817
363.35424
367.82407
369.39192
367.99355
364.83182
356.00182
343.63938
327.61492
308.57589
289.18113
268.92336
250.52956
232.81317
212.60117
193.23494
175.25267
159.46933
147.42167
140.42588
139.48384
140.21998
140.17572
140.7232
140.94329
141.41357
141.54844
141.63723
141.48441
141.43108
141.33413
141.459
141.20978
141.32937
141.67243
141.96648
142.1424
142.23279
143.19543
144.25705
147.49303
154.34171
160.55418
169.24105
180.16059
193.46995
208.32394
222.64196
237.26056
249.08824
261.75111
272.16167
281.13212
289.26092
297.39112
304.87087
311.86145
318.01793
324.07258
329.55205
334.25293
338.4141
343.4758
346.83784
350.33074
352.20024
352.08984
351.80183
350.56663
348.92753
346.93953
344.4946
342.71865
340.51128
340.0154
340.18373
342.1993
345.91364
351.68645
360.02672
368.69126
377.29321
384.47514
391.01282
394.49528
395.7685
397.06876
397.02697
395.49075
395.48266
395.66047
396.24178
396.43351
396.56452
396.08902
396.23712
395.83184
395.65303
395.30937
395.35237
395.21134
395.30426
395.43831
395.29386
395.48661
395.56052
395.65145
395.44285
395.54197
395.92272
395.50588
395.61695
395.47552
395.59284
395.50102
395.66345
396.03553
396.05003
396.36684
396.76617
397.16727
397.18958
397.27684
396.99523
397.35219
396.95238
397.47012
397.36476
397.6326
397.67983
397.66684
397.93724
398.40041
398.16418
398.14781
398.13768
397.79874
397.36392
397.19729
397.19217
397.25434
397.20648
396.77232
396.75332
397.03393
397.12356
394.48428
390.26389
383.70027
374.79478
366.86443
363.29053
362.3782
363.39196
363.69346
363.73994
361.67106
358.08087
355.7512
351.94021
345.32525
332.831
315.29055
294.35418
274.43915
253.09689
237.80135
219.05066
198.36624
177.97691
159.60734
144.25561
132.08021
124.42071
120.75907
122.68779
125.95025
127.84063
128.67442
129.42465
130.06411
130.48365
131.04104
131.66117
132.23173
132.90262
133.43997
133.77007
134.41157
135.28394
136.02021
136.2811
136.95405
138.45788
142.61287
147.0278
153.6673
161.36355
171.37344
183.03259
196.62956
210.42651
224.99352
239.04471
251.02644
263.04229
271.26587
278.54015
284.29291
290.11063
296.0992
301.72759
307.18145
311.57779
315.75353
321.13959
325.46557
330.39143
335.25409
339.47902
343.2135
346.46301
348.29914
346.51316
341.36256
333.96272
327.32239
324.01879
324.15662
328.06959
335.59232
347.42706
360.25439
371.43507
380.78967
385.36357
387.17433
388.20712
388.63201
388.59919
388.07654
388.39495
389.01007
388.92669
389.0575
389.04241
389.30138
389.43266
389.41395
389.39488
389.59907
389.63993
389.78471
389.90733
390.47123
390.64
390.86354
390.58975
390.79619
390.76364
391.04829
391.62665
391.44078
391.67983
391.79424
392.64644
392.39204
393.4386
394.09583
394.58077
394.97906
395.12465
394.9855
395.00846
394.83412
394.78267
394.73798
395.08256
395.02384
395.27564
395.22588
395.19735
395.17717
395.4116
395.36004
395.19581
395.04535
395
395.40967
395.45545
395.12147
394.96089
394.90062
395.12232
394.74683
394.77576
394.61882
393.59067
391.31232
388.12574
383.73649
378.42587
372.36685
367.04322
363.65901
361.26755
360.4057
360.60292
362.65614
363.35982
361.67291
358.1515
354.87996
352.03558
347.80913
398.93651
399.06378
399.20975
398.87866
399.22352
399.02034
398.91967
399
398.49941
398.90696
398.92733
398.68654
398.59301
398.8925
398.66995
398.43624
398.71613
398.89306
399.13126
398.99065
398.58584
398.63019
398.99362
399.13006
399.04431
399.36072
399.52855
399.38873
399.14865
398.49498
395.93198
391.74736
386.11945
379.06232
372.88439
367.50517
364.61131
364.13396
363.53325
362.256
359.86308
356.86273
355.04216
352
348.98546
345.89824
345.56608
347.10317
348.97345
347.36098
341.19455
329.12489
315.13155
300.41685
284.79115
269.0411
253.90549
240.7325
227.11585
214.175
201.37221
188.61747
176.49063
164.67679
154.72179
146.68763
140.26591
138.11111
141.56444
145.14321
146.14669
147.18669
148.28187
149.59816
149.87154
149.99806
149.29086
148.47064
147.18361
146.15644
145.60253
145.43972
144.97845
144.99027
144.83673
144.8867
144.97287
144.87342
144.89559
144.50149
142.67573
140.73727
143.32253
147.57233
152.43091
159.68353
170.74537
185.25397
200.65684
216.93878
233.39827
248.36965
266.2545
278.36708
287.68997
295.66946
304.20673
312.34783
319.19014
327.28014
332.42807
339.23448
343.73942
347.26658
349.13401
351.22107
352.64545
352.72693
352.54603
351.04654
347.69394
344.07733
341.307
338.86883
338.24376
341.40573
348.71698
359.19581
370.71303
382.43014
391.19385
395.41926
396.9646
396.75943
396.68196
396.77996
396.8014
396.73144
397.18188
397.55231
397.64639
397.96736
398.42736
398.70191
398.88882
398.85827
399.48625
399.39211
399.45618
399.45084
399.73314
399.56304
399.23041
399.08309
398.53627
398.21862
398.42016
398.13061
397.64751
397.75325
397.78143
397.9607
397.84538
397.62596
397.98821
397.87596
397.31815
397.90583
397.97821
397.75934
397.87648
397.8787
397.37379
397.79716
398.0881
398.12079
398.02347
397.74237
397.87736
397.82911
397.66289
397.72272
397.82235
397.9348
398.19486
397.30894
393.94898
384.63526
373.79531
362.02465
353.31144
348.31087
347.77225
349.08086
352.41962
355.2223
358.70702
359.34136
356.94919
351.40934
341.8768
326.8558
309.22052
290.72283
270.12315
251.24176
233.23729
209.92202
189.40104
170.5122
153.62286
140.79315
130.74856
127.01116
129.41356
131.12298
133.13522
133.80223
134.43957
135.10195
135.6934
136.10301
136.3797
136.43087
136.65847
137.21143
137.93708
138.25308
138.7666
138.74233
138.79709
138.98536
139.60626
139.3724
138.39962
137.32865
136.59687
136.09643
137.35256
140.27316
143.66067
150.17471
158.8917
170.89517
184.97487
201.35602
222.53239
241.30971
261.53073
276.73069
287.98768
298.94122
306.68682
313.22743
317.00069
316.79039
315.78439
314.78346
313.87646
312.55965
311.72032
311.36521
311.47486
315.15143
321.94219
330.79509
341.4782
349.67222
352.43267
352.40162
352.05739
350.46676
350.38446
349.85666
350.46566
352.70194
356.21414
360.87796
368.20288
375.69411
382.59259
386.40557
389.9409
392.3841
393.1945
394.12819
394.59787
395.44463
395.46017
395.60366
395.97973
396.60398
396.54255
396.66814
396.83869
396.71737
396.93222
397.19016
396.93363
397.15017
396.39671
396.4148
396.92189
396.89106
396.76091
396.79778
396.54901
396.35361
396.88726
396.94376
396.6903
396.65634
396.56568
396.74139
396.76516
396.4191
396.3309
396.52573
395.98346
396.22434
396.21892
396.2716
396.24623
396.58909
396.35506
396.20158
396.59956
396.48065
396.39887
396.16388
396.28842
396.38082
395.24329
391.0539
382.95904
374.62507
364.45482
357.74312
355.367
356.03749
357.57153
359.64182
361.00529
361.35944
358.57936
354.10687
343.45303
326.97004
304.3054
282.06154
262.3
233.75
207.25
187.44954
167.69384
150.99578
137.41355
128.45591
122.84674
123.023
126.25028
127.03178
127.39495
128.06464
128.3978
128.25
128.143
128.10149
128.22797
128.43842
128.61009
128.72986
128.94316
128.80097
129.17265
128.91189
130.20306
132.22135
135.88488
139.12145
143.50915
151.6186
157.89348
166.33498
176.72037
188.24588
201.12362
214.43961
229.12113
244.51799
259.34565
273.59757
284.09292
292.66615
299.27931
305.7827
311.51824
316.58058
321.99185
327.82662
333.78522
339.80627
346.09923
350.6142
352.97207
353.4446
352.66286
351.051
349.48412
347.60799
348.57759
349.10107
350.683
353.1388
356.3694
361.55
368.92091
375.49815
381.97565
386.92681
389.90947
391.98349
393.16484
393.93814
394.34982
395.11171
395.8871
396.37515
396.43205
397.05155
397.37895
397.41529
397.82102
397.2775
397.78011
398.17841
397.8691
397.6481
397.66478
397.4072
397.80573
397.264
397.5262
397.10395
397.21747
397.12372
397.06865
397.28399
397.28879
397.02295
396.83746
396.96288
396.82772
396.82424
397.06759
397.28281
397.40562
397.33107
397.4972
397.13884
397.10883
396.84686
397.17304
396.985
397.26484
397.3012
396.83122
397.03456
397.25853
397.08216
397.09462
396.93503
396.68625
396.77696
396.6606
396.62073
396.50354
396.73825
395.72465
392.30644
386.15279
375.96115
365.91002
357.77217
353.29261
353.19962
354.31721
356.19303
358.20916
358.74872
357.3677
352.90843
342.71901
325.35397
305.7993
281.32796
243.32857
234.92308
206.46809
186.42995
166.80399
149.2809
133.42254
123.50769
119.07488
124.44781
131.04225
136.58985
138.27866
140.43046
141.58885
141.23834
140.54949
139.25
137.833
136.67871
135.4749
133.95825
133.143
132.3371
131.55566
130.29543
129.49547
128.40104
131.01895
134.03895
140.60599
149.5378
160.50423
173.86511
187.83195
203.42175
219.06298
233.4527
246.12046
262.44782
274.79129
283.7667
292.17011
300.24553
306.94074
312.81201
319.36338
326.345
332.31858
338.20549
343.22564
348.07539
350.21657
351.19338
350.97407
348.56597
346.89318
345.59938
345.77904
347.69398
352.14815
359.80855
367.63501
374.73985
381.2068
386.0314
389.68868
391.26787
392.29737
392.63959
392.69944
392.96218
393.12857
393.03421
393.24218
393.38673
393.08149
393.1983
393.2968
393.06796
393.20242
393.17321
393.04994
392.93018
393.36625
393.13046
392.92014
392.83372
392.96352
392.847
392.8098
392.91125
392.83768
392.8896
392.86871
392.87573
392.93505
392.87283
392.77149
392.66278
392.81232
392.66414
392.88475
392.69253
392.94019
393.02723
392.97091
392.92294
392.96838
392.77382
392.81475
392.91434
392.8519
392.69533
392.87725
392.82692
392.82257
392.92944
392.83643
392.74709
393.01747
392.98427
393.02852
392.97133
393.11543
393.12293
393.23413
393.31371
393.37673
393.58072
393.50652
393.16829
392.13031
388.71661
382.70501
374.83652
366.48042
359.05374
357.33254
358.7249
361.36973
363.43003
361.86711
358.39919
351.33947
337.40424
318.09325
293.38224
265.39502
241.95238
222.98901
202.47188
183.10307
166.8338
153.48886
142.33873
134.41013
129.98333
128.38071
130.20833
132.08407
133.92958
135.24532
136.57666
137.48237
138.38042
138.86162
139.23247
139.21467
139.16622
139.14173
138.29785
138.22447
137.80817
137.74632
137.47879
136.85659
138.87638
142.85437
149.6339
157.97389
169.51288
184.12737
199.52542
216.5039
235.21292
253.43151
269.32163
281.18199
288.47301
294.4279
299.18565
303.28414
306.81792
309.98614
312.63018
315.83561
318.9246
323.55218
327.88897
332.035
334.38633
337.28884
339.17662
339.46883
339.06066
338.34229
338.44596
341.57851
347.36101
355.96739
363.94251
370.1721
377.41851
382.97114
387.16764
389.2541
389.86316
390.33372
390.83919
391.17681
391.45598
391.78895
391.55503
391.4936
391.08521
390.23331
390.72793
390.59603
390.71553
390.31208
390.38329
390.23043
390.2263
390.44802
391.21632
391.08795
391.60942
391.21199
391.16709
391.42777
391.41935
391.25062
391.3729
391.40856
391.37623
391.51304
391.26751
391.12251
391.21429
391.41298
391.30205
391.30031
391.49073
391.60174
391.84035
391.67948
392.14392
392.18665
392.16301
392.21704
392.00312
392.12398
392.09312
392.33292
392.35848
392.41347
392.13717
392.8086
392.5496
392.42972
392.6328
392.56423
392.76104
392.73479
392.67419
392.48248
392.15923
392.52511
392.42231
392.40238
392.20323
392.25867
390.57817
387.246
380.37171
371.39118
362.29479
356.2022
355.67731
358.45344
361.14684
363.1064
363.23406
359.82972
355.93738
348.45122
337.5127
322.23979
300.23684
278.71976
257.69863
239.68519
217.25275
200.11485
181.87863
166.16689
150.76333
140.78562
133.32539
134.1821
134.15931
134.65744
134.35729
135.86986
136.88705
137.84369
138.49709
139.15053
140.02317
140.31662
141.27745
141.64802
141.92331
141.83071
141.39829
140.76679
139.44313
138.16792
135.18985
135.16504
136.10434
137.79859
140.82427
145.18524
152.06609
156.14917
162.89655
170.65143
180.797
193.51768
206.93808
221.46061
234.2497
247.28449
260.68229
271.91386
281.74085
290.02683
297.37295
304.36577
310.40128
316.54455
323.27344
330.3265
335.98159
340.14209
342.15679
341.53099
339.96825
338.26124
337.94566
339.89325
344.43859
351.20556
361.75342
370.57451
377.81298
385.11181
389.99413
393.63039
394.90434
395.75734
395.81759
394.94194
395.33211
395.16975
395.36939
395.67362
395.73817
395.49272
396.1693
395.89994
395.88521
395.26188
395.20443
395.81758
395.50062
395.73745
395.51321
395.59198
395.4378
395.31731
395.87561
395.80208
395.42759
395.81734
395.69957
395.85557
396.125
395.89827
395.91963
395.67884
395.84862
395.40428
395.79515
394.97982
395.1676
395.30745
395.35043
395.57785
395.59939
395.2579
395.58328
395.38948
395.30163
395.44725
395.13409
395.48409
395.54401
395.49319
395.41858
395.32138
395.18333
395.32306
395.54419
394.93975
395.49726
395.40633
395.49391
395.4785
395.55468
395.38859
394.15426
390.23221
383.29282
374.80414
365.54485
358.29972
355.16353
355.13755
356.8719
358.05068
359.15196
357.83297
354.84694
349.87555
341.17114
326.28991
309.47123
288.12883
266.62286
248.70861
232.46667
213.16292
196.74603
178.7798
163.36089
150.40461
141.77349
137.65482
139.71925
141.70665
142.70617
142.79135
143.67215
143.93276
144.1177
143.81562
143.9108
143.93209
143.48661
143.26573
142.92579
142.68836
142.79422
142.95551
143.12593
142.21767
140.75852
139.2946
137.57343
138.6237
142.64254
145.05825
152.93642
161.44866
172.35747
186.03888
201.93956
218.24
235.88419
249.90351
264.47739
276.62121
285.3624
291.82574
298.98703
304.40584
309.56759
315.17294
320.17791
325.9536
330.10038
