86
90
93
92
104
118
122
125
115
115
107
107
106
108
104
104
94
116
113
106
104
95
90
89
86
91
91
83
89
99
103
99
99
96
92
89
93
91
95
92
96
119
117
106
99
98
92
87
87
87
91
71
72
88
89
94
89
85
85
84
84
81
85
87
92
119
116
113
107
100
94
89
90
91
101
102
122
138
142
148
146
139
142
141
134
132
127
123
123
134
130
121
112
106
99
101
95
100
108
104
131
145
147
146
145
141
135
138
135
132
122
126
118
141
130
125
115
106
99
100
98
101
109
107
134
142
150
151
147
140
144
145
139
132
132
129
122
145
135
129
119
109
102
100
99
104
115
113
134
148
153
155
154
145
145
145
144
133
133
129
128
147
138
130
116
109
105
99
98
99
96
117
135
148
153
154
147
148
141
145
146
136
130
124
121
144
132
122
118
107
101
96
95
98
102
93
109
123
130
127
125
113
111
109
111
110
111
112
113
138
130
120
115
105
99
95
92
93
95
81
85
95
102
111
106
102
98
97
96
97
95
100
107
133
131
126
118
107
103
99
100
99
111
123
154
177
181
180
176
163
166
171
172
166
149
144
148
171
153
142
127
114
107
106
105
111
119
134
162
180
186
187
184
169
169
169
175
168
161
154
151
171
155
152
139
124
112
110
107
113
126
132
164
187
188
190
185
171
174
174
174
168
159
151
150
172
157
154
142
122
112
115
114
114
124
147
160
186
193
189
182
170
176
173
174
166
158
155
150
171
154
147
129
115
111
107
103
109
118
130
161
185
193
190
186
170
169
169
173
164
159
150
150
174
159
145
128
116
114
106
104
105
113
111
127
145
153
152
150
129
122
127
126
123
125
132
134
152
141
132
124
116
105
101
97
96
105
87
92
103
113
119
119
115
107
107
104
102
104
106
121
146
142
135
123
110
102
99
96
102
120
128
161
195
197
196
185
165
187
186
183
173
168
161
165
181
164
156
133
125
114
113
106
117
125
136
175
207
213
211
197
179
181
187
191
179
167
166
165
190
165
156
137
126
109
112
114
111
121
137
178
205
194
199
191
173
185
184
188
182
171
167
171
180
166
158
142
131
115
106
111
111
129
147
182
208
209
214
205
189
190
197
204
192
182
181
190
186
165
164
142
124
114
111
111
112
120
140
175
210
208
205
199
178
183
183
188
177
166
164
171
181
171
158
140
131
125
116
113
122
118
118
135
163
164
165
158
140
136
130
129
127
128
132
142
155
145
142
123
115
108
106
98
97
100
91
95
105
120
119
125
114
109
108
105
102
106
122
150
148
144
143
132
115
109
103
107
108
131
158
177
212
217
210
203
191
190
194
196
188
174
177
196
186
169
160
146
127
127
116
114
117
127
168
188
216
218
215
207
189
191
201
204
193
195
186
197
189
170
168
150
131
126
116
114
119
127
173
190
226
230
224
222
195
194
203
194
187
185
177
201
189
169
163
148
126
121
115
120
116
126
160
186
216
212
209
204
188
192
192
197
186
174
168
200
189
177
160
142
123
118
114
115
113
129
156
191
208
202
204
199
186
184
188
190
179
172
171
197
188
168
162
142
137
123
120
114
113
117
141
154
174
173
171
163
147
134
133
133
129
133
141
168
159
147
140
128
116
106
101
97
98
105
108
96
113
126
132
128
120
113
111
110
106
108
122
156
156
148
139
123
112
105
101
102
104
119
159
186
207
213
210
193
187
194
196
198
191
184
186
206
194
173
165
152
130
119
116
114
123
128
165
202
221
227
232
225
204
209
209
211
205
195
198
207
194
173
154
140
134
123
114
114
115
127
167
194
224
224
216
208
194
194
192
194
191
181
179
199
193
172
169
141
133
120
112
115
121
127
168
194
218
218
216
204
187
190
194
195
185
177
185
207
195
174
164
151
130
128
121
108
114
121
164
192
222
228
225
213
195
197
193
186
184
181
188
208
189
175
164
143
130
122
117
115
115
118
143
157
175
182
177
165
151
143
142
141
137
137
155
184
170
156
145
132
123
105
101
100
102
106
98
113
128
132
139
135
125
122
114
114
114
126
159
165
155
147
136
119
104
102
98
101
106
119
145
203
217
230
233
226
213
202
212
209
206
210
229
214
199
173
167
155
124
126
120
120
119
124
149
196
216
220
217
208
194
195
196
198
197
190
227
217
202
183
158
139
119
116
113
112
118
129
147
190
226
214
214
206
182
181
192
193
184
181
227
206
189
172
166
139
128
115
113
109
119
123
147
197
216
214
210
195
186
191
189
188
180
183
211
205
193
172
167
141
123
114
117
118
115
126
151
192
214
215
207
206
188
187
190
189
185
189
224
205
189
171
157
146
126
116
122
116
111
118
123
156
174
179
173
162
151
137
136
136
135
149
189
181
173
154
147
127
107
102
102
103
98
99
89
107
124
132
131
137
128
122
116
111
110
126
167
167
168
158
150
123
108
104
102
102
107
119
145
191
214
216
208
202
192
196
205
203
201
203
231
219
202
182
164
142
131
116
114
114
116
128
146
197
215
214
211
213
188
189
204
220
220
229
238
213
202
177
168
150
130
118
116
112
123
128
152
192
230
231
234
226
208
204
211
216
214
230
237
214
203
178
164
139
127
121
116
114
119
129
157
199
231
235
229
218
199
204
210
219
214
223
235
212
189
175
166
146
130
120
111
117
118
132
160
204
232
221
223
216
198
200
202
201
198
210
232
210
198
177
164
144
124
119
114
111
113
123
132
152
178
180
180
165
154
143
144
142
141
153
196
182
170
155
142
127
118
109
106
102
99
108
97
110
127
137
141
137
128
121
117
114
115
131
164
170
164
156
139
124
112
106
103
103
106
124
150
185
210
205
207
200
183
189
193
187
184
204
225
203
185
161
161
140
126
121
110
116
119
126
152
195
218
220
212
208
192
198
197
197
197
208
234
213
199
173
168
136
137
119
119
117
121
130
151
193
218
216
216
211
196
196
198
200
196
216
230
214
197
175
170
148
129
122
125
121
118
129
155
196
204
215
209
203
188
193
198
202
194
224
233
211
202
177
170
149
126
122
114
116
117
126
153
196
213
214
213
202
191
187
204
195
190
226
223
221
193
173
155
148
134
113
118
117
112
119
128
159
184
179
173
167
152
143
144
144
144
179
193
186
169
157
146
130
119
107
103
104
103
107
94
103
124
129
138
136
126
119
114
112
111
158
170
170
165
154
141
122
117
107
103
105
104
120
145
187
236
219
212
200
185
187
193
195
190
222
221
198
193
173
161
145
127
124
114
114
115
132
148
197
218
215
208
203
184
201
198
199
194
232
233
211
199
177
168
145
129
114
108
117
112
125
155
201
224
224
222
207
201
195
197
200
193
228
231
213
202
182
162
148
133
128
111
112
121
134
147
203
232
233
229
215
195
201
202
203
200
236
238
218
203
180
162
144
125
122
125
118
119
127
165
201
223
225
221
205
198
196
197
200
197
236
235
211
198
174
165
147
134
116
114
109
111
126
134
165
185
188
178
165
156
146
146
147
154
186
194
185
169
156
144
125
117
106
100
100
97
107
102
108
130
138
139
141
137
121
117
122
126
161
173
173
166
156
144
124
111
106
104
102
107
128
176
210
232
232
238
221
205
211
209
214
210
242
235
214
204
179
168
148
132
125
117
121
122
137
165
207
224
223
220
212
200
210
196
208
205
242
239
222
206
184
164
152
134
127
112
118
119
138
163
205
231
228
221
207
197
198
199
203
207
243
243
219
204
183
167
144
127
122
116
119
121
138
174
207
233
233
226
216
197
201
202
204
203
245
242
222
205
184
172
142
137
122
114
115
128
137
170
202
234
229
227
210
189
204
204
206
207
246
241
219
202
179
169
150
138
121
118
115
123
131
146
169
194
192
185
175
158
147
145
149
151
196
202
190
176
162
147
130
118
111
105
103
101
110
118
113
134
145
150
149
140
128
130
122
132
168
177
173
172
153
147
131
111
106
100
102
108
130
177
202
227
224
220
211
196
195
194
203
207
240
238
213
203
175
167
146
129
122
116
119
122
134
179
223
232
231
226
218
198
197
197
203
206
239
234
213
196
181
164
147
130
116
112
115
112
114
117
118
135
151
151
145
134
125
123
121
129
192
182
180
171
159
147
127
113
108
106
105
113
132
171
206
236
229
223
215
196
201
204
208
211
245
238
222
204
185
167
152
138
122
114
116
126
138
184
209
233
230
226
210
196
202
202
203
207
242
240
217
198
198
172
146
134
115
115
113
115
121
156
168
186
191
186
174
162
148
150
147
157
201
204
194
172
160
151
131
118
112
106
102
102
109
118
112
132
146
150
148
136
127
125
123
134
171
185
186
176
164
150
129
114
109
109
109
114
134
185
211
239
242
236
220
208
208
213
210
220
252
236
216
209
185
177
150
136
127
119
123
123
138
191
216
239
237
230
224
203
205
213
211
220
247
249
223
207
185
177
145
135
122
117
121
126
140
185
215
236
232
228
218
203
204
206
215
219
254
240
227
211
191
173
157
134
125
117
122
124
143
193
232
254
253
247
233
212
214
217
223
230
249
246
224
207
183
172
151
130
127
123
120
126
140
184
219
244
247
241
233
211
217
219
233
254
249
246
221
203
183
171
149
130
123
123
120
115
129
161
181
205
218
210
194
181
167
166
169
182
206
206
196
179
163
149
132
119
112
105
103
104
110
121
116
142
153
161
166
151
140
138
140
163
176
182
182
174
159
147
128
119
110
105
105
111
130
177
213
248
251
254
244
227
227
230
240
251
252
242
219
201
184
167
154
132
120
126
123
124
140
183
212
245
244
237
223
204
209
211
213
218
245
242
223
206
185
169
146
133
128
127
123
123
131
181
214
239
240
232
223
202
211
211
221
231
251
243
223
211
187
168
152
136
119
122
121
128
135
183
230
252
247
248
238
225
221
227
232
236
255
240
214
208
190
172
148
140
122
122
126
127
140
187
220
242
234
229
220
207
204
212
216
222
247
242
219
203
188
168
156
132
125
126
120
120
126
156
170
195
198
191
185
167
157
155
160
174
207
209
200
180
165
152
138
128
115
106
107
108
115
122
126
137
157
161
159
144
138
140
130
149
178
184
189
171
166
154
132
119
113
110
107
114
134
182
217
241
240
234
224
211
212
214
221
230
250
249
225
215
185
161
163
144
127
123
120
129
146
187
227
254
261
254
246
216
224
222
229
245
263
259
237
214
197
172
156
143
128
122
118
127
144
191
228
255
249
242
237
219
223
220
236
255
263
262
234
217
190
179
162
142
127
124
128
138
148
190
231
259
246
252
243
227
219
228
227
237
264
254
232
215
190
182
162
146
131
126
126
130
143
194
230
255
249
248
239
219
225
223
229
239
259
254
231
213
186
177
154
140
130
128
134
124
132
152
184
211
215
213
204
186
167
171
181
194
217
222
200
183
171
153
141
126
119
113
112
110
119
127
122
147
165
174
173
162
148
150
149
176
186
189
187
177
170
155
138
120
113
110
113
116
136
180
228
261
269
263
250
237
234
240
245
256
256
248
228
209
189
174
152
130
127
120
120
130
142
190
231
253
263
255
246
230
226
233
231
249
255
251
227
208
192
172
152
140
133
124
126
130
144
192
236
252
250
242
237
217
215
217
230
241
258
252
228
214
192
184
155
150
131
128
126
135
140
187
232
256
264
253
247
222
222
227
231
253
258
249
224
211
186
175
156
143
133
126
129
137
144
193
234
259
250
263
241
229
224
230
237
259
258
246
230
215
190
174
155
136
125
123
122
126
133
165
187
208
213
207
198
178
165
163
166
190
211
217
207
183
165
162
142
128
122
115
108
113
117
127
124
146
165
172
172
157
145
143
143
177
187
197
198
185
176
161
143
114
118
116
112
115
142
189
245
263
264
261
249
228
225
232
232
252
249
254
234
215
198
180
150
136
128
121
124
131
145
192
235
256
255
250
243
218
227
226
233
262
260
250
231
220
201
173
167
144
127
126
128
135
146
198
247
266
264
252
239
222
231
230
238
257
271
255
237
224
202
191
163
143
127
135
130
137
151
196
256
269
264
259
252
235
231
238
237
270
263
260
233
216
193
184
161
142
128
118
117
127
130
140
154
171
191
195
181
167
155
160
161
185
193
198
189
185
172
156
142
129
119
114
110
114
125
150
166
180
192
188
176
164
160
155
165
190
206
212
195
184
164
156
139
123
116
110
104
110
122
132
130
153
167
172
171
162
146
149
150
167
194
199
196
186
172
157
142
126
116
116
116
128
143
187
232
257
257
254
247
230
230
225
231
256
260
254
229
217
193
181
152
134
128
133
136
133
135
192
244
258
260
252
243
229
233
248
256
279
279
268
250
221
203
193
166
146
132
134
128
133
144
195
257
274
263
255
249
229
234
241
255
270
272
265
239
228
211
188
159
144
138
128
130
143
151
204
266
275
270
271
262
241
242
256
261
270
277
263
238
223
194
185
156
143
132
126
125
132
145
194
262
267
268
261
253
235
233
237
244
260
262
253
226
212
194
180
149
138
132
133
129
135
138
164
202
218
224
217
212
195
183
184
188
215
218
223
209
192
177
161
148
133
123
115
108
115
122
131
150
154
178
182
179
168
154
156
156
182
196
205
199
191
180
165
142
128
116
115
116
128
139
190
251
256
254
247
241
223
219
221
229
250
258
254
236
214
200
181
160
137
131
126
128
138
148
194
258
262
255
248
234
221
224
225
231
250
263
251
238
217
194
187
162
140
127
130
126
130
147
196
236
256
250
244
239
220
228
225
230
243
260
256
235
218
197
180
162
144
137
129
124
131
148
202
238
256
257
249
240
226
232
241
244
263
260
253
227
203
198
184
160
145
131
128
129
135
146
188
249
257
261
249
237
225
217
223
219
247
238
234
217
201
184
177
160
134
127
120
117
123
128
145
179
188
194
194
183
169
161
162
162
199
204
205
193
187
174
156
143
125
118
110
105
110
120
129
138
160
171
169
169
162
148
153
154
189
192
198
191
173
158
147
136
126
121
111
109
111
117
122
129
124
144
151
144
135
113
112
118
134
159
162
164
158
149
138
126
114
107
104
100
107
111
122
132
125
144
154
159
145
138
134
131
150
168
170
172
168
160
143
133
120
109
107
103
111
124
153
194
207
216
209
204
184
179
179
189
217
224
218
193
184
167
155
134
123
114
109
107
114
126
154
188
205
213
205
202
187
182
193
186
208
221
217
197
183
167
154
140
122
111
109
108
110
126
159
187
196
208
207
200
193
176
180
189
211
220
215
200
184
168
154
136
124
113
107
107
111
127
142
163
173
185
185
178
165
157
157
159
187
196
195
183
173
160
147
132
122
114
104
104
106
116
122
137
141
155
156
157
144
140
135
135
150
182
183
173
158
146
140
279
138
127
121
111
109
114
116
123
127
115
126
128
137
134
116
117
123
131
167
170
169
166
155
141
126
116
116
107
107
108
130
160
208
221
231
234
234
207
206
210
213
213
234
229
209
195
175
157
147
138
122
116
115
123
134
169
213
229
237
229
222
205
202
203
204
211
240
235
212
203
184
167
143
130
118
112
114
121
134
168
214
232
231
232
227
207
204
222
225
242
249
238
211
197
189
167
147
134
123
120
120
122
134
172
210
238
243
237
231
214
213
219
226
233
239
226
212
200
183
171
147
139
124
120
120
120
122
127
130
139
160
168
163
158
142
146
139
158
181
183
181
178
159
151
137
124
118
108
109
111
118
126
134
136
149
161
168
155
149
151
150
179
185
192
189
184
171
154
136
119
114
109
113
117
143
185
240
251
249
243
227
214
220
219
222
230
259
246
228
210
191
170
159
138
131
129
128
136
145
190
245
256
257
253
245
227
224
232
240
261
261
253
229
215
194
179
150
136
128
118
120
127
142
187
247
264
268
267
258
236
237
243
247
262
262
249
227
218
195
174
152
139
125
128
123
130
149
189
248
264
265
260
253
232
233
235
244
253
261
255
228
215
190
179
155
140
131
125
122
131
145
186
245
263
268
263
250
232
235
235
242
257
256
252
227
214
195
179
155
141
131
122
122
116
140
163
204
210
213
215
202
185
175
176
181
189
216
215
203
188
175
155
142
129
121
112
113
113
122
124
140
137
156
166
167
156
147
142
140
147
184
196
188
184
169
157
140
126
116
115
111
122
138
185
245
261
256
252
243
228
233
238
243
238
256
248
226
212
193
174
154
139
129
123
122
125
145
199
249
252
254
246
233
219
219
225
229
224
258
251
229
216
190
183
156
141
129
125
125
128
146
193
240
262
265
254
241
221
221
224
224
234
259
255
233
219
199
182
160
136
128
123
126
129
145
195
253
255
254
249
242
225
226
226
228
234
264
256
237
220
193
181
160
143
136
124
121
138
147
191
254
265
265
254
243
226
223
224
226
234
260
260
234
218
192
175
162
146
135
122
127
127
142
167
200
218
219
219
201
180
169
167
172
181
213
218
207
188
175
159
139
132
116
112
110
112
123
129
139
158
161
168
170
157
143
145
142
155
185
193
192
188
170
158
138
124
115
114
114
122
139
186
247
262
263
262
251
234
240
246
253
251
263
250
234
215
193
183
159
136
132
130
126
127
148
195
243
274
271
274
259
236
241
246
240
251
266
259
231
220
198
184
158
141
126
123
124
130
146
195
241
264
267
263
253
228
229
231
236
245
267
258
237
219
195
189
158
141
131
125
122
130
146
192
246
264
264
261
253
238
233
240
248
248
261
256
231
217
192
182
171
141
130
125
121
129
145
192
241
264
264
261
251
227
231
233
234
234
251
253
228
216
190
181
160
138
129
125
121
124
139
166
182
207
216
203
191
178
165
163
167
169
209
216
209
186
173
158
140
129
122
112
107
113
120
128
126
142
158
168
169
158
146
145
142
159
180
192
191
184
168
160
139
124
113
114
112
121
139
186
240
253
257
254
243
233
233
236
236
238
261
252
232
215
197
173
154
135
125
130
121
134
146
186
229
255
259
249
235
223
220
222
229
246
265
256
231
218
193
175
154
135
128
123
120
129
148
193
238
262
263
260
248
219
223
223
229
229
260
254
231
215
195
174
162
150
132
133
126
129
146
190
237
269
266
261
250
233
233
238
243
240
267
254
233
217
192
170
152
136
127
120
121
126
146
192
228
256
266
268
257
232
233
231
235
237
253
258
234
216
192
176
163
140
129
125
121
127
134
166
182
203
211
207
197
176
162
167
164
164
206
220
205
193
176
158
142
130
119
114
105
111
119
130
125
142
161
164
169
159
146
144
141
152
182
191
191
187
175
158
138
122
116
114
116
122
142
188
230
266
267
266
259
235
236
244
244
241
256
254
230
217
187
179
156
133
130
121
125
134
148
194
235
268
277
276
260
234
233
241
244
240
263
260
235
220
198
181
157
144
128
119
125
134
148
193
241
272
276
274
260
242
241
245
251
251
263
254
238
218
197
186
159
138
131
118
125
131
147
195
231
254
252
247
243
219
222
225
225
225
255
257
240
222
199
182
154
140
131
127
127
134
147
193
233
259
258
250
238
222
221
223
223
222
257
262
239
217
195
176
153
144
130
125
123
124
137
165
187
206
216
213
198
179
164
170
168
165
195
219
205
193
172
156
143
129
118
113
111
112
118
119
122
142
161
168
168
154
145
142
139
141
181
192
192
186
170
161
142
127
115
112
112
112
141
191
233
264
261
263
255
229
236
242
248
248
260
255
234
223
199
179
156
137
127
127
121
131
148
192
231
255
256
254
252
226
224
227
227
224
237
257
236
224
194
183
157
137
127
123
123
131
145
189
228
254
259
258
247
226
227
224
223
219
234
253
232
217
196
178
164
145
138
126
129
131
149
196
226
249
249
248
235
217
218
219
224
216
226
253
234
216
197
187
158
146
129
125
125
132
146
193
220
251
252
246
236
218
214
219
220
213
226
252
227
213
192
179
158
139
128
130
127
127
137
164
181
205
205
200
191
169
163
158
159
166
179
211
201
185
170
154
141
124
116
115
109
109
116
125
117
144
159
163
158
143
134
133
130
135
163
183
185
175
162
157
137
124
114
111
109
117
136
184
216
246
246
242
212
212
214
217
218
217
224
251
226
207
190
172
156
140
129
119
121
128
142
184
223
254
261
256
251
227
233
239
240
237
256
257
230
214
192
178
158
150
128
123
127
124
144
197
226
253
259
260
256
231
232
120
130
141
160
169
154
155
168
184
195
202
198
204
202
217
225
224
221
185
147
115
123
115
117
117
128
147
160
160
159
167
175
174
190
201
196
201
196
202
213
211
211
176
146
104
112
105
105
111
117
132
146
151
130
123
114
112
113
112
112
111
117
125
123
121
111
98
88
86
102
103
105
108
115
130
143
153
134
139
141
139
141
141
141
142
146
156
163
169
161
139
120
107
120
116
115
122
130
143
162
173
161
167
173
185
189
193
201
193
188
196
203
208
202
177
137
113
121
119
119
123
134
147
160
173
158
160
170
182
187
203
195
187
192
199
208
209
206
183
138
110
119
112
116
115
124
137
157
166
161
176
176
177
184
194
191
192
191
199
206
210
201
176
137
112
115
111
112
111
123
134
154
169
169
166
167
172
181
195
194
186
186
198
206
202
202
178
130
104
114
106
107
111
117
129
137
153
140
130
134
131
135
137
138
138
143
151
153
150
144
126
103
96
101
97
98
102
105
120
132
138
143
119
111
108
102
102
105
108
113
119
121
114
108
98
82
83
99
96
105
109
114
128
140
148
128
127
134
138
136
138
137
141
147
164
169
170
161
140
123
105
119
113
113
120
130
140
155
168
169
173
181
187
197
204
205
206
202
213
220
219
218
198
153
120
126
119
121
125
132
146
168
179
174
177
188
208
207
218
217
216
209
219
225
228
223
194
155
120
128
123
124
127
138
152
171
179
167
174
186
204
206
218
212
207
206
219
222
224
216
189
144
116
125
123
124
124
137
153
170
180
171
170
182
193
200
209
211
204
203
212
221
223
223
189
152
117
126
119
121
126
135
148
168
180
165
168
177
188
199
206
207
202
193
213
214
210
215
183
146
107
115
111
113
113
120
133
145
146
141
144
121
114
113
112
114
118
122
127
132
124
113
104
92
92
106
107
109
116
122
139
151
155
139
142
143
147
141
149
145
149
147
166
176
175
172
155
127
114
121
119
124
129
138
151
170
184
183
176
191
205
215
223
222
214
206
225
237
230
227
200
159
124
132
129
132
137
149
161
179
196
180
185
209
217
216
226
226
217
220
230
236
236
229
206
158
124
134
131
132
135
145
161
183
192
177
179
194
203
217
229
227
223
222
215
235
232
235
202
161
124
132
132
131
137
138
156
178
189
178
190
198
208
214
224
218
213
214
225
237
227
218
198
155
121
125
121
129
127
137
153
166
185
174
178
186
199
206
220
218
209
212
220
219
222
220
193
146
108
112
112
112
115
124
133
148
158
134
127
121
116
113
113
115
117
121
130
133
130
118
105
102
92
107
109
113
116
125
135
153
161
146
148
156
146
154
156
152
149
159
174
186
186
179
159
129
110
124
123
124
127
138
152
171
187
171
172
187
199
206
210
211
208
207
216
223
226
218
191
151
116
123
119
121
126
134
145
169
191
173
174
185
197
205
212
211
206
204
215
222
218
213
188
151
114
122
115
117
123
130
148
167
180
168
176
190
185
199
211
211
201
196
211
216
217
214
190
147
108
120
114
117
121
128
143
170
181
168
168
178
189
199
205
201
203
196
210
217
214
211
186
141
114
119
117
116
120
130
137
158
175
181
170
171
180
195
205
201
193
200
214
221
213
213
188
138
101
106
103
105
104
114
130
146
152
139
134
119
116
113
111
113
112
118
126
126
117
118
105
94
83
97
105
106
111
123
133
147
154
144
141
145
140
140
144
140
146
149
160
168
175
173
146
122
101
114
112
120
121
133
146
170
180
164
171
182
187
197
197
206
195
196
209
213
217
215
184
142
111
116
114
112
117
129
143
161
170
168
167
182
183
196
203
201
191
199
209
214
217
212
200
146
124
118
117
117
119
128
139
168
177
173
170
179
185
194
203
202
195
195
207
211
210
214
187
142
109
117
112
116
118
128
141
161
176
160
160
175
179
186
195
199
190
192
204
206
215
213
182
138
106
113
108
109
112
127
138
157
178
165
161
172
179
187
200
199
197
191
191
208
214
206
191
141
105
103
102
103
106
115
131
147
149
127
126
111
106
106
108
109
109
119
130
127
121
113
99
85
88
98
97
99
105
115
125
143
154
142
139
142
137
135
138
139
138
146
159
162
173
169
145
114
102
114
107
115
119
126
136
153
174
172
165
171
178
185
195
194
194
189
200
219
216
214
186
134
104
113
108
107
110
118
133
153
185
176
172
178
181
182
194
194
188
189
206
211
215
211
180
136
103
108
102
109
112
126
139
151
172
159
159
169
176
182
192
194
191
184
197
208
210
204
185
137
106
110
107
107
115
121
137
158
173
175
159
168
176
178
193
193
187
187
195
206
207
210
182
136
103
110
107
106
110
121
137
161
173
164
161
170
174
182
192
191
192
200
205
211
211
211
184
137
109
98
98
99
98
111
125
144
149
145
135
118
113
109
114
115
123
130
136
134
134
120
98
85
84
97
97
100
105
114
128
139
153
163
144
146
141
142
142
139
143
159
169
183
184
174
153
117
98
107
103
106
111
118
134
156
169
180
200
185
189
193
198
194
189
190
204
208
213
212
187
137
103
111
107
106
112
124
154
156
179
190
163
171
179
185
193
193
186
183
201
205
208
207
182
138
109
111
105
109
110
121
135
155
175
176
165
175
172
183
191
192
185
184
198
208
208
210
185
143
108
110
106
109
111
122
139
160
177
169
169
176
181
186
195
195
190
191
205
209
213
210
191
141
119
112
106
108
113
118
137
157
178
194
172
173
180
181
196
200
198
197
209
217
217
220
191
146
121
105
104
108
110
116
130
149
155
165
140
129
117
115
118
119
121
125
137
136
135
122
107
92
105
101
102
108
112
119
132
149
156
169
146
139
136
138
141
143
145
157
176
187
191
184
157
125
118
111
111
113
114
125
137
159
170
193
177
176
178
191
193
198
197
204
217
221
228
220
190
145
128
115
107
108
115
121
134
157
173
194
186
199
203
200
190
189
189
191
203
210
215
215
188
137
123
113
108
107
111
125
135
154
174
191
169
185
189
199
201
194
191
192
207
213
215
217
192
144
132
118
110
111
115
124
141
156
175
197
183
192
183
187
202
199
195
188
201
205
222
212
191
142
126
112
108
110
114
126
139
154
180
195
168
186
182
194
197
192
194
190
202
213
213
219
188
145
128
108
100
103
106
112
126
143
151
159
130
121
110
114
113
120
114
119
131
136
129
120
106
91
102
100
97
99
105
119
127
141
149
174
160
142
135
134
132
136
142
147
162
176
177
174
154
122
121
113
108
113
115
125
138
160
175
191
169
174
178
184
190
198
190
193
206
216
221
215
192
151
134
118
114
114
116
125
139
160
185
205
186
197
188
194
205
200
199
200
209
219
222
220
194
153
126
109
102
102
100
112
126
142
153
160
142
137
140
124
119
120
124
136
150
146
143
130
114
105
112
111
110
113
118
125
140
163
177
198
182
187
184
193
202
202
199
201
221
227
225
226
202
154
133
116
110
112
113
122
138
161
174
201
196
194
191
199
208
201
201
200
217
219
228
221
191
145
121
104
101
98
103
111
124
149
158
158
144
127
119
114
117
125
124
130
142
143
131
122
105
94
104
104
100
101
103
115
126
145
159
172
167
164
155
146
145
141
147
152
170
175
173
170
147
133
113
105
100
101
108
120
130
148
163
180
168
170
168
171
171
174
174
172
195
197
201
197
173
128
117
107
100
101
103
112
125
142
150
160
146
138
118
114
116
120
120
132
141
143
137
128
110
92
106
104
107
109
112
122
135
156
174
193
171
173
175
183
197
195
195
188
204
215
221
219
194
151
132
118
110
108
113
121
142
161
182
203
191
199
201
203
211
210
202
205
223
228
234
226
193
147
123
115
107
110
110
123
136
158
174
197
176
178
181
188
192
195
188
189
201
208
211
214
181
138
122
109
102
102
109
118
131
147
158
164
135
118
109
111
112
117
116
124
133
136
136
125
107
93
104
101
101
102
114
118
131
146
159
170
157
142
138
138
142
143
142
147
163
175
180
173
149
121
118
114
107
111
112
126
133
158
177
193
173
173
177
184
187
194
186
193
205
209
212
215
185
145
128
116
112
111
115
126
141
161
173
199
176
181
176
189
194
192
192
193
207
210
216
217
195
157
141
119
112
114
116
130
137
160
179
202
179
180
178
183
196
194
190
191
213
213
217
219
192
149
130
117
112
113
113
124
154
162
194
204
175
181
179
184
194
198
197
190
210
210
223
225
195
152
135
124
111
113
117
126
139
157
184
205
182
179
180
189
197
200
194
192
209
214
221
225
198
155
127
117
102
107
107
117
128
149
166
171
146
128
125
123
119
127
120
133
149
145
139
130
113
100
108
104
106
107
112
121
132
144
163
174
163
150
145
144
147
146
144
154
167
181
183
175
164
138
126
114
111
112
118
124
143
162
178
196
180
182
180
186
200
200
195
194
207
217
218
223
196
159
137
121
111
118
118
123
141
167
179
201
185
186
187
192
196
200
198
200
213
219
220
229
200
162
135
122
116
113
119
129
139
166
184
199
191
188
181
195
205
197
197
195
210
220
224
224
195
158
131
119
111
111
116
123
139
150.1
180
196
179
181
180
190
202
198
187
188
212
218
219
215
186
144
126
115
102
102
105
111
122
136
148
155
129
116
108
102
103
102
105
112
119
122
125
122
106
97
105
103
94
97
99
110
117
130
137
144
122
112
100
101
102
103
100
114
127
131
129
121
110
100
109
100
95
98
104
112
127
136
153
166
151
140
137
134
138
137
136
154
162
170
177
168
147
133
121
112
111
112
117
123
138
157
176
194
201
184
183
187
193
194
195
190
211
220
228
226
194
174
135
121
114
115
120
129
145
163
187
202
189
185
194
194
202
204
203
208
214
226
237
235
204
175
142
126
114
114
119
129
148
170
191
212
205
210
212
217
227
222
216
229
242
256
257
253
216
183
137
121
113
114
118
128
144
165
193
216
204
203
194
201
206
206
204
205
225
234
240
239
213
183
136
125
113
114
117
124
138
162
184
208
223
230
208
210
217
220
212
210
229
241
238
240
210
176
131
113
104
107
108
117
133
148
163
176
157
130
121
120
119
126
126
138
150
144
145
114
109
123
117
110
105
111
111
121
131
146
163
178
207
191
149
149
149
152
152
158
170
187
191
186
165
136
127
116
112
117
117
127
141
162
189
206
223
220
192
197
203
200
202
203
215
229
227
234
204
164
141
122
115
116
121
133
146
166
185
206
227
236
203
207
218
216
213
216
234
245
242
236
213
173
138
121
119
118
123
131
145
165
184
205
225
236
206
213
214
218
210
209
238
246
251
246
215
165
137
123
116
117
120
130
144
167
183
213
224
245
216
214
222
219
216
213
232
242
242
241
214
163
139
119
114
112
117
124
137
159
179
200
218
235
207
202
207
211
205
206
226
237
241
235
209
163
130
116
106
106
112
120
129
152
163
178
178
177
131
125
125
132
131
141
153
155
153
135
115
102
113
109
103
105
110
120
133
152
162
180
194
201
159
153
151
151
149
162
178
191
195
195
167
138
132
123
121
126
121
131
153
168
185
207
225
238
203
199
208
212
207
208
219
235
233
227
211
166
141
121
117
116
120
136
147
179
190
208
226
240
209
207
214
213
206
208
228
235
240
236
209
167
142
124
116
119
120
129
140
170
188
210
234
235
208
207
216
209
207
212
227
237
241
243
220
176
138
124
115
117
119
131
145
169
185
211
227
244
221
218
220
222
215
219
245
253
251
241
223
171
143
124
117
118
120
129
147
170
188
208
222
240
213
217
228
219
207
207
224
231
232
236
210
165
138
119
109
109
113
119
134
154
176
179
186
185
150
136
137
140
136
144
154
155
149
138
113
100
114
106
104
108
112
123
139
153
172
187
202
211
172
167
165
162
163
177
192
205
210
202
178
146
132
118
115
118
123
137
154
166
189
211
228
249
227
215
221
221
215
216
227
245
247
246
219
174
142
127
120
124
126
139
161
177
192
209
233
253
232
230
240
237
228
226
244
252
256
249
227
175
143
125
119
122
123
132
148
170
190
216
232
252
226
226
232
228
223
222
245
248
257
252
230
179
144
123
116
121
128
134
149
170
189
218
230
251
222
218
226
221
220
223
239
251
245
249
220
172
144
123
119
126
131
160
154
171
189
213
230
247
204
196
217
216
216
212
235
235
247
246
215
169
136
120
111
112
113
122
136
156
168
183
188
180
142
131
133
138
138
147
160
159
152
133
118
103
113
109
108
109
117
123
135
148
167
184
198
213
174
165
161
160
155
170
186
196
203
199
175
150
131
123
122
126
132
146
148
166
186
208
228
246
219
211
222
225
220
222
243
252
261
256
224
176
143
127
120
124
129
141
157
171
189
217
228
251
232
239
248
237
228
230
251
258
257
250
224
190
142
124
122
126
124
132
155
177
184
210
227
245
214
212
216
211
209
211
227
240
238
240
215
174
155
137
122
124
127
136
156
179
189
214
227
245
212
208
215
218
208
208
224
234
241
238
221
176
143
131
118
118
122
135
155
174
182
207
222
237
199
195
204
208
207
205
224
229
237
236
205
167
134
118
111
110
113
119
133
155
166
180
186
180
137
124
125
132
136
144
154
161
155
143
122
110
116
110
108
109
112
121
139
153
163
182
198
205
162
152
153
158
156
161
188
198
207
196
177
160
131
120
124
115
128
146
157
176
191
210
223
248
203
202
208
206
209
207
229
238
244
239
214
190
147
129
120
127
122
131
154
180
190
211
229
245
214
206
219
219
211
210
231
239
245
243
218
187
148
127
122
130
129
144
165
185
196
219
231
254
217
211
219
217
216
213
236
242
246
249
223
193
150
134
126
122
128
146
162
184
191
218
234
255
226
223
229
225
223
225
249
255
261
258
228
194
147
128
125
124
134
153
156
175
186
215
228
253
258
246
246
236
233
241
256
261
257
254
227
188
139
117
112
111
114
125
140
159
170
185
196
191
162
146
142
144
141
156
171
166
157
142
119
130
116
110
112
114
119
131
142
153
172
188
207
212
176
162
165
164
164
174
194
202
209
198
177
165
136
125
125
121
130
149
165
180
191
212
231
260
224
218
227
230
225
226
251
256
259
252
220
191
143
128
121
121
126
147
165
186
193
215
229
255
224
211
218
222
213
216
236
244
249
247
222
191
146
132
120
124
133
145
163
185
195
217
233
250
240
229
240
239
232
