-0.90092768
-0.66900428
-0.53407833
-0.56359554
-0.42443804
-0.47925818
-0.28106626
0.077351082
0.20806621
0.10686829
0.073135078
0.3345636
0.72671589
1.3803088
1.4773063
1.4309147
1.26224
0.30083212
-0.55514971
-0.97260493
-1.187654
-1.2298313
-1.2466884
-1.094888
-0.77443029
-0.5382926
-0.4455267
-0.42865232
-0.3696179
0.58336139
3.0839303
3.0248613
0.6929844
-0.2431205
-0.81237605
-0.98103349
-1.225617
-1.187654
-0.98947931
-0.84189326
-0.79971595
-0.72382442
-0.50877539
0.60443277
1.1484027
0.38095519
-0.44129515
-0.99790787
-0.96839065
-0.91778479
-0.68164711
-0.42865232
-0.30215492
0.014101002
0.077351082
0.0014509175
-0.049149768
1.6965696
4.4837956
2.666475
0.5369698
-0.15456887
-0.9599621
-1.1581367
-1.2635628
-1.0147822
-0.87983902
-0.55936399
-0.50877539
-0.46659808
-0.59311275
-0.57623837
-0.46659808
-0.42022376
-0.43286659
-0.31058347
-0.28949482
-0.2304604
-0.20517474
-0.2304604
-0.011198822
0.29661784
0.73516172
1.4056117
1.2411686
0.71407306
0.25867207
-0.40334938
-0.8039475
-0.35276079
0.073135078
0.35143798
0.63394998
0.63394998
0.60443277
0.33879515
0.16168498
0.32613505
0.33034933
0.35986654
0.57491556
0.81949907
1.1399568
1.8778525
1.6333209
0.45263244
-0.16299742
-0.61839841
-0.74491308
-0.69430721
-0.50877539
-0.50456112
-0.50877539
-0.47504391
-0.37383217
-0.26420916
-0.2304604
-0.36118934
-0.69430721
-1.120191
-0.48347246
2.5778716
3.2357479
1.409826
0.51588114
-0.1166162
-0.20938901
-0.83346471
-0.99369359
-0.77443029
-0.47081236
-0.42443804
-0.35276079
-0.61839841
-0.8208046
-1.1412796
-1.0569423
0.63818153
1.5110377
0.94599647
0.56648701
-0.30215492
-0.41600948
-0.61839841
-0.62684423
-0.75755591
-0.79128739
-0.70273576
-0.50456112
-0.382278
-0.2431205
-0.25154905
-0.078666978
0.11951803
-0.057583503
-0.37804645
0.12795177
2.9277947
3.7965576
1.7260868
0.95442502
0.36408081
0.026751087
-0.54672116
-0.57623837
-0.50877539
-0.52984678
-0.41177794
-0.20094319
-0.25154905
-0.34010068
-0.382278
-0.57202409
-0.88826758
-0.78285884
0.96285357
2.7042999
2.2447019
0.9080507
0.11530203
-0.036500028
-0.3696179
-0.39913511
-0.33167213
-0.078666978
0.064701342
-0.028066293
-0.074449247
-0.18830036
-0.2431205
-0.32745785
-0.55514971
-0.74491308
-0.59732702
1.4182718
2.885652
1.3803088
0.82371335
0.11108602
-0.0027650866
-0.33167213
-0.35276079
-0.28528054
-0.23469195
-0.29372637
-0.22624612
-0.15878315
-0.17565753
-0.26842343
-0.33588641
-0.45816953
-0.69430721
0.27552918
2.4514433
2.6326226
1.059851
0.12795177
-0.15456887
-0.15035459
-0.43286659
-0.38649227
-0.35276079
-0.20938901
-0.24733478
-0.45395525
-0.68164711
-0.87141047
-0.97260493
-1.1370654
-1.2171712
0.37252664
2.8815068
1.5531978
0.22072631
-0.43286659
-0.63948706
-0.31058347
-0.17565753
-0.019632557
0.043617867
0.26288635
0.21228048
0.23758342
0.052051603
-0.1672117
-0.36118934
-0.55093543
-0.84189326
-0.53407833
2.5947978
4.3024435
-1.2972942
-1.5123433
-2.0605965
-1.4153631
-0.92201634
-0.73225297
-0.44129515
-0.31058347
-0.17142598
-0.17565753
-0.15035459
-0.34852924
-0.50456112
-0.5888812
-0.57202409
-0.77443029
-0.71539586
0.1321695
1.6080179
1.1863484
0.098434557
-0.81659033
-1.1539225
-0.91357051
-0.36540362
-0.032282297
0.094218552
0.20806621
0.31349222
0.35565226
0.2544578
0.12795177
-0.20938901
-0.58045264
-0.29794064
3.2229668
4.6356132
-0.39070655
-0.60996985
-1.1834397
-1.0400679
-1.1412796
-1.094888
-0.95574782
-0.65636144
-0.32745785
-0.070233243
0.12795177
0.1321695
0.19542338
0.047833871
-0.29794064
-0.67321855
-0.83767898
0.14481924
1.6333209
1.1146539
0.28397501
-0.57623837
-0.75755591
-0.79971595
-0.57202409
-0.39492083
-0.19251463
-0.049149768
0.11530203
0.27976073
0.22072631
0.12795177
0.060485338
-0.12083393
-0.28949482
-0.50456112
-0.58466692
1.1736883
3.6614935
1.0935825
-0.71961014
-0.68587865
-0.77443029
-0.31058347
-0.32745785
-0.12926766
-0.17565753
0.052051603
0.14903524
0.25867207
0.27976073
0.35565226
0.21228048
0.056267607
-0.26842343
-0.60575558
-0.98947931
-0.85453609
1.0767081
2.3585219
0.95021074
-0.13348367
-0.43286659
-0.40334938
-0.39070655
-0.20938901
-0.028066293
0.11530203
0.19120219
0.20385193
0.23336914
0.22494059
0.1321695
0.056267607
-0.19251463
-0.45816953
-0.79128739
1.4435575
4.3573673
1.1652598
-0.17142598
-0.50456112
-0.68587865
-0.47081236
-0.46659808
-0.31901203
-0.42865232
-0.38649227
-0.44129515
-0.36540362
-0.48347246
-0.50877539
-0.53407833
-0.58466692
-0.76598446
-0.9599621
-0.63105851
2.4301992
3.5645996
0.66346719
0.0014509175
-0.35276079
-0.19672891
-0.26420916
-0.34431496
-0.34852924
-0.32745785
-0.23469195
-0.12926766
-0.036500028
-0.1419174
-0.34431496
-0.43286659
-0.55093543
-0.74912735
-0.85875037
-1.1454939
-0.20517474
2.6621571
3.2314299
0.70985878
-0.46659808
-0.41600948
-0.54250688
-0.56359554
-0.50456112
-0.22624612
-0.16299742
-0.040716032
0.11530203
0.15746898
0.11108602
-0.023848561
-0.087100713
-0.18408608
-0.5256325
-0.92623061
-0.6015413
1.2706858
2.1984139
1.367666
0.085784817
-0.69852149
-0.85875037
-0.7280387
-0.57623837
-0.51298967
-0.47504391
-0.35697506
-0.17142598
-0.10818419
-0.011198822
-0.15456887
-0.28106626
-0.42865232
-0.43708087
-0.53407833
-0.68164711
0.49059548
3.1471444
1.3971832
-0.29372637
-0.078666978
-0.55093543
-0.33167213
-0.38649227
0.073135078
0.11108602
0.35143798
0.3177065
0.42734678
0.22072631
0.30504639
0.27131491
0.21228048
0.14903524
0.056267607
-0.26842343
-0.54672116
-0.80816177
-0.32324358
2.6030882
3.6532031
1.1357426
0.2544578
-1.0274251
-1.0442995
-1.1286195
-1.094888
-1.2213854
-0.99790787
-0.79128739
-0.69009293
-0.74912735
-0.67743283
-0.57202409
-0.23890622
-0.19672891
-0.45816953
-0.74912735
-0.73646725
0.36408081
2.2320936
1.8693895
0.81949907
-0.60575558
-0.97260493
-0.89249913
-0.73225297
-0.68164711
-0.37383217
-0.24733478
-0.19251463
0.0056676125
-0.028066293
0.035184477
-0.099750453
-0.032282297
0.17011872
0.039401172
-0.19672891
-0.43286659
0.46107827
3.7079541
2.366985
-0.49611529
-0.34852924
-1.3942744
-1.1454939
-1.5587349
-0.74912735
-0.29372637
0.35986654
0.4104724
0.50323831
0.37674092
0.48214965
0.32613505
0.1363855
-0.091316717
-0.23469195
-0.4623838
-0.6015413
0.19120219
1.7766408
1.7176582
0.72671589
-0.37383217
-0.43708087
-0.52984678
-0.33167213
-0.31901203
-0.18830036
-0.044933764
0.18698619
0.22072631
0.27552918
0.32192077
0.3177065
0.22072631
-0.19672891
-0.58466692
-0.66479
0.99237078
3.526602
2.3502315
0.65082436
-0.382278
-0.9599621
-0.77864456
-0.58045264
-0.23469195
-0.26842343
-0.20517474
-0.42865232
-0.25576333
0.047833871
0.21228048
0.15746898
0.17011872
0.10686829
-0.13348367
-0.45816953
-0.36118934
1.2453828
3.5687448
1.7598873
0.32613505
-0.40756366
-0.81659033
-0.8039475
-0.78707312
-0.62684423
-0.66479
-0.59732702
-0.5382926
-0.33167213
-0.27263771
-0.15878315
-0.3063692
-0.39492083
-0.35697506
-0.40756366
-0.5888812
-0.88826758
-0.97260493
0.31349222
3.0037899
3.0670041
0.48636393
-0.33588641
-0.52141822
-0.51720395
-0.33167213
-0.18830036
0.026751087
0.1363855
0.30504639
0.33879515
0.3345636
0.29661784
0.34300943
0.18698619
0.14903524
0.081568813
0.068917346
-0.057583503
0.11530203
0.92490781
2.9151865
3.3537131
1.4140403
-0.75755591
-1.6683579
-1.575592
-1.0358536
-0.46659808
-0.20517474
-0.23890622
-0.25154905
-0.15878315
-0.099750453
-0.015416553
0.018317697
-0.057583503
-0.25997761
-0.45816953
-0.66479
-0.86719619
-0.082882982
1.9706012
2.1056653
1.5363234
0.5369698
-0.79128739
-1.187654
-1.4490946
-1.3984887
-1.3900602
-1.1750111
-0.93044489
-0.61839841
-0.43286659
-0.43708087
-0.28106626
-0.066017238
0.047833871
0.085784817
0.081568813
0.014101002
0.14903524
1.409826
2.7592237
0.018317697
-1.1075482
-1.267777
-1.4069345
-0.93044489
-0.79971595
-0.36118934
-0.31479775
-0.023848561
0.090002548
0.2417977
0.17433645
0.24601197
0.15325297
0.085784817
-0.22203184
-0.57202409
-0.8840533
-1.0316394
0.41468668
3.0880754
2.2279484
-0.0069828179
-0.85875037
-0.90092768
-0.96417638
-0.90514196
-0.70273576
-0.46659808
-0.18408608
0.056267607
0.090002548
0.17855245
0.28818928
0.23758342
0.16168498
0.14903524
0.073135078
-0.12926766
-0.3063692
-0.31479775
0.92912209
2.7970485
2.2657733
1.3212744
0.047833871
-0.61418413
-0.95574782
-1.267777
-1.4322375
-1.33524
-1.3057228
-1.3647572
-1.3521144
-0.97681921
-0.56780981
-0.29372637
-0.053365772
-0.070233243
0.022534392
0.039401172
-0.1419174
-0.17142598
1.0387624
3.5982793
2.1267367
-0.75755591
-0.46659808
-1.1117624
-0.8039475
-0.87562475
-0.34010068
-0.15035459
0.16590271
0.16590271
0.19542338
0.077351082
0.068917346
-0.15878315
-0.42865232
-0.62262996
-0.70695004
-0.91357051
-0.947302
0.073135078
2.1984139
2.5778716
0.9586393
-0.036500028
-0.31058347
-0.50877539
-0.53407833
-0.62684423
-0.54250688
-0.30215492
-0.15878315
0.030967782
0.085784817
-0.12504993
-0.28949482
-0.49190101
-0.59311275
-0.38649227
0.20806621
2.5314109
2.8476544
-0.019632557
-0.015416553
-0.68164711
-0.61418413
-0.71539586
-0.66479
-0.50032957
-0.45395525
-0.30215492
-0.20517474
0.039401172
0.27976073
0.29661784
0.38516947
0.48636393
0.43577534
0.18276846
-0.019632557
0.26288635
2.2447019
3.0670041
0.81949907
-0.14613341
-0.79128739
-0.87141047
-1.2972942
-1.29308
-1.0738167
-0.64791562
-0.39070655
-0.17565753
-0.082882982
-0.10818419
-0.12083393
-0.18408608
-0.25997761
-0.35697506
-0.49190101
-0.70273576
-0.67743283
1.3507916
3.412782
1.7260868
0.30927794
-0.13769967
-0.33167213
-0.31058347
-0.29794064
-0.032282297
0.077351082
0.11108602
0.1363855
0.17855245
0.090002548
-0.019632557
-0.27685199
-0.61839841
-0.8039475
-0.71539586
-0.29794064
1.9579929
3.0163982
1.0767081
0.064701342
-1.1665826
-0.94308772
-0.82501888
-0.67321855
-0.60575558
-0.42443804
-0.22624612
-0.053365772
0.056267607
0.1363855
0.25024352
0.27552918
0.17433645
0.073135078
-0.31479775
-0.79128739
-0.24733478
2.480805
3.0543958
1.1146539
-0.19672891
-0.96417638
-0.81659033
-0.80816177
-0.74912735
-0.71539586
-0.39492083
-0.16299742
0.0014509175
0.077351082
0.19963765
0.27552918
0.45684672
0.50745259
0.34722371
0.068917346
-0.20517474
-0.011198822
2.4681968
2.6074061
-0.1166162
-0.55093543
-1.4997004
-1.0021221
-0.90935623
-0.72382442
-0.93044489
-0.66900428
-0.62262996
-0.37383217
-0.18830036
-0.1166162
-0.2431205
-0.2431205
-0.057583503
-0.12926766
-0.31058347
-0.69430721
-0.99369359
-0.77864456
1.0640653
2.5018764
1.6965696
0.18276846
-1.0316394
-1.4870403
-1.6852323
-1.2635628
-0.86298192
-0.40756366
-0.18830036
-0.091316717
0.085784817
0.34722371
0.38938375
0.41468668
0.41890096
0.35986654
0.19542338
-0.099750453
-0.049149768
1.7007838
3.2735727
1.730301
0.72671589
-0.21360329
-0.63948706
-1.1244053
-1.225617
-0.91778479
-0.61839841
-0.43286659
-0.1419174
0.043617867
0.1363855
0.085784817
-0.036500028
-0.082882982
-0.17142598
-0.18408608
-0.44974097
-0.77864456
-0.69430721
1.5995894
3.5435282
1.7555694
0.14481924
-0.92201634
-1.1539225
-1.120191
-0.67743283
-0.34431496
0.022534392
0.16590271
0.37252664
0.46950682
0.51588114
0.52011269
0.49902403
0.40625813
0.18698619
0.056267607
-0.1166162
-0.382278
-0.3696179
0.93333636
2.6960095
2.1604164
0.19120219
-0.92623061
-1.0232108
-1.0147822
-0.75755591
-0.61839841
-0.48347246
-0.35697506
-0.25154905
-0.3063692
-0.32324358
-0.23890622
-0.32324358
-0.45395525
-0.6015413
-0.77443029
-0.97681921
-0.45395525
1.5953578
2.0170619
0.6002185
-0.23469195
-0.59732702
-0.62684423
-0.79128739
-0.75755591
-0.76177018
-0.71961014
-0.56780981
-0.30215492
-0.26420916
-0.20094319
-0.18408608
-0.18408608
-0.29794064
-0.56780981
-0.72382442
-0.62262996
0.27131491
2.9025782
0.3363869
0.72931438
1.0224581
0.77920629
0.52351347
0.49232145
0.47985486
0.83535703
1.1222419
0.66695589
-0.24363139
-0.52429315
-0.51182656
-0.35589201
-0.46816795
-0.44320923
-0.39331732
-0.64280239
-0.28730022
-0.26234149
-0.35589201
-0.14384247
-0.19373693
-0.22492129
-0.056525256
0.26779511
0.59210526
1.0162248
0.79169842
0.093160674
-0.40578391
-0.61784366
-0.3683586
-0.16255258
-0.19373693
-0.3122334
-0.19373693
-0.32469999
-0.40578391
-0.29353351
0.199188
0.86652351
1.2345178
1.1596672
0.83535703
0.12434503
-0.3122334
-0.27480808
-0.019104029
-0.075235359
-0.21868544
-0.24363139
-0.26857479
-0.29976681
-0.21244704
0.50478804
1.1846259
1.5775278
0.96633286
0.17423949
-0.81117798
-1.0107711
-0.91722063
-0.78624481
-0.75505279
-0.7363529
-0.46193466
-0.29353351
-0.15631673
-0.062761106
-0.11265812
0.13058088
0.43619625
0.6045974
1.6211865
2.7313771
2.6378777
1.0973087
-0.012867158
-0.54299303
-0.77377822
-0.53052645
-0.53052645
-0.23739554
0.018317198
0.055737914
0.10563493
0.018317198
-0.075235359
-0.23739554
0.055737914
0.94760743
2.1326232
2.7811924
1.4590442
-0.062761106
-0.61784366
-0.7987114
-0.94841265
-0.82990342
-0.47440125
-0.3060001
-0.062761106
-0.068999509
-0.03157675
0.24284405
0.41747082
0.39253764
0.61706399
1.5837867
3.3112779
2.8435253
0.2553183
-0.77377822
-1.2664895
-1.0481965
-0.8486033
-0.62407696
-0.58041835
-0.54299303
-0.42450934
-0.28730022
-0.20621119
-0.26234149
-0.46193466
-0.61784366
-0.34342542
1.8457128
4.5776075
1.6149532
-1.1542136
-1.297656
-1.1854056
-0.47440125
-0.17502683
0.12434503
0.14929098
0.42996296
0.16800364
-0.0253409
0.043263661
-0.13136822
-0.55548517
-0.96711254
-1.3725066
-0.32469999
2.4943586
1.9829475
-0.87356202
-1.2415308
-1.3849732
-1.172939
-0.8984952
-0.39331732
-0.081473763
0.068212168
0.080686421
0.030790941
-0.13136822
-0.16878843
-0.2561082
-0.75505279
-1.0918551
0.82912374
3.1618321
1.9579887
-0.20621119
-1.0170044
-1.391232
-1.328848
-0.98581242
-0.71139418
-0.28730022
0.055737914
0.31768702
0.32392031
0.22413395
-0.12513237
-0.45567582
-0.58041835
-0.65526898
-0.91722063
-0.94841265
1.0099915
3.2990157
2.3134909
0.79793172
-0.2561082
-0.66150227
-1.172939
-1.1355137
-0.82990342
-0.61161037
-0.23739554
-0.093948016
0.2366082
0.34887904
0.286495
-0.16878843
-0.28730022
-0.46193466
-0.64280239
-1.2789561
-1.0980884
0.89148223
2.4444667
1.7334624
0.55467995
-0.97334583
-1.3662733
-1.1791723
-1.0731296
-0.65526898
-0.41827605
-0.19373693
0.061976318
0.3363869
0.56717208
0.59833856
0.2178981
0.068212168
-0.29353351
-0.72386077
-1.0856218
-1.3350813
0.030790941
1.9267967
1.4216188
0.18047534
-0.34965871
-1.2165976
-1.8340259
-1.6406916
-1.297656
-0.8486033
-0.51805986
-0.3122334
0.061976318
0.52974677
0.6544893
0.79793172
0.59210526
0.12434503
-0.43074264
-0.7924781
-0.87356202
0.11187078
2.3571495
2.0889646
1.5214026
0.81039831
-0.45567582
-0.8486033
-1.4223985
-1.0481965
-0.63654355
-0.3683586
-0.23739554
0.11810663
0.2178981
0.34887904
0.41747082
0.30522043
-0.037815154
-0.37461744
-0.63031025
-0.84237
-0.93592052
-0.21868544
0.95384072
1.3280683
1.3093429
0.54844665
-0.44320923
-0.94841265
-0.90475404
-0.67396886
-0.51805986
-0.48063454
-0.18126268
0.074448017
0.42996296
0.66695589
0.84159033
0.7605064
0.3363869
0.13681928
-0.19373693
-0.66773557
-0.54925188
1.1222419
2.7500259
1.8519716
0.34264574
-0.42450934
-1.2290642
-1.4535905
-1.515949
-1.36004
-0.83613671
-0.13136822
0.36757892
0.7667397
0.99749933
1.0536501
0.97256615
0.71684779
0.42996296
0.10563493
-0.23115714
-0.67396886
-1.1167882
-0.61161037
0.66695589
1.8582049
1.9267967
0.39253764
-1.2914227
-1.6032662
-2.2020202
-2.520097
-2.3142706
-2.0149192
-1.4535905
-0.8984952
-0.22492129
0.23037235
0.37381221
0.48608816
0.79169842
0.7605064
0.66695589
0.51728018
0.3363869
0.061976318
0.13058088
0.91644096
2.1201566
2.1825151
0.82912374
-0.40578391
-1.0170044
-1.36004
-1.6094995
-1.3163814
-0.78001151
-0.49933443
-0.13136822
-0.075235359
0.061976318
0.10563493
0.21165969
0.38004551
0.30522043
0.14929098
-0.075235359
-0.12513237
-0.081473763
-0.18126268
-0.15631673
0.26779511
1.4839773
2.4132747
1.8519716
0.2802617
-0.56795176
-0.90475404
-1.1542136
-1.6157584
-1.8839433
-1.8028594
-1.4910158
-0.7924781
-0.29353351
0.16176524
0.46736273
0.67318918
0.67942248
0.77920629
0.6607226
0.42996296
0.35511233
0.23037235
0.055737914
-0.019104029
0.42370412
1.3592603
1.6211865
1.3156017
0.14929098
-1.0357043
-1.3725066
-1.6157584
-1.6406916
-1.8527513
-1.9774938
-1.7155422
-1.3662733
-0.95464595
-0.49933443
-0.3122334
-0.037815154
0.16800364
0.26156182
0.24908245
0.2178981
0.23037235
0.055737914
0.47362157
1.7272291
2.1014312
1.2407511
-0.056525256
-0.70516088
-1.1916389
-1.1854056
-1.2290642
-1.0856218
-0.78624481
-0.41827605
-0.13760407
0.055737914
0.26156182
0.36134562
0.35511233
0.32392031
0.36134562
0.27402841
0.21165969
0.030790941
-0.062761106
-0.10018387
0.24908245
1.0037582
1.7584211
1.3093429
0.12434503
-0.80494469
-1.1479803
-1.5658409
-1.5533743
-1.1043217
-0.73011961
-0.47440125
-0.19373693
-0.050289407
0.055737914
0.2366082
0.36134562
0.41123753
0.56093879
0.52974677
0.41747082
0.2802617
0.074448017
-0.14384247
-0.33095883
-0.17502683
0.51102134
-0.012867158
-0.21868544
-0.56171846
-1.1604469
-1.3413146
-1.5221823
-1.5409078
-1.7030756
-1.6843502
-1.36004
-1.0918551
-0.87356202
-0.53675974
-0.14384247
0.2178981
0.44242955
0.48608816
0.46112943
0.29272829
0.21165969
-0.0253409
-0.10641971
0.14929098
1.4590442
1.7396957
-0.58041835
-1.5284412
-1.4972491
-1.4972491
-1.5658409
-1.815326
-1.6531582
-0.82990342
-0.081473763
0.34264574
0.67942248
0.92267425
1.1721338
1.2968763
1.477744
1.4590442
1.5276359
1.402919
1.321835
0.91644096
0.62329728
0.31768702
0.2366082
0.13681928
0.72308109
2.2698323
2.1575819
0.40500423
-1.0668963
-1.5284412
-1.9400685
-2.0523189
-1.9276019
-1.5533743
-1.0731296
-0.72386077
-0.37461744
0.20542384
0.57963867
0.81039831
1.1097753
1.3343016
1.5151694
1.3280683
1.3530015
1.0848166
0.94760743
0.6544893
0.89148223
1.9579887
2.8248765
1.8270129
0.23037235
-1.0045379
-1.6219917
-1.8402847
-1.6032662
-1.515949
-1.4036986
-1.1230215
-0.78624481
-0.34342542
-0.15007832
-0.22492129
-0.2561082
-0.29353351
-0.24363139
-0.21244704
-0.093948016
-0.044051003
-0.050289407
0.030790941
0.037027812
-0.34342542
-0.33095883
0.96633286
3.3237956
2.5442505
-0.26234149
-1.1167882
-1.391232
-1.1479803
-1.0357043
-0.69269429
-0.43074264
-0.21868544
0.16176524
0.63576387
0.89771553
0.97256615
1.1160086
1.0910498
1.0661167
0.6045974
0.024554069
-0.48063454
-0.53675974
-0.78624481
-0.7987114
-1.1978722
-0.95464595
0.38630435
2.6128423
3.2302962
1.8893714
0.3363869
0.061976318
-0.3060001
-0.3683586
-0.51182656
-0.22492129
-0.27480808
-0.32469999
0.08692227
0.38630435
0.67318918
0.79169842
0.79169842
0.96009957
0.94137413
0.7667397
0.53598006
0.21165969
-0.044051003
-0.51182656
-0.18126268
1.3841935
2.0827313
1.2781764
-0.53675974
-1.7779007
-2.2269534
-2.6946548
-2.4265465
-2.1022364
-1.9026432
-1.7217755
-1.3350813
-0.77377822
-0.43697593
0.14305513
0.49232145
0.78546513
0.72308109
0.57340538
0.46736273
0.20542384
-0.16878843
0.012080327
1.2157924
0.80416501
-0.53052645
-0.84237
-1.297656
-1.3849732
-1.4910158
-1.3226147
-1.141747
-0.46193466
-0.037815154
0.23037235
0.42996296
0.54844665
0.38630435
0.2553183
0.24284405
0.018317198
-0.075235359
-0.38708403
-0.54299303
-0.87979532
-1.0544298
-0.42450934
1.0661167
1.6648451
0.84159033
-0.056525256
-0.0066302866
-0.19373693
-0.15631673
-0.15631673
-0.0066302866
0.037027812
0.14305513
0.36757892
0.3363869
0.48608816
0.47362157
0.43619625
0.3363869
0.29272829
0.16176524
-0.14384247
-0.69269429
-1.0419632
-0.89226191
0.13681928
0.7106145
0.79169842
0.13058088
-1.4847826
-2.0710444
-1.9276019
-1.3350813
-0.7924781
-0.71139418
-0.85483659
-0.76128608
-0.48063454
-0.068999509
0.40500423
0.64199716
0.74803981
0.58587197
0.77297299
0.7043812
0.34264574
0.037027812
-0.11889397
0.20542384
1.7895876
2.5130841
1.5837867
-0.037815154
-0.99207126
-1.1355137
-1.5221823
-1.597033
-1.172939
-0.7363529
-0.49933443
-0.13136822
0.012080327
0.068212168
0.080686421
0.093160674
-0.11889397
-0.056525256
-0.16255258
-0.28104138
-0.53675974
-0.68020216
-0.64903568
-0.39331732
0.37381221
1.0785833
0.82912374
-0.46193466
-0.76751938
-0.58041835
-0.56795176
-0.62407696
-0.80494469
-0.93592052
-0.67396886
-0.46193466
-0.26234149
0.012080327
0.11187078
0.38630435
0.46112943
0.42996296
0.3363869
0.24908245
0.18047534
0.13681928
0.72308109
2.3945748
2.3321908
0.46112943
-0.10641971
-0.97334583
-1.0731296
-1.1479803
-1.0793629
-1.0045379
-0.64280239
-0.34965871
-0.16255258
0.16800364
0.42996296
0.61706399
0.7106145
0.57963867
0.44866284
0.39253764
0.32392031
0.286495
0.030790941
-0.15631673
-0.29353351
0.043263661
1.8706715
3.2116474
1.3904268
-0.15631673
-0.71139418
-0.93592052
-0.89226191
-1.1167882
-0.96711254
-0.87356202
-0.52429315
-0.35589201
-0.037815154
0.068212168
0.23037235
0.36757892
0.47985486
0.54844665
0.54221336
0.43619625
0.16176524
-0.093948016
-0.19997278
-0.39331732
0.6045974
3.3426998
2.8499119
0.21165969
-0.59291048
-1.4785237
-1.3538067
-1.2477641
-0.65526898
-0.3683586
-0.068999509
0.2553183
0.38004551
0.46736273
0.67318918
0.56093879
0.51728018
0.41747082
0.22413395
0.080686421
0.012080327
-0.11889397
-0.34342542
-0.75505279
-0.48063454
1.777121
2.6503954
1.0411579
-0.7425862
-1.9026432
-2.0772777
-1.9712606
-1.6843502
-1.4161652
-0.96711254
-0.44944252
0.074448017
0.34264574
0.67942248
0.91018211
1.0411579
0.92267425
0.78546513
0.69188907
0.45489614
0.12434503
-0.32469999
-0.59291048
-0.73011961
0.52974677
2.4631666
1.7272291
0.068212168
-1.3039148
-2.0273858
-1.8901766
-1.6781169
-1.6094995
-1.547141
-1.2539974
-0.82990342
-0.31846669
0.08692227
0.31768702
0.56717208
0.68565577
0.71684779
0.72308109
0.73554768
0.82912374
0.86029021
0.74803981
0.59210526
0.13681928
-0.13136822
1.1596672
2.5130841
1.4153855
-0.33095883
-1.2727228
-1.547141
-1.297656
-1.1542136
-1.0793629
-0.82367012
-0.43697593
-0.062761106
0.24284405
0.38630435
0.40500423
0.41123753
0.46112943
0.58587197
0.73554768
0.75427311
0.6544893
0.67942248
0.47985486
0.39253764
0.35511233
0.38630435
0.90394882
1.7209958
1.7147625
0.84782362
-0.64903568
-1.0918551
-1.0544298
-1.515949
-1.7966261
-1.5783331
-1.5596076
-1.4598238
-1.1791723
-0.82990342
-0.54925188
-0.26234149
-0.037815154
0.093160674
0.199188
0.31768702
0.22413395
0.099396524
-0.23739554
-0.61161037
-0.56171846
0.55467995
1.3280683
0.41747082
-0.59914378
-1.3662733
-1.4785237
-0.99207126
-0.43697593
-0.081473763
0.074448017
0.3301536
0.34264574
0.54844665
0.7667397
1.0286914
1.0661167
1.0099915
0.89771553
0.7667397
0.6544893
0.47985486
0.2366082
-0.050289407
-0.10018387
1.103542
2.6503954
1.8644382
0.12434503
-0.76751938
-0.76128608
-0.56171846
-0.43697593
-0.32469999
-0.26857479
-0.16255258
-0.0253409
0.18047534
0.51728018
0.80416501
0.99749933
1.103542
1.1284752
0.86652351
0.72308109
0.54221336
0.16176524
-0.23739554
-0.41827605
-0.3683586
0.26156182
2.232407
2.5816759
0.93514084
-0.48686784
-0.92345393
-0.85483659
-0.73011961
-0.58041835
-0.35589201
-0.13760407
0.068212168
0.42996296
0.59833856
0.80416501
0.88524894
1.0411579
1.1783671
1.0473912
0.8228649
0.64823046
0.47985486
0.41747082
0.14929098
0.08692227
