-0.37070978
-0.393024
-0.25216551
-0.44602026
-0.3567634
-0.30934569
-0.29121539
-0.3567634
-0.3567634
-0.31771352
-0.31980548
-0.25356015
-0.43207388
-0.34281701
-0.27029581
-0.36513123
-0.32887063
-0.28284756
-0.26750653
-0.32329207
-0.38744545
-0.2661119
-0.34281701
-0.29818858
-0.30795105
-0.39860255
-0.46275593
-0.30376714
-0.1866175
-0.40278647
-0.36513123
-0.34839557
-0.37070978
-0.26471726
-0.21451027
-0.43207388
-0.40278647
-0.27029581
-0.28703147
-0.25356015
-0.31213497
-0.22566738
-0.3135296
-0.31492424
-0.30516177
-0.21451027
-0.2842422
-0.25356015
-0.36513123
-0.37628834
-0.36513123
-0.3205028
-0.27029581
-0.23682449
-0.32329207
-0.33933042
-0.25356015
-0.22566738
-0.28703147
-0.22706202
-0.33444918
-0.38674813
-0.2228781
-0.34839557
-0.33723846
-0.32329207
-0.37070978
-0.28703147
-0.425798
-0.29818858
-0.33723846
-0.28145292
-0.32747599
-0.33096259
-0.3386331
-0.28982075
-0.33305454
-0.25356015
-0.3205028
-0.31980548
-0.33654114
-0.30376714
-0.19777461
-0.20893172
-0.26053334
-0.33444918
-0.22845666
-0.35955268
-0.3205028
-0.36513123
-0.37768298
-0.25356015
-0.36513123
-0.3170162
-0.25356015
-0.2591387
-0.16988184
-0.2591387
-0.27587437
-0.25356015
-0.29818858
-0.16430328
-0.2591387
-0.28703147
-0.19219605
-0.20335316
-0.26471726
-0.28703147
-0.22008882
-0.2591387
-0.32608135
-0.30934569
-0.23124593
-0.29818858
-0.25356015
-0.25356015
-0.34839557
-0.26471726
-0.28005828
-0.27169045
-0.32329207
-0.34839557
-0.3205028
-0.35815804
-0.29818858
-0.27587437
-0.30097786
-0.25356015
-0.26750653
-0.27587437
-0.17546039
-0.30376714
-0.25356015
-0.22845666
-0.2479816
-0.35397412
-0.29121539
-0.36164463
-0.37907761
-0.26192798
-0.34560629
-0.29818858
-0.39023472
-0.26471726
-0.28703147
-0.30655641
-0.2591387
-0.29400467
-0.34979021
-0.23682449
-0.31213497
-0.37070978
-0.29818858
-0.25356015
-0.27866364
-0.34281701
-0.33723846
-0.37628834
-0.34281701
-0.29818858
-0.32887063
-0.20335316
-0.25356015
-0.26471726
-0.29818858
-0.3135296
-0.37280174
-0.29818858
-0.25634943
-0.31492424
-0.33165991
-0.2591387
-0.23124593
-0.24658696
-0.27587437
-0.33444918
-0.32329207
-0.30097786
-0.26471726
-0.28703147
-0.27866364
-0.3135296
-0.26471726
-0.2479816
-0.23682449
-0.19568265
-0.26750653
-0.23124593
-0.29818858
-0.22706202
-0.22008882
-0.32608135
-0.21451027
-0.20335316
-0.20335316
-0.22706202
-0.23961376
-0.29818858
-0.25356015
-0.16988184
-0.30934569
-0.1503569
-0.17546039
-0.24937623
-0.23682449
-0.25356015
-0.20893172
-0.22566738
-0.30376714
-0.27866364
-0.28493952
-0.23682449
-0.24519232
-0.1866175
-0.2082344
-0.25356015
-0.22706202
-0.27866364
-0.33584382
-0.18103895
-0.25356015
-0.21451027
-0.27587437
-0.26471726
-0.23124593
-0.24240304
-0.1866175
-0.33305454
-0.21172099
-0.29818858
-0.22566738
-0.33165991
-1.0066649
-0.22566738
-0.64963749
-0.99271856
-1.0178221
-0.67055706
-0.29818858
-0.16988184
-0.3386331
-0.36792051
-0.39023472
-0.52063342
-0.58827339
-0.47670231
-0.4655452
-0.38744545
-0.64963749
-0.61058761
-0.66079459
-0.65521604
-0.77933887
-1.0122435
-1.1907572
-1.0345577
-1.2409642
-1.8113714
0.42144489
-2.2116326
-0.38674813
-0.45438809
-0.25356015
-0.27169045
-0.27029581
-0.16360597
0.011421168
-0.024839434
-0.22008882
-0.17546039
-0.27029581
-0.40278647
-0.28703147
-0.22566738
-0.1866175
-0.11270166
0.062325473
0.55114627
0.8928327
1.6215313
1.6264126
-0.52830394
-0.99271856
0.19272417
0.7659206
0.65086292
0.36565935
0.432602
0.83425789
1.1745497
1.1522355
0.96326195
0.66969054
0.57206585
0.033735384
0.28198104
-0.44462562
-0.41533822
-1.0080596
-1.1963358
-1.5979917
-1.7709268
-1.3246425
-0.92856519
-0.62313935
-0.22706202
-6.3983374
0.59438006
-0.17824967
-0.20893172
0.086731647
-0.43765243
-0.64963749
-0.90625097
-0.84488688
-0.71658013
-0.69984447
-0.31492424
0.017697041
0.014210445
-0.058310758
-0.1866175
-0.1866175
0.1501877
0.55533019
1.2191781
1.5636538
1.4311632
0.44375911
-1.0345577
-0.50598972
0.61669428
1.026718
1.127132
0.94025041
0.66690127
0.44933766
0.46049477
0.61669428
0.82100882
0.66202003
0.30499257
-0.72494796
-0.47112376
-1.1461288
-0.90067242
-1.1070789
-1.1293931
-1.0268872
-0.82257266
-0.62732327
-0.37768298
-8.3313064
-1.5617311
-0.46275593
-0.26471726
-0.46972912
-0.47670231
-0.92995983
-0.75284074
-0.85604398
-0.43765243
-0.33654114
0.019788999
-0.035996542
-0.25634943
-0.47670231
-0.11967485
0.053260323
0.46607332
0.65574416
1.4785809
1.8077156
1.4555693
-0.013682326
-0.83372977
-0.07504642
0.49117681
0.85936138
1.2861208
0.95698608
0.75057958
0.49117681
0.6682959
0.55811946
0.51209639
0.72826536
0.5051232
-0.15872473
-0.2591387
-0.75284074
-0.89788314
-1.3818227
-1.2158607
-1.1154467
-0.60989029
-1.002481
-0.60221978
-0.78910134
-0.9397223
-4.5825181
0.80078656
-0.83372977
-0.5631699
-0.54225032
-0.93414374
-0.9690097
-0.64126965
-0.43486316
-0.31492424
-0.13083196
-0.25356015
-0.2479816
-0.28703147
-0.038785819
0.067206708
0.35450224
0.42074757
0.81752223
1.6821981
2.0224899
1.769363
-0.25356015
-0.94530085
-0.17685503
0.3384639
0.49954465
0.96116999
1.1173695
1.0964499
1.0044038
0.96256463
0.80357584
0.80636512
0.23735261
-0.19219605
-0.61616616
-0.66079459
-0.71379086
-1.1461288
-1.2758302
-1.319064
-1.4696849
-0.70542303
-0.80025844
-0.72215869
-1.3636924
-0.52412002
-0.61058761
-0.63848038
-0.78910134
-0.66079459
-0.47670231
-0.48785942
-0.38186689
0.040708576
0.064417431
-0.29818858
-0.48228086
-0.47670231
-0.32608135
-0.34281701
-0.022050157
0.081153093
0.46049477
0.97372174
1.3753776
1.9388116
3.2163005
0.26942929
-0.61058761
0.069995985
0.32382019
0.48001971
0.97372174
1.2359138
1.1745497
1.0183502
0.77289379
0.41028778
0.089520924
-0.45438809
-0.67753026
-0.13710783
0.044892492
-0.29958322
-1.1796001
-1.0178221
-1.2800141
-1.2353857
-1.0066649
-0.90625097
-0.98992928
-0.49343797
0.044892492
-0.69984447
-0.68589809
-0.63429646
-0.48228086
-0.32817331
-0.097360636
-0.16360597
-0.24519232
-0.33444918
-0.20893172
-0.32608135
-0.18382822
-0.17824967
-0.030417988
0.026064872
-0.12246413
0.37751378
0.99603595
1.4200061
1.52042
-0.62174472
-0.44880954
0.28198104
0.41586633
0.58740687
0.71710825
0.8565721
1.0406644
0.77289379
0.68363693
0.5595141
0.51906958
0.49954465
0.053260323
-0.38744545
-0.64405893
-0.75981393
-0.97319362
-0.85046543
-0.83930832
-0.84488688
-1.1809948
-1.0178221
-0.91182952
-0.75005146
-0.82257266
0.56090874
-0.49901653
-0.45717737
-0.62174472
-0.59385195
-0.35397412
-0.22566738
-0.23124593
-0.2591387
-0.30376714
0.032340745
-0.34979021
-0.2479816
-0.21172099
-0.21451027
-0.22008882
-0.14477835
0.18714562
0.48838754
0.86772921
1.0664652
1.5315771
1.4590559
-1.3246425
-0.60500905
0.45770549
0.59438006
0.83425789
1.0322966
1.1940746
1.3140135
1.0741357
0.87609704
0.76731524
0.42702344
-0.052732204
-0.51296291
-0.30725373
-0.35397412
-0.67055706
-0.90904025
-0.93135446
-1.1907572
-0.93414374
-1.1126575
-0.98644269
-3.2743472
0.17040996
-0.66079459
-0.16430328
-0.33444918
-0.75563001
-0.61058761
-0.34281701
-0.18940678
-0.12246413
-0.052732204
-0.052732204
0.19272417
-0.17546039
-0.068770547
-0.25356015
-0.24170572
-0.13641051
0.17877779
0.30429525
0.32660947
0.75755277
1.2387031
1.8969724
-1.6105434
-0.86720109
0.23735261
0.62785139
1.0553081
1.3195921
1.4311632
1.4423203
1.2805422
1.0992392
1.2638065
0.88725415
0.27640248
-0.34839557
-0.65521604
-0.58687875
-1.1628645
-1.2158607
-1.249332
-1.2702516
-1.3246425
-1.0345577
-0.83930832
-0.90346169
-1.0010864
-0.080624974
-0.43207388
-0.393024
-0.35955268
-0.22008882
-0.39023472
-0.78352278
-1.0122435
-0.94530085
-0.69984447
-0.61616616
-0.38256421
-0.35397412
-0.097360636
0.081153093
0.40470923
0.86772921
1.590152
2.1849653
3.2163005
1.570627
-1.0596612
-0.55201279
0.42353685
0.68433425
1.1368944
1.2135996
0.85378283
0.68363693
0.46607332
0.6390085
0.49396609
0.56509266
0.43818055
-0.24519232
-0.17546039
-0.80025844
-1.5477847
-1.1015004
-1.118236
-1.3357996
-0.85883326
-0.78561474
-1.1070789
0.23735261
0.28198104
-0.393024
-0.44323099
-0.54922351
-0.50459508
-0.23961376
-0.37907761
-0.32189744
-0.36513123
-0.43207388
-0.4906487
-0.40975966
-0.30934569
-0.25356015
0.11322978
0.45770549
0.6390085
0.96465659
1.1522355
1.7770335
2.959687
-1.2130714
-0.10851774
0.72826536
0.89562198
0.96814318
1.1745497
1.2024425
1.1522355
1.0225341
0.97372174
0.82867933
0.25966682
-0.10014991
-0.30376714
-0.44323099
-0.99132392
-1.0296765
-1.120328
-1.2270178
-1.2235312
-1.2318991
-1.0568719
-0.54922351
-0.23124593
-0.67753026
-0.56526186
-0.45438809
-0.45996665
-0.44323099
-0.35118484
-0.37907761
-0.26750653
-0.29818858
-0.41254894
-0.58687875
-0.63290182
-0.67753026
-0.2479816
-0.01856356
0.17040996
0.30499257
0.90120054
1.5315771
1.9848347
-0.72215869
-0.81420483
-0.15244886
0.46049477
0.83146861
1.111791
1.2777529
1.4367417
1.2777529
0.9904574
0.81752223
0.49954465
-0.0025252175
-0.81699411
-0.66358387
-0.74726218
-0.89788314
-1.0533853
-0.9508794
-1.0980138
2.7142306
-0.60500905
-0.29818858
-0.36513123
-0.45438809
-0.61058761
-0.51435755
-0.52133074
-0.29818858
-0.43486316
-0.393024
-0.36931515
-0.33444918
-0.30376714
-0.25356015
-0.1866175
0.075574539
0.15646357
0.70595114
1.3419063
1.7937692
1.7840067
0.66132271
-1.2353857
-0.12525341
0.25408827
0.39355212
0.52743742
0.94025041
1.2749637
1.4423203
1.3195921
1.0030091
0.96814318
0.7477903
-0.24170572
-0.42649532
-1.068029
-0.75702465
-0.85883326
-0.68659541
-0.79467989
-1.4138994
-1.5589418
-1.1907572
-2.1586364
0.28198104
-0.48228086
-0.25634943
-0.44323099
-0.30376714
-0.41882481
-0.49343797
-0.393024
-0.34281701
-0.25356015
-0.17546039
-0.23403521
-0.20893172
-0.024839434
0.1536743
0.34892369
0.52464814
0.84123108
1.2303352
1.6487268
-0.15593545
-1.1349717
0.049773727
0.48280898
0.6501656
0.79520801
1.2135996
1.2414923
1.026718
0.68433425
0.42214221
0.29034887
0.0030533365
-0.1322266
-0.28982075
-0.013682326
-0.07504642
-0.54364496
-0.87766088
-0.78910134
-1.1489181
-1.7632563
-1.4641064
-0.96622043
-0.43207388
0.82310078
-0.30655641
-0.37907761
-0.40139183
-0.54364496
-0.45996665
-0.39999719
-0.45438809
-0.34839557
-0.64684821
-0.77585227
-0.47251839
-0.20893172
-0.030417988
0.41935293
0.78265626
1.2944886
1.6375697
1.7170641
-1.4376082
-0.60989029
0.4144717
0.58601223
0.67247982
0.9904574
1.0071931
1.1083044
0.80636512
0.46607332
0.32730679
0.35241028
0.24572044
-0.31213497
-0.39581328
-0.27238777
-0.57153773
-0.65800532
-0.92228931
-0.88951531
-1.2911712
-1.6481987
-1.5422061
-1.253516
-0.65800532
0.51628031
1.8662904
-0.39860255
-0.46833448
-0.40418111
-0.51714683
-0.57153773
-0.61058761
-0.40975966
-0.39581328
-0.41533822
-0.1866175
0.12578153
0.38797356
0.5051232
0.71710825
1.3614312
1.4011784
1.8439762
-0.56595917
-0.92298663
-0.11130702
0.59856398
1.0546108
0.97930029
1.2526494
0.97930029
0.66202003
0.67805837
0.67805837
0.67247982
0.3712379
-0.38744545
-0.47251839
-0.35536876
-0.85046543
-0.73889435
-1.1231173
-1.0401363
-1.2911712
-1.4947884
-1.2939605
-1.0010864
-0.71379086
-0.47670231
-0.37907761
0.014210445
-0.96203651
-0.97877217
-0.44880954
-0.59664122
-0.71100158
-0.48228086
-0.56456454
-0.38744545
-0.37628834
-0.393024
-0.29749126
-0.1322266
0.042103215
-0.1140963
0.23177405
0.51209639
0.845415
1.2805422
1.7993477
-0.91740808
-1.037347
0.20667056
0.79241873
1.0574
1.1020285
1.1299213
0.96256463
0.84053376
0.81473295
0.76731524
0.62785139
0.34125317
-0.15314618
-0.27587437
-0.38744545
-0.6754383
-1.2214393
-1.5394169
-1.3943744
-1.168443
-3.464018
0.14809574
-0.72773724
0.19272417
-0.31074033
-0.5269093
-0.41673285
-0.25356015
-0.04715365
-0.25356015
-0.52133074
-0.60710101
-0.73889435
-0.59385195
-0.46833448
-0.30376714
-0.43207388
-0.44880954
-0.40975966
-0.10014991
0.27082393
0.21224911
1.258228
1.7770335
1.9820454
-0.65521604
-0.88951531
-0.17546039
0.25966682
0.54975163
0.92351475
1.3363278
1.308435
1.1864041
1.2638065
1.1299213
0.3712379
-0.44323099
-0.24519232
-0.48507014
-0.91322416
-0.9146188
-0.85604398
-1.2047036
-1.4027423
-1.8308963
-1.3636924
-0.44323099
-0.36513123
-0.41533822
-0.1140963
-0.30376714
-0.25356015
-0.393024
-0.64963749
-0.69984447
-0.6356911
-0.61058761
-0.40906234
-0.45996665
-0.45438809
-0.52133074
-0.47949159
-0.44323099
-0.15314618
0.097888755
0.62785139
1.2512548
1.5148415
1.8251485
0.54696235
-0.25356015
0.16762068
0.59159079
0.49954465
0.68363693
0.90120054
0.72826536
0.90747641
0.316847
0.66550663
1.3307492
1.044151
0.99603595
1.1243427
1.2526494
1.0964499
0.55811946
-0.086203528
-0.67334634
-0.94251157
-0.65521604
-1.0234006
-0.76678712
-0.29818858
0.078363816
0.78893214
1.3809562
2.5301383
1.4200061
0.036524661
0.15227966
0.25339095
0.87888632
0.97372174
0.41028778
0.14809574
0.035130022
0.081153093
0.29313815
0.56369802
0.98487885
1.6654624
1.6919606
0.60832645
-1.2744355
-1.4968804
-0.38674813
0.063022792
0.11183514
0.033735384
0.62785139
0.83425789
0.98348421
1.1745497
1.2191781
1.109699
0.77289379
0.30778185
0.15646357
0.613905
0.76173669
0.24850971
-0.44602026
-0.83372977
-0.56874845
-0.29818858
-0.66637315
-0.16988184
-3.9465629
-0.56595917
-0.13083196
0.1536743
-0.035996542
0.66202003
0.86912385
0.98906276
0.99603595
1.0406644
1.0127716
1.0099823
0.99603595
1.1494462
1.9792561
2.2791034
2.7811732
3.2163005
3.8585315
2.8787979
0.91235764
0.3349773
-0.25356015
-0.14756762
0.014210445
0.3712379
1.1717604
1.3976918
1.3725884
0.94582897
0.99603595
0.93188258
0.92909331
0.28198104
0.12996544
-0.029720668
-0.45438809
-0.87766088
-0.86441182
-1.2632784
-0.90067242
-0.98435073
-0.2591387
0.82867933
6.0836772
0.87888632
-0.57153773
-0.48785942
-0.63708574
-0.42231141
-0.34839557
-0.32608135
-0.10572847
0.44933766
1.0657679
1.4534774
1.6152555
2.6033568
3.5119638
3.8187843
3.2274576
1.2303352
0.072785262
-0.11967485
-0.097360636
-0.044364373
0.25408827
0.48280898
1.208021
1.5092629
1.4646345
1.5092629
1.470213
1.0727411
1.2275459
0.32660947
0.053260323
-0.78910134
-0.52063342
-0.48785942
-0.61058761
-1.168443
-1.1963358
-0.72215869
-1.893655
0.042103215
-0.11967485
0.086731647
0.13693863
-0.26053334
-0.33723846
-0.56038062
-0.61058761
-0.60221978
-0.54364496
-0.32817331
-0.22008882
-0.1866175
-0.045759011
0.41028778
1.0078904
1.5413396
1.9109188
2.1731109
2.6096327
1.2833315
-0.1503569
0.18156707
-0.0081037716
0.38657893
0.86215066
1.1354998
1.2679905
1.2289406
1.1745497
0.95140752
0.77289379
0.58880151
0.46188941
0.30499257
0.014210445
-0.37907761
-0.10293919
-0.20893172
-0.38326153
-6.6347286
1.5845734
-0.55271011
0.81752223
0.24711508
-0.34560629
-0.53248785
-0.35955268
-0.56177526
0.10346731
1.1020285
1.8662904
1.7777308
1.4116382
1.3976918
1.0852928
1.2512548
1.5817841
1.850252
1.6682517
2.0894325
2.2526053
1.8593172
1.3697991
1.1438676
1.7770335
0.34334513
-0.5269093
-0.17546039
0.44654838
0.73454123
0.89004343
0.98208957
1.1522355
1.6180447
1.5762056
1.6487268
1.0971472
0.89562198
0.47723043
0.12299225
-0.22008882
-0.39581328
0.10346731
-0.59385195
-1.1042896
-1.1907572
-1.2939605
-0.96203651
-0.63848038
-0.19916925
-1.1517073
1.2916993
-0.25356015
0.030946107
-0.35885536
-0.58757607
-0.5994305
-0.34281701
-0.22985129
0.014210445
0.11183514
0.32103092
0.45352157
0.78126162
0.81194367
0.97372174
1.3363278
1.8886046
1.4869487
1.2972779
1.4423203
1.6654624
0.39773603
0.6390085
0.23735261
0.14809574
0.67247982
0.46049477
0.46049477
0.43818055
0.58322296
0.7840509
0.81752223
0.66202003
0.52743742
0.46467868
0.95559144
1.1341052
0.93188258
0.27082393
-0.25356015
-0.50459508
-0.8239673
-1.1042896
-1.5422061
-0.83372977
-0.66079459
-0.35118484
0.24850971
0.76173669
1.0127716
1.2610173
0.90120054
-2.5582003
-1.037347
-0.34839557
-0.68310881
-0.8783582
-0.72773724
-0.28703147
-0.015076964
0.34613441
0.31824164
0.70037259
1.1243427
2.0266738
2.7309663
1.6403589
-0.90625097
-1.168443
0.69061012
0.99603595
1.0155609
1.1912853
1.4200061
1.6543053
-1.3560219
2.3355862
1.1912853
-0.25356015
-0.75284074
-0.51017363
0.45910013
0.68363693
0.053260323
-0.1866175
-0.25356015
-0.82257266
-0.93414374
-1.6956164
-1.68167
-1.4892099
-0.66637315
-0.29818858
-0.31631888
-0.28703147
-0.39860255
-1.4138994
0.59995862
-0.39860255
-0.54643424
-0.7444729
-0.61616616
-0.49692457
-0.69566056
-0.52133074
-0.69984447
-0.66079459
-0.55759134
-0.38326153
0.44933766
1.0518215
1.1083044
1.2972779
1.2526494
1.6326884
-1.3832173
-1.268857
0.59438006
1.1675765
1.4478988
1.3921133
1.4060597
1.0741357
1.0295073
0.74500102
0.81194367
0.66132271
0.65574416
-0.34560629
-0.56595917
-0.92089468
-0.99550784
-1.3023283
-1.8657623
-1.249332
-0.73610507
-0.66916242
-0.56038062
-0.18243359
-0.086203528
-0.30097786
-0.43486316
0.75057958
-0.71100158
-0.61058761
-0.56526186
-0.9397223
-0.76120857
-0.76330052
-0.91182952
-1.0471095
-1.1907572
-1.0234006
-0.23124593
0.24572044
0.67247982
0.77289379
0.79520801
1.1131856
1.1619979
-0.20893172
-0.41812749
0.59995862
0.89562198
0.83146861
0.67666374
0.58322296
0.61669428
0.41028778
0.46049477
0.45352157
0.30429525
-0.20195852
-0.22566738
-0.56595917
-1.6091488
-1.5589418
-1.6551718
-1.3246425
-0.75005146
-0.38744545
-0.39441864
-0.47670231
-0.49901653
-4.6424875
1.3474849
-0.24170572
-0.76120857
-0.69287128
-0.8783582
-0.93414374
-0.81141555
-0.80025844
-0.49901653
-0.43207388
-0.49831921
-0.20893172
-0.11758289
0.18714562
0.82937665
0.73244928
0.63621922
0.66341467
1.0964499
0.83704716
-1.1600752
-0.13083196
0.85099355
0.86912385
0.90398981
0.88446487
0.67108518
0.59438006
0.63342994
0.43120736
0.46049477
0.21503839
-0.58757607
-0.97877217
-0.92298663
-1.1461288
-0.82257266
-1.1572859
-1.249332
-0.7444729
-0.51435755
-0.46833448
-0.34281701
-0.28145292
-0.30376714
-0.052732204
0.14251719
-0.31213497
-0.35955268
-0.9578526
-1.2353857
-1.0457148
-0.94809013
-0.65521604
-0.47112376
-0.070165185
0.40470923
0.54417308
1.1745497
1.3419063
1.0518215
1.3670098
1.0546108
-0.65521604
-0.83372977
0.37681646
0.81752223
0.84262572
0.9179362
0.76731524
0.50233392
0.10346731
0.078363816
0.28198104
0.27082393
0.59856398
-0.2228781
-0.98992928
-0.69984447
-0.26750653
-0.51575219
-0.76678712
-1.0122435
-1.0345577
-1.1070789
-0.92298663
-0.55619671
-0.83372977
-0.85186007
-0.805837
-0.42719264
-0.51017363
0.35868616
-0.54364496
-0.55759134
-0.77724691
-0.8783582
-0.84488688
-0.66079459
-0.58548411
-0.38744545
-0.06528395
0.93885578
1.5315771
1.0211394
0.86284798
0.99603595
1.3774696
1.9388116
0.075574539
-0.508779
0.53719989
0.55672482
0.62785139
0.39913067
0.27082393
0.44933766
0.41586633
0.28198104
0.075574539
0.20667056
0.58880151
0.46049477
0.21224911
-0.5380664
-1.5714935
-1.3134854
-1.4194779
-0.8783582
-0.44323099
-0.041575096
0.25966682
0.17040996
-2.5421619
-1.2123741
-0.38186689
-0.51017363
-0.78910134
-0.75284074
-0.72773724
-0.49343797
-0.51435755
-0.47391303
-0.19777461
-0.091782082
0.081153093
0.51628031
1.0462429
1.2861208
2.0615398
1.4423203
-0.31492424
-0.55480207
0.086731647
0.71710825
0.92351475
1.2414923
1.3530634
1.208021
0.97790565
0.60972109
0.46049477
0.17040996
0.062325473
-0.34839557
-0.29818858
-0.71658013
-0.8783582
-1.1015004
-0.87766088
-1.068029
-1.4515546
-1.2158607
-0.62453399
-0.51435755
0.040708576
-1.6537772
-0.25356015
-0.052732204
-0.40906234
-0.61616616
-0.38674813
-0.39790523
-0.48785942
-0.29818858
-0.097360636
-0.063191993
-0.058310758
-0.27029581
-0.07504642
0.2261955
0.45491621
0.68363693
0.82937665
1.6403589
2.1675323
-0.54922351
-1.2270178
0.14251719
0.57206585
0.95698608
1.2526494
1.5148415
1.771455
1.487646
1.3307492
0.68921548
-0.058310758
-0.49901653
-0.46833448
-0.52133074
-0.87417429
-0.64963749
-0.9397223
-1.0959218
-0.90625097
-0.85883326
-1.2521213
-1.2855926
-1.0401363
-0.72494796
-3.3691826
1.6543053
-1.2765275
-0.19219605
-0.46275593
-0.47670231
-0.25356015
-0.32329207
-0.39720792
-0.34560629
-0.25356015
-0.25356015
0.030946107
-0.44323099
-0.72146137
-0.39860255
-0.13083196
0.18156707
0.46119209
0.81752223
1.0887794
1.4172168
1.3697991
-1.8071874
0.10346731
0.83007397
0.95977535
1.308435
1.6152555
1.6068876
1.3809562
1.2972779
1.1229481
0.82589006
0.52743742
-0.13641051
-0.29818858
-0.2082344
-1.0624505
-0.98992928
-1.1293931
-1.268857
-1.2312017
-1.1084736
-1.0568719
-1.1015004
-0.7082123
-0.61058761
-0.28842611
0.86215066
-0.98992928
-0.23682449
-0.24240304
-0.51784415
-0.44323099
-0.5813002
-0.44880954
-0.35955268
-0.50459508
-0.46693984
-0.38186689
-0.16988184
0.12578153
0.52743742
0.86912385
1.258228
1.5315771
2.3348889
-0.091782082
-0.34839557
0.33009607
0.47165188
0.69479404
0.89004343
1.0218368
1.2916993
1.1522355
1.0539135
0.90887105
0.65574416
0.097888755
-0.5380664
-0.033207265
-0.31631888
-0.24240304
-0.81699411
-0.94530085
-1.249332
-1.994069
-2.275786
-1.1796001
-0.48925406
-0.058310758
-1.4522519
0.27640248
-0.54922351
-0.10293919
-0.39860255
-0.32608135
-0.56595917
-0.45020418
-0.61058761
-0.77794423
-0.91182952
-0.73052652
-0.31492424
0.086731647
0.42283953
0.90677909
1.1187641
1.5650485
2.3795174
2.0706049
-1.1461288
1.1299213
1.4172168
1.3154082
1.1745497
1.3976918
0.74500102
0.54417308
0.36565935
0.30708453
0.33358266
0.57206585
0.54975163
0.23735261
-0.23124593
-0.55480207
-0.82257266
-1.3581138
-1.0010864
-1.5477847
-1.5756775
-0.72773724
-0.53248785
-0.68450345
-0.70263375
-1.0443202
-1.745126
1.2972779
-1.6733022
-0.25356015
-0.53248785
-0.393024
-0.59385195
-0.51296291
-0.45438809
-0.43765243
-0.5199361
-0.51017363
-0.52133074
-0.43207388
-0.18243359
0.38797356
0.5051232
0.40331459
0.86215066
1.3000671
2.2902605
2.2902605
0.042103215
-0.7444729
-0.10572847
0.30987381
0.72826536
1.1633926
1.2359138
1.0413617
0.86772921
0.81752223
0.69758331
0.8816756
0.95977535
0.23735261
-0.48785942
-0.85046543
-1.1126575
-1.0568719
-0.79467989
-0.69984447
-1.0624505
-1.004573
-0.92298663
-7.5447303
1.1592087
-0.69496324
-0.086203528
-0.36024999
-0.63290182
-0.54364496
-0.42370605
-0.25356015
-0.19916925
-0.14198907
-0.25356015
-0.56177526
-0.76120857
-0.70542303
-0.61058761
-0.048548288
0.36844863
0.77289379
1.111791
1.7268265
1.9053403
-0.86720109
-0.95645796
0.33776658
0.78962946
1.1466569
1.3419063
1.3872321
1.2665958
1.0044038
0.64598169
0.72268681
0.54975163
0.13693863
-0.13850247
-0.12246413
-0.81699411
-0.82257266
-0.86441182
-1.3148801
-1.2409642
-1.5924131
-1.4083208
-0.64684821
-0.18940678
-6.1556703
-0.02832603
-0.34560629
-0.19219605
-0.34281701
-0.49901653
-0.393024
-0.5269093
-0.58269484
-0.58827339
-0.40906234
-0.39860255
-0.78910134
-0.88951531
-0.81141555
-0.61058761
0.053260323
1.1159749
1.0852928
-1.1461288
-2.1837398
-0.5269093
0.48420362
0.89143807
1.3976918
1.5315771
1.5929412
1.7881906
1.8188727
1.4423203
0.81961418
0.25129899
0.19272417
0.49396609
0.68921548
0.6682959
0.68433425
-0.17964431
-0.24728428
-1.2298071
-1.5143134
-1.4752635
-1.1070789
-0.99271856
-1.5422061
-1.4041369
-0.62453399
-1.0624505
-0.63848038
-0.20753708
-0.097360636
-0.34281701
-1.2465428
0.088823605
-0.83930832
-0.3567634
-0.38186689
-0.45996665
-0.59803586
-0.59664122
-0.66637315
-0.51017363
-0.47670231
-0.19498533
-0.0032225368
0.46049477
0.88446487
0.92630403
1.3028564
1.6989338
2.8146446
-0.31841084
-0.22148346
0.27919176
0.5776444
0.94582897
0.99603595
1.1745497
1.0699518
0.68084765
0.3712379
0.54417308
0.52185886
0.52743742
0.46049477
-0.5380664
-0.57432701
-0.43207388
-1.1963358
-0.92995983
-1.5589418
-1.7116547
-1.0345577
-0.62941523
-0.29818858
-0.16081669
0.030946107
-0.091782082
-0.17546039
-1.4390029
-0.29609662
-0.67753026
-0.51296291
-0.61616616
-0.51854147
-0.68729273
-0.48228086
-0.56595917
-0.84488688
-0.94460353
-0.93693302
-0.59803586
-0.06528395
0.44375911
0.6501656
0.90677909
1.620834
2.184268
2.3878852
-0.29818858
-0.87626624
0.35450224
0.6501656
0.96256463
1.1187641
1.0574
1.1048178
1.1912853
1.2205728
0.97093246
0.68363693
0.39076284
-0.25356015
-0.12525341
-0.28842611
-0.10014991
-0.20614244
-0.28982075
-0.14756762
-11.856953
-0.38674813
-1.1140521
-0.56177526
-0.41254894
-0.54085568
0.078363816
0.95698608
1.1243427
0.99603595
1.3837455
0.82310078
2.461801
2.708652
2.4360002
1.9151027
2.2686436
2.1396395
1.3677071
1.1564194
1.7805201
1.1745497
1.2024425
0.89004343
0.51070175
-0.14059443
0.16762068
0.36565935
-0.013682326
0.10346731
0.22061694
0.60553717
0.9904574
1.1689711
1.258228
1.3279599
1.28891
0.95140752
0.67247982
0.4074985
-0.15593545
-0.35955268
-0.13362124
-0.71379086
-0.57711628
-0.7444729
-0.71239622
-1.8824979
4.7504028
0.60135326
0.10346731
-0.30934569
-0.22008882
1.4018758
3.9191983
4.0753978
3.2992815
1.7100909
1.157814
1.6515161
0.82728469
0.42702344
0.33288534
0.2261955
0.60693181
0.3712379
0.35450224
0.072087943
-0.2591387
-0.53248785
-0.7444729
-0.026931391
0.39424944
0.89004343
0.89004343
0.92212011
1.0539135
1.5929412
1.6403589
1.0685572
0.55044895
-0.058310758
-0.033207265
0.081153093
0.062325473
-0.16430328
-0.37907761
-0.4655452
-0.63848038
-0.55898598
-2.9758945
-1.2911712
-0.55759134
0.2952301
0.71710825
0.56369802
0.98766812
1.5371557
2.8704301
2.6026595
2.3125747
1.8886046
1.5782975
1.6821981
1.75193
1.5092629
0.49396609
0.17877779
0.79520801
0.45352157
0.25966682
-0.086203528
-0.25356015
0.086731647
0.10346731
0.00026405949
0.52464814
0.87051849
0.82310078
0.73384391
0.93467186
1.0057984
1.1131856
0.74918494
0.9179362
-0.25356015
-0.45438809
-0.66079459
0.10346731
0.53301597
0.062325473
-0.27587437
-1.0345577
-0.78212814
-1.1126575
-1.4194779
-1.45016
-0.49343797
2.2456321
-0.07504642
0.10974318
-0.42021945
-0.34281701
-0.25356015
-0.24240304
-0.45996665
-0.64196697
-0.36303927
-0.43765243
-0.19498533
0.069995985
0.21922231
0.10346731
0.3712379
1.1717604
1.6438455
2.6096327
1.6989338
-0.78910134
-0.070862504
0.31126845
0.51070175
0.78126162
1.3279599
1.5762056
1.4234927
1.258228
1.1864041
1.1299213
0.61111573
-0.25356015
-0.07504642
-0.25356015
-0.690082
-0.8783582
-0.92298663
-0.87766088
-0.71100158
-1.0401363
-1.3204586
-1.0122435
-1.1293931
0.46049477
0.065812069
-0.14477835
-0.5380664
-0.35397412
-0.37419638
-0.33165991
-0.17824967
-0.29400467
-0.65521604
-0.82536194
-0.77515495
-0.56038062
-0.23124593
-0.0060118138
0.14530646
0.16762068
0.47444115
0.45491621
0.46049477
0.72268681
1.1299213
1.7993477
2.2735248
0.87609704
0.081153093
0.86633457
1.0253234
1.0685572
0.63342994
0.64737633
0.73244928
0.67247982
0.97930029
0.62506211
0.30987381
-0.20195852
-0.66079459
-0.75284074
-0.69775251
-0.59385195
-0.72773724
-0.7444729
-0.64963749
-0.86162254
-1.1105655
-0.68310881
-0.47670231
-0.30934569
-0.29818858
-0.44602026
-0.57153773
-2.9563696
-0.29818858
-0.23124593
-0.47670231
-0.81420483
-0.55898598
-0.34560629
-0.42091677
-0.47670231
-0.48228086
-0.37628834
-0.3965106
-0.34281701
-0.34281701
-0.38186689
-0.46833448
-0.30934569
-0.37907761
-0.30376714
-0.46833448
-0.35955268
-0.45996665
-0.3135296
-0.40975966
-0.42091677
-0.38116957
-0.34281701
-0.33165991
-0.34281701
-0.2591387
-0.43207388
-0.46475698
-0.45535772
-0.49966853
-0.52920908
-0.4137324
-0.3942625
-0.29288471
-0.40030488
-0.52920908
-0.72256538
-0.95888974
-1.3885704
-1.146875
-0.75479143
-0.018963291
-0.19083556
-0.41641791
-0.35733681
-0.20426308
-0.10489942
0.15962274
0.35700729
0.20393355
0.05891633
-0.28348545
-0.69033933
-1.136133
-1.2274402
-1.4369095
-0.98037378
-0.65005677
-0.61514521
-0.61514521
-0.61111696
0.77863144
-0.61514521
0.077714859
-0.79373124
-0.6742263
-0.63595787
-0.58560467
-0.64200025
-0.56143513
-0.59366118
-0.50772505
-0.38419186
-0.40030488
-0.44327295
-0.37882085
-0.27408619
-0.31436875
-0.24991665
-0.33853828
-0.35666544
-0.36807883
-0.38754874
-0.40030488
-0.35196581
-0.44327295
-0.36539333
-0.27408619
-0.1532385
0.040789177
0.15895136
0.13746733
0.26032914
0.25764364
0.21736107
0.029375784
-0.81924353
-0.22843261
-0.23917463
0.12068293
0.169022
0.37983408
0.31941023
0.45905645
0.33082363
0.27241391
0.085099995
-0.10489942
-0.080729886
0.034075416
0.088456875
0.30598271
0.14753797
0.24824437
-1.4100544
-2.1096283
-0.61514521
0.6201867
1.4782053
1.8179215
1.7695825
1.4043539
0.93707619
0.72492136
0.53962157
0.45637094
0.47248397
-0.24991665
-1.0072288
-1.1683591
-1.3885704
-1.0287129
-0.19620656
0.07234385
-0.37882085
-0.74673492
-0.9656035
-1.109278
-0.90786517
-0.66348429
0.45905645
-0.16935152
-0.25528766
-0.41641791
-0.49698303
-0.35733681
-0.30966912
-0.14786749
-0.061931357
0.12672531
-0.013592282
0.045488809
0.045488809
-0.17606528
-0.31436875
-0.50772505
-0.61514521
-0.66348429
-0.67556906
-0.50235404
-0.13712547
-0.18546455
-0.21634785
-0.24454564
-0.3801636
-0.3016126
-0.30496948
-0.14182511
-0.1532385
-0.013592282
-0.061931357
-0.048503836
-0.31436875
-0.37344984
-0.47012799
-0.58291916
-0.49966853
-0.25260215
-0.26334417
-0.025677051
0.07234385
0.018633767
0.018633767
-0.20694858
-0.22843261
-0.34122379
-0.08341539
-0.89040939
-1.5604427
0.67389678
1.0948496
1.7642115
1.8743171
1.6749185
1.1975701
0.82428501
-4.6219174
2.5658345
1.1358035
-0.69033933
-0.80447326
-0.64200025
-0.37076433
-0.025677051
0.3006117
0.48591149
0.49665351
0.22474621
-0.53726559
-0.98037378
-0.94143397
-0.64737126
-0.35666544
-0.37143571
-0.62185897
-0.80850151
-0.84609857
-1.0528824
-0.78164647
-0.57217715
-0.40567589
-0.58291916
-1.0542251
-1.125391
-0.71182336
-0.34793755
-0.14518199
0.06563009
-0.19620656
-0.029705307
-0.18546455
-0.94546222
0.0085631268
-0.1223552
-0.14249648
-0.25260215
-0.48624101
-0.45670047
-0.42178891
-0.43253093
-0.36942158
-0.35733681
-0.22843261
-0.32511076
-0.4137324
-0.44327295
-0.31436875
-0.4110469
-0.25528766
-0.12101245
-0.17875079
-0.21231959
-0.17203703
-0.20627721
-0.16935152
0.093827884
0.018633767
0.11531192
0.021319271
-0.14786749
-0.045818332
0.12068293
0.11531192
0.050859817
0.029375784
0.11531192
0.12873944
-0.11027043
-0.078044382
0.50605277
-0.061931357
-1.0394549
-1.0904794
-0.35196581
-0.056560349
1.0606094
1.5339295
1.9253417
1.9145997
1.8770026
1.7628687
1.4090535
1.0498674
0.4436148
0.034746792
-0.056560349
-0.44125882
-0.57217715
-0.91860718
-1.2596662
-0.85146958
-0.87295361
-0.84609857
-1.3697719
-0.89712315
-0.66079878
-0.65811328
-0.79238849
-0.57217715
-0.49161202
-4.4634727
-3.0320989
-0.42178891
-0.40567589
-0.57217715
-0.57217715
-0.56613476
-0.43521643
-0.42447442
-0.3465948
-0.33182452
-0.13712547
-0.14249648
-0.024334299
-0.1532385
-0.21231959
-0.29019921
-0.28952783
-0.37210709
-0.34458067
-0.40567589
-0.36270782
-0.33853828
-0.46207148
-0.48087001
-0.57217715
-1.0448259
-0.86892536
-0.28751371
-0.1532385
0.050859817
0.39661848
0.44160067
0.3623783
0.11531192
0.024004776
-0.096842911
-0.013592282
0.15022347
0.52350855
0.33418051
0.41608838
0.22810309
0.11531192
-0.092814655
-0.38150635
-0.32511076
-0.35733681
-0.30295535
-0.22306161
-0.012920906
-0.056560349
0.024004776
-0.0075498982
-1.6034107
-2.1969072
0.30463996
0.97467325
1.5762262
1.474177
1.4204669
1.3130468
1.2969337
1.0122703
0.60944468
0.21601832
-0.086100895
-0.1391396
-0.20694858
-0.37882085
-0.61514521
-1.0716809
-1.0448259
-0.81118702
-0.78500335
-0.88369563
-0.78298922
-0.6070887
-0.56076375
-0.6742263
-0.58426191
-0.57889091
-0.46072872
-0.12638346
-0.13443997
2.091843
0.78937346
-0.83535655
-0.47012799
-0.6688553
-0.69033933
-0.78701748
-0.63931475
-0.44327295
-0.078044382
-0.28952783
-0.11027043
-0.13041171
-0.090129151
0.029375784
0.045488809
0.029375784
0.07234385
0.11531192
0.080400363
0.03004716
0.0078917507
-0.1364541
-0.12638346
-0.37344984
-0.40030488
-0.58291916
-1.0340839
-0.8648971
-0.81924353
-0.58829017
-0.44058744
-0.51443881
-0.24320289
-0.099528415
-0.22776124
-0.11564144
-0.067302366
0.088456875
0.21736107
0.41810251
0.20191943
0.31941023
0.11531192
-0.14249648
-0.099528415
-0.38419186
-0.78164647
-1.786025
-0.65811328
0.45368544
1.0820934
1.3184178
1.2083121
0.93170518
0.59870266
0.34895078
0.22810309
0.22810309
0.12471118
0.38386233
0.2025908
-0.55874963
-1.0367694
-0.94009122
-1.2516097
-1.2368394
-1.0877939
-0.64737126
-0.80850151
-0.83535655
-0.69436759
-0.61514521
-0.89712315
-0.81387252
-0.32511076
-1.0313984
0.16365099
-0.51041055
-0.57150577
-0.65139952
-0.66348429
-0.56412063
-0.475499
-0.43253093
-0.22843261
-0.13578272
0.1045699
0.15290897
0.16365099
-0.047161084
-0.051189341
-0.051860717
0.11531192
-0.056560349
0.26301465
0.38789059
0.73700613
0.80951474
0.77594594
0.73834888
0.65576963
0.45905645
0.38453371
0.37312032
0.33015225
0.25495813
0.24421612
0.029375784
0.19453429
0.169022
0.39460435
0.54499258
0.48591149
0.43757242
0.44428618
0.4268304
0.50202451
0.54499258
0.71686485
0.4912825
0.35163628
-0.10221392
-0.42984543
-0.69436759
-0.63662925
-0.31101187
-0.32511076
-2.7843612
-2.5379662
-1.0354266
0.51813754
2.2643866
2.7941023
2.9914869
2.8041729
2.3805347
1.6272508
0.86725308
0.68866705
0.45905645
0.50739552
0.67389678
0.60675918
0.18513502
-0.31436875
-1.3939414
-1.3006201
-1.2113271
-1.3563444
-1.4422805
-1.5973684
-1.3845422
-0.93740571
-0.7386784
0.19050603
-1.2072989
-2.0545754
-1.775283
-0.33048177
-0.56680614
-0.68228282
-0.5399511
-0.43924469
-0.30765499
-0.10758493
0.02669028
0.13411045
0.07234385
0.11732604
-0.17472253
-0.1532385
-0.13309722
-0.0082212742
-0.27140068
-0.14786749
-0.59768944
-0.67959731
-0.59366118
-0.72793639
-0.69571034
-0.66348429
-0.73263602
-0.49161202
-0.57217715
-0.15860951
0.057573578
0.099198892
0.33082363
0.3791627
0.30933959
0.32343849
0.1045699
-0.024334299
-0.094157407
-0.18277904
-0.056560349
0.30933959
0.55304909
0.57050487
0.63092871
0.27375666
-0.11899832
-0.45938597
-0.8031305
-0.65811328
-0.74404941
-0.61514521
-0.40030488
0.066972842
0.11531192
0.30329721
0.56647661
0.74640539
-0.69302483
-2.9461628
-0.78164647
1.6406783
2.6289438
2.9512043
2.6020888
2.3979904
2.0582742
1.5547421
0.77594594
0.28718418
-0.15055299
-0.18479317
-0.46744248
-0.78164647
-0.91055067
-0.75076317
-0.84072756
-0.66616979
-1.1287479
-0.8648971
-0.62051622
-0.60843145
-0.3492803
-0.27140068
-0.37344984
-0.800445
-0.93337745
-2.2935853
0.64435623
0.14015283
-0.91592168
-0.78298922
-0.65811328
-0.51846706
-0.49698303
-0.40567589
-0.33988104
-0.44327295
-0.49966853
-0.49161202
-0.49161202
-0.40567589
-0.13712547
-0.28751371
0.038775048
-0.036419068
-0.067302366
-0.20627721
-0.28012857
-0.21366234
-0.25528766
-0.30295535
-0.35666544
-0.27677169
-0.37814947
-0.40030488
-0.25528766
-0.15458125
-0.1532385
-0.018963291
-0.12034107
-0.06998787
-0.13175447
-0.20627721
-0.16935152
-0.17740804
0.28718418
0.15895136
0.11531192
0.040789177
-0.15860951
-0.40567589
-0.44864396
-0.25260215
-0.36270782
-0.41641791
-0.61514521
-0.87295361
-1.4100544
-1.3080053
-1.146875
-2.4627721
-2.6561284
0.07234385
0.91290665
2.0542459
2.6618412
2.5268946
2.0703589
1.3184178
0.80280098
0.45368544
0.21064731
-0.23380362
-0.87563912
-1.5470152
-1.775283
-1.8612191
-1.8907597
-1.8451061
-1.2247547
-0.25797316
0.029375784
-0.013592282
-0.50772505
-0.61514521
-0.42178891
-0.37210709
-0.33182452
-0.51309605
-0.86959673
-0.92800645
-0.86892536
-0.5426366
-0.44327295
-0.6688553
-0.73934978
-0.77627546
-0.91860718
-0.92666369
-1.1428468
-1.0877939
-0.93404883
-0.88101012
0.63092871
-0.72256538
-0.27811444
-0.52383807
-0.39090562
-0.11564144
-0.0028502659
-0.08341539
-0.14249648
-0.21500509
-0.18546455
-0.42715992
-0.28348545
-0.50235404
-0.56680614
-0.69033933
-0.68496832
-0.58560467
-0.6688553
-0.52920908
-0.59366118
-0.87295361
-0.81387252
-0.40030488
-0.35129443
-0.4110469
-0.50772505
-0.55069311
-0.57217715
-0.57217715
-0.55337862
-0.22843261
0.024004776
0.20124805
0.26032914
0.24421612
0.054216697
-0.16935152
-0.17875079
-0.10758493
-0.20694858
-0.14786749
0.13142494
-0.03440494
0.21736107
0.13411045
0.1045699
0.07234385
0.1045699
0.11531192
0.19587704
0.13679595
0.33015225
0.46711296
0.35700729
0.40937462
0.25227263
-0.013592282
-0.091471903
-0.099528415
0.07234385
-1.136133
-1.8853887
-0.40567589
1.0794079
2.118698
2.5537497
2.2697576
2.4651281
2.4409585
2.0676734
1.7131869
1.5654842
1.1035774
0.59870266
0.33955151
-0.17472253
-0.42178891
-0.82192903
-1.1180059
-0.89980865
-0.58291916
-0.59903219
-0.54666486
-0.90249416
-1.2220692
-1.0663099
-0.91592168
-0.80514463
-0.89443764
-0.70913786
-0.57217715
-0.6688553
-0.92129269
-1.2328112
-1.1737301
-0.93740571
-0.55069311
-0.49698303
-0.43790194
-0.89443764
-4.6702565
-1.4530225
-0.5285377
-0.80581601
-0.42715992
-0.48624101
-0.29825572
-0.15860951
-0.13175447
-0.045818332
-0.00016476173
0.061601834
0.169022
0.11531192
0.24421612
0.34156564
0.44294342
0.45301406
0.40400361
0.32343849
0.19050603
0.015948263
0.11531192
0.018633767
0.061601834
0.064287338
0.24958712
0.56110561
0.44831443
0.52350855
0.48054048
0.51008103
0.41608838
0.67725366
0.57721863
0.62555771
0.60675918
0.49665351
0.34156564
0.39460435
0.63629972
0.4912825
0.61347294
0.58258964
0.66315476
0.60944468
0.49665351
0.63898523
0.57184762
0.67121128
0.48121186
0.45905645
0.37312032
-3.7451003
-2.409062
-0.24991665
1.2022697
2.2986268
2.4235027
2.2314892
2.2637152
2.0582742
1.8420911
1.3707851
0.88873711
0.43757242
0.069658346
-0.18546455
-0.21231959
-0.38419186
-0.49698303
-0.65811328
-0.84609857
-0.90517966
-1.3509734
-1.3818566
-1.3670864
-1.0877939
-0.7386784
-1.130762
-1.2462387
-1.041469
-0.86221159
-0.22843261
0.54499258
1.7480984
-0.73800703
-0.44864396
-0.24051738
-0.56143513
-0.44864396
-0.49698303
-0.29221334
-0.4110469
-0.37882085
-0.43790194
-0.46072872
-0.40030488
-0.35733681
-0.44327295
-0.36539333
-0.29087059
-0.21231959
-0.00553577
0.20191943
0.044146057
0.045488809
-0.16666602
-0.16398052
-0.34122379
0.10994091
0.56647661
1.0552384
1.1787716
1.133118
0.90753564
0.54499258
0.30933959
0.26032914
0.26032914
0.38923334
0.37714857
0.52350855
0.50202451
0.65241275
0.59333166
0.64704174
0.78131695
1.1035774
1.3667569
1.5225161
1.5708552
1.1250615
0.79205896
0.53425056
0.63629972
0.58258964
0.34357977
0.19587704
0.2307886
-0.024334299
-0.44595845
-1.9713248
-1.8827032
-1.0877939
-0.40030488
0.70075182
1.2539657
1.6406783
2.0408184
2.2214185
2.0435039
1.5440001
1.1572875
0.99817141
0.18513502
-0.46475698
-0.78298922
-1.0193136
-0.73196464
-0.5399511
-0.63931475
-0.62051622
-0.83535655
-0.95888974
-1.0716809
-1.1737301
-1.0260273
-0.98843029
-0.98305928
-0.89175214
-0.78701748
-0.42715992
-0.17472253
-0.43924469
-2.2264477
0.21467557
-0.721894
-0.47012799
-0.49698303
-0.33585278
-0.29557022
-0.035076316
-0.033062188
-0.06998787
-0.041790076
-0.029705307
-0.14518199
-0.32511076
-0.38150635
-0.4640856
-0.49161202
-0.45938597
-0.44327295
-0.17740804
-0.22843261
0.11531192
0.15559448
-0.024334299
0.0078917507
-0.10221392
-0.21567647
-0.37344984
-0.11027043
0.169022
0.26032914
0.57721863
0.87262409
0.72223586
0.51545204
0.2307886
0.1018844
0.2307886
0.169022
0.029375784
0.13276769
0.33820876
0.83502703
0.83502703
0.51813754
0.56379111
0.78131695
0.56110561
0.88873711
0.45905645
0.52350855
0.41608838
0.34357977
0.41608838
-0.87026811
-0.91592168
-2.3338679
-2.587648
-2.9193078
-1.7564845
-1.2381822
-0.20157757
0.15290897
0.93170518
0.818914
0.46979846
0.040789177
-0.2176906
-0.10489942
-0.16935152
-0.57217715
-0.78701748
-0.57217715
-0.21366234
0.23884511
0.9478182
-0.47012799
-1.5121036
-1.802138
-0.98171653
0.39460435
0.57721863
0.86725308
0.47114122
-0.38553461
-1.1576171
-1.5228456
-1.7000889
-0.98171653
-0.76016244
-0.52920908
-0.35733681
-2.4110761
-2.2264477
-0.91592168
-1.0844371
-1.3456023
-2.0706885
-2.3123838
-2.8709687
-1.628923
0.5584201
1.6621623
1.4258379
0.91693491
0.15895136
-0.42715992
-0.52920908
-0.3942625
-0.55069311
-0.78701748
-0.95888974
-0.97231726
-0.76016244
-0.23380362
-0.020306043
-0.21903335
-0.42178891
-0.56277788
-0.4137324
-0.6715408
-0.78701748
0.3623783
-0.4110469
0.45905645
-0.027019803
-0.52920908
-0.78030372
-2.2747868
0.045488809
-0.74404941
-0.63662925
-0.31436875
-1.0045433
-3.2335118
-2.9783889
-2.2667303
-1.5604427
-1.098536
-0.82998554
-0.95888974
-2.0116074
-0.98708754
-0.21500509
0.046831561
0.50202451
1.3909264
1.2700787
0.46979846
0.11531192
0.091142379
-0.040447324
-0.013592282
-0.18210767
-0.045146956
-0.32511076
-0.40030488
-0.57217715
-1.4019979
-1.2596662
1.9199707
0.84576905
0.40668912
0.34089427
-0.084758143
2.6504278
0.3623783
-0.7333074
-1.062953
-1.2005851
-1.2811502
-1.5658137
-1.7323149
-1.093165
-1.6034107
-1.2516097
-1.3966269
-1.9740103
-2.4117475
-2.435917
-1.3885704
-0.64871401
0.48993975
0.92096316
0.45905645
0.19587704
0.28718418
0.45905645
0.38923334
0.11531192
-0.58560467
-0.62722998
-0.65274227
-0.22843261
-0.16935152
-0.22843261
-0.72525088
-1.1730587
-1.4959906
-1.5121036
-0.9964868
0.52887956
0.23884511
-0.31436875
0.045488809
-0.00016476173
0.26570015
-0.033062188
0.24488749
0.15895136
0.018633767
0.013262759
-0.048503836
-0.091471903
-0.11564144
-0.14182511
0.029375784
0.18513502
0.24958712
0.43757242
0.47785498
0.93707619
1.1827998
0.78803071
0.88873711
0.81555712
0.93170518
0.77057493
0.93170518
1.2432237
1.4258379
1.5117741
1.5010321
1.4600781
1.1411745
0.95856022
0.97467325
0.91290665
1.0673231
1.3399018
1.7051304
2.1784505
2.2341747
1.8447766
-0.72256538
-3.2039712
-2.6024183
-0.59366118
0.11531192
0.33552326
1.3761561
2.2670721
2.9820876
3.3271749
3.2949488
2.8867522
2.2153762
1.4171101
1.4043539
0.59870266
-0.053203469
0.57721863
0.65778376
0.43220141
-1.6463788
-1.7323149
-1.3637295
-0.14786749
0.33015225
-0.20694858
1.6917029
0.80280098
-0.38150635
0.25495813
-0.5285377
-0.68228282
-0.24991665
-1.5107608
-1.0609389
-0.95888974
-0.69436759
-0.85952609
-0.88101012
-1.4100544
-1.95924
-1.6034107
-2.1324551
-0.80850151
0.15559448
0.90485014
1.3936119
1.9897938
1.5627987
1.0095848
0.33015225
-0.16935152
-0.52518082
-0.81387252
-0.9320347
-0.31973976
3.7890816
0.27644217
0.11531192
-0.14249648
0.17439301
0.022662024
0.29994033
0.169022
0.27107116
0.25495813
0.28718418
0.43757242
0.17305026
0.45905645
0.3623783
0.56110561
0.69269531
0.81421437
0.83502703
1.0109276
0.93976169
1.0982064
1.1143195
1.3184178
1.6688761
1.5010321
1.1680295
0.95318921
2.0059068
2.1280973
-3.8592342
-4.2137208
-0.8031305
0.69000981
1.7454129
2.102585
2.5752337
2.9189783
3.172087
3.145232
2.7887313
2.0569314
0.75983291
-0.80648738
-1.1683591
-2.1673666
-2.0142929
-1.4745065
-1.5765557
-1.0179708
-0.63931475
-0.62857273
-0.51309605
-0.69436759
-0.57217715
1.0753797
-0.067302366
-0.13846823
-0.16398052
-0.31436875
-0.6742263
-0.38553461
-0.48019863
-0.38889149
-0.14249648
-0.18143629
-0.10489942
-0.21903335
0.11531192
0.42414489
0.18043539
0.03340404
-0.025677051
0.018633767
0.1045699
0.26570015
0.29658345
0.41608838
0.37177756
0.34895078
0.34626527
0.44294342
0.33015225
0.45234269
0.58796065
0.60407367
0.64704174
0.85114005
1.154602
1.4835763
1.6460493
1.6729043
2.1280973
1.7480984
1.5158023
1.1868281
0.77057493
-3.9183153
-2.5003691
-0.8031305
1.1760861
2.8196146
3.0102854
2.3281673
2.12944
1.5050603
1.0444964
0.247573
-0.95083323
-5.019372
-1.0656385
1.3264743
0.056230825
0.48591149
0.1663365
-0.19083556
0.46577021
0.47516947
-0.46609973
-0.16398052
-0.12638346
-0.74942042
-0.33853828
-0.30362673
-0.33585278
-1.109278
-2.8226296
-1.7188874
0.081743115
1.0606094
1.2754497
0.39460435
-0.29288471
-0.61514521
-0.46475698
0.0078917507
0.10994091
-0.74942042
-1.3456023
-1.7323149
-1.6141528
-1.796767
-1.0877939
-0.56143513
-0.20292033
0.091142379
0.14485246
0.012591383
-0.0075498982
-0.23111812
-0.14786749
-0.11027043
-1.2234119
0.52887956
0.15962274
-0.19083556
-0.11027043
-0.19620656
-0.31973976
-0.2848282
-0.28952783
-0.38889149
-0.2848282
-0.06998787
0.24421612
0.45905645
0.38789059
0.57184762
0.66852577
0.60944468
0.51813754
0.76184704
0.81085749
0.91022115
0.91022115
0.85516831
0.86456758
0.71149384
0.656441
0.51545204
0.61481569
0.56379111
0.51276653
0.48121186
0.29322657
0.25495813
0.19587704
-1.6893469
-2.4010055
-0.9770169
0.37312032
1.0444964
1.4043539
1.4291948
1.4835763
1.2418809
0.90216463
0.67389678
0.31941023
-0.54800761
-0.82931417
-0.62722998
-0.53189458
-0.22843261
-0.77627546
-0.70376685
-1.152246
-1.3321748
-1.5174746
-1.6248948
-1.344931
-0.80850151
-0.28751371
-0.056560349
-2.6346443
1.0720228
0.2952407
-0.00016476173
0.020647895
-0.024334299
-0.096171535
-0.10221392
-0.18009354
-0.040447324
-0.13443997
-0.14786749
-0.061931357
-0.22843261
-0.33182452
-0.1532385
-0.34458067
-0.15860951
0.061601834
0.1045699
0.11531192
0.34089427
0.35767867
0.34425115
0.40266086
0.37312032
0.13679595
-0.00083613777
-0.045818332
0.099198892
0.27644217
0.37312032
0.39527572
0.39997536
0.15290897
0.22004658
0.19050603
0.25495813
0.45905645
0.95990297
1.5547421
2.018663
2.091843
1.766897
1.1895136
-1.5174746
-2.8602267
-1.7108309
-0.4305168
0.22340346
1.1572875
1.8877447
2.6329721
2.76859
2.6665409
2.2368602
1.5332581
0.82495639
0.35163628
0.20661906
-0.15995226
-0.64468576
-1.3053198
-1.2918923
-1.1589598
-1.1012215
-1.0287129
-0.98574479
-0.89443764
-0.46475698
-0.30832636
0.07234385
0.25764364
0.17439301
0.1072554
-4.8474998
3.5822978
0.0078917507
-0.6097742
-0.66079878
-0.38754874
-0.34793755
-0.24991665
0.083085867
0.23884511
0.33820876
0.52350855
0.39191884
0.31269647
0.13142494
0.27107116
0.33015225
0.28718418
0.33015225
0.64167073
0.78937346
0.85382556
0.85651106
0.60944468
0.53962157
0.43488691
0.38386233
0.23884511
0.2334741
0.35969279
0.47785498
0.75983291
0.84576905
0.88940849
1.0122703
1.3130468
1.3130468
1.2432237
1.1465455
1.0982064
1.2324816
1.2969337
1.5466856
1.5654842
1.4929755
-0.98574479
-4.987146
-3.2133705
-1.2462387
-0.091471903
0.74103438
0.64435623
1.6836463
2.8713106
2.8800384
3.0371404
2.5215236
1.7944234
1.1465455
0.75983291
0.50202451
0.40736049
-0.21231959
-0.58829017
-0.8031305
-1.1844721
-1.2301257
-0.98037378
-1.1502319
-0.8031305
-0.63260099
-0.59903219
-0.63662925
-0.58829017
-0.56143513
-0.27811444
-0.45670047
1.1304325
0.56379111
-0.31436875
-0.55874963
-0.35397993
-0.32511076
-0.17740804
-0.14786749
-0.00016476173
0.07234385
0.13679595
0.015948263
0.051531193
-0.099528415
-0.059245853
0.09785614
-0.1196697
0.0052062466
-0.061931357
0.015948263
0.25495813
0.48322599
0.55304909
0.60407367
0.45905645
0.37312032
0.53425056
0.56647661
0.72760686
0.90753564
0.66718302
0.68329605
0.57721863
0.44562893
0.44160067
0.25495813
0.11531192
0.19587704
-0.061931357
-0.024334299
-3.2737943
-2.8790252
-1.859205
-0.58291916
0.50471002
1.474177
2.0649879
2.1999345
2.1509241
1.7306427
1.4298662
0.813543
0.24958712
0.21736107
0.1018844
-0.57217715
-0.88369563
-0.81118702
-0.86221159
-0.48019863
-0.76821895
-0.8648971
-1.130762
-1.6732338
-1.4422805
-1.2757792
-0.80850151
-0.061931357
0.099198892
0.12672531
-0.15055299
0.26301465
3.109649
-0.65207089
-0.74942042
-0.6044032
-0.3465948
-0.21701922
-0.20694858
0.10994091
0.17439301
0.44831443
0.60944468
0.37849132
0.1045699
0.10658403
-0.12101245
0.0025207424
0.12336843
0.19050603
0.37043481
0.33485188
0.27644217
0.15559448
-0.061931357
-0.15860951
-0.097514287
-0.37479259
-0.24991665
-0.43118818
-0.22843261
-0.26065866
-0.013592282
0.26032914
0.58258964
0.82428501
0.83502703
0.64972724
1.0243551
1.8125505
1.49029
-4.0895162
-2.9367636
1.1035774
2.5161526
2.5107816
2.3496514
1.9145997
1.8340346
1.3184178
0.97467325
0.78131695
0.64972724
0.50202451
0.31672473
-0.22843261
-0.6044032
-0.17203703
-0.32913902
-0.43521643
-0.45938597
-0.75747693
-1.0233418
-0.98037378
-1.1012215
-1.1978996
-0.93740571
-0.67959731
-0.40030488
0.5275368
1.5158023
1.2539657
-0.48355551
0.18513502
-0.16129501
-0.16666602
-0.27677169
-0.38956286
-0.38419186
-0.20292033
-0.14249648
0.03004716
0.056230825
-0.068645118
-0.013592282
-0.012920906
-0.056560349
-0.094157407
-0.19620656
-0.078044382
0.07234385
0.07234385
0.33015225
0.33955151
0.53425056
1.0337543
1.165344
0.8779951
0.80280098
0.71686485
0.65241275
0.91827766
0.75446191
0.96393123
0.65778376
0.33552326
0.34089427
0.52887956
0.60944468
0.77057493
1.3023048
1.6715616
1.7212434
1.1250615
-3.2684233
-3.1932292
-1.4583935
0.45368544
1.0928354
1.1519165
1.8501476
2.1166839
2.5094389
2.6826539
2.6994383
2.5215236
2.1777791
1.5815972
0.70075182
0.083085867
-0.37344984
-0.36539333
-0.049846589
-0.43253093
-1.1012215
-1.109278
-1.2354967
-0.82998554
-0.8675826
-1.2274402
-0.72256538
-0.65274227
-0.58829017
-0.40030488
-0.56613476
-0.81655802
-0.87832462
-0.89980865
-0.87295361
-0.88906664
-0.81655802
-0.40567589
-2.5164822
0.21467557
-1.1844721
-0.20493445
-0.39359112
-0.22574711
0.083085867
0.17976402
0.33015225
0.35835004
0.247573
-0.035076316
-0.26065866
-0.46072872
-0.47348487
-0.44595845
-0.38754874
-0.061931357
0.12605393
0.43757242
0.50739552
1.0068993
1.1358035
0.82159951
0.70612283
0.48591149
0.68665293
0.53693607
0.73834888
0.65241275
0.95856022
0.90216463
0.73834888
0.86993858
0.93976169
0.73297787
0.79205896
0.7517764
0.36103555
-0.33585278
-0.32511076
-0.21634785
-2.5406517
-2.5299097
-0.69033933
0.44831443
0.58258964
1.7346709
2.5651631
2.725622
3.066681
3.2197547
3.1123346
2.8384131
2.3872484
1.5977102
0.80347236
0.091142379
-1.2166981
-1.5282166
-1.7215729
-1.5510434
-1.4315385
-1.2166981
-0.54800761
-0.28952783
-0.475499
-0.61514521
-0.58829017
-0.78701748
-0.85146958
-0.67556906
-0.82461454
-0.46475698
0.014605511
3.2627228
-4.1076434
0.51276653
-0.40567589
-0.30295535
-0.44864396
-0.23380362
-0.22843261
-0.14518199
-0.080729886
-0.21231959
-0.099528415
-0.013592282
-0.068645118
-0.035076316
0.19050603
0.21736107
0.38587646
0.50202451
0.63092871
0.51813754
0.4268304
0.37043481
0.28718418
0.20661906
0.35163628
0.38251958
-0.056560349
0.07234385
0.13948145
0.18244952
0.17439301
0.2361596
0.24421612
0.11531192
0.15827998
0.64167073
0.45905645
0.73297787
0.87262409
0.37043481
-1.4724924
-1.3711146
-0.34390929
0.27644217
0.76520392
1.0068993
1.7695825
2.2368602
2.2153762
2.0488749
1.7125155
1.2432237
0.71686485
0.11531192
-0.03776182
0.07234385
-0.29825572
-1.2019279
-1.591326
-1.743057
-0.84609857
-0.51309605
-0.23514638
-1.2348253
-0.91592168
-0.45401496
-0.12638346
-0.14249648
0.029375784
-0.62051622
2.1428676
0.47248397
0.06563009
-0.21500509
0.07234385
-0.24991665
-0.047161084
-0.10489942
-0.33585278
-0.4110469
-0.52652358
-0.37882085
-0.73800703
-0.9938013
-1.5067326
-1.8128801
-1.8236221
-1.5577572
-1.3133763
-1.0313984
-0.7359929
-0.44327295
-0.38956286
-0.43253093
-0.33585278
-0.46475698
-0.18546455
0.15827998
0.083085867
-0.51041055
-0.77090445
-0.37814947
0.81085749
1.4258379
2.0730444
0.47516947
0.66852577
1.3936119
1.4661205
1.0552384
0.22004658
-0.79238849
-3.3221334
-1.1576171
0.33015225
1.3620572
1.5735407
2.1764364
2.2637152
2.102585
1.7789817
1.3184178
1.1358035
0.63092871
-0.94277672
-1.6034107
-1.5443296
-0.87832462
0.40266086
0.52350855
0.03004716
0.20124805
-0.028362555
0.040117801
-0.95888974
0.80347236
0.57184762
0.33015225
1.0901499
2.0435039
3.0317694
2.0757299
0.88940849
1.8340346
1.3694424
1.468806
0.6201867
0.49665351
0.69605219
0.81421437
0.6201867
0.14485246
-0.51846706
-0.24186014
0.23884511
0.75983291
0.51276653
0.1663365
0.40534637
0.45905645
0.59333166
0.88873711
1.2109976
1.2324816
1.1465455
0.02669028
-0.33585278
-0.6044032
-0.55606412
-0.24991665
0.40400361
0.69538081
0.52082304
0.34089427
0.15827998
0.099198892
0.16499374
0.25227263
0.41071737
0.022662024
-0.25797316
-0.2680438
0.11531192
-0.03440494
0.042131929
0.53962157
0.042131929
-0.72793639
-1.4046834
0.34895078
0.21736107
0.50202451
-0.013592282
-0.0068785221
0.0078917507
0.41071737
1.8340346
1.5977102
2.7450919
1.5198306
2.5215236
1.4506789
2.2502877
1.8340346
2.1562951
2.5094389
1.8447766
0.65241275
0.26972841
-0.27140068
0.029375784
-0.13981098
-0.85146958
-0.75479143
-0.24991665
0.44831443
0.98541526
1.3419159
1.7239289
1.8420911
1.6245653
1.2432237
0.41071737
0.3006117
0.37312032
0.056902202
-0.31973976
0.021319271
-0.475499
-1.152246
-1.3724574
-0.80850151
-0.69571034
-0.011578154
0.34089427
0.54499258
-1.6705483
1.458064
0.41608838
-0.20627721
-0.28012857
-0.39090562
-0.16935152
0.16365099
0.16096549
-0.22843261
0.029375784
-0.078044382
0.12672531
-0.020977419
0.26032914
0.22676034
1.5017034
1.0498674
-3.0777525
-5.6101829
-2.0545754
1.5426574
-0.52383807
-2.121713
-0.56546339
0.36640656
-0.63125824
-1.2650372
0.037432296
-0.035076316
-0.13108309
-0.48624101
-0.57217715
-0.62051622
-0.44864396
-0.16666602
0.10994091
-0.30362673
-0.2203761
-0.20023482
-0.34458067
-0.048503836
-0.013592282
-0.57217715
-0.16398052
0.013262759
-0.6238731
-2.0653175
-1.1603026
0.56647661
1.5708552
1.7910665
1.1895136
0.58796065
0.53425056
0.8833661
0.75983291
0.67389678
0.45905645
-0.012920906
-0.58291916
-1.2408677
-0.55002174
-0.33048177
-0.37882085
-1.4745065
-1.8477916
-1.2489242
-0.74404941
-0.2821427
-0.11698419
-0.24521702
-0.68496832
-0.82998554
-0.98574479
-0.56076375
-0.34256654
-0.12101245
-0.018963291
0.21199007
0.59333166
-0.80850151
-0.58560467
0.16029411
-0.27140068
-0.056560349
0.088456875
0.16029411
0.13679595
0.054216697
-0.035076316
-0.018963291
-0.020306043
-0.021648795
-0.0068785221
-0.14182511
-0.19352106
-0.46475698
-0.42447442
-0.51443881
-0.40567589
-0.30631224
-0.096171535
0.29658345
0.75446191
0.93170518
0.59601716
0.7490909
0.85919657
0.87262409
0.2334741
0.23884511
-1.9847523
-2.0384624
-0.99581543
0.56379111
1.0552384
1.1465455
1.2754497
1.468806
1.3774989
1.0498674
0.60138817
0.34089427
-0.11027043
-0.85146958
-0.91592168
-0.61514521
-0.78097509
-0.63125824
-0.70108135
-0.70040997
-0.48624101
-0.79238849
-0.6097742
-0.51846706
-0.51980982
-0.48221276
-0.53726559
2.411418
2.2073197
0.83368428
-0.11027043
-0.15860951
0.051531193
-0.056560349
-0.078044382
-0.15860951
-0.080729886
0.11531192
0.1045699
0.013262759
0.10994091
0.045488809
0.029375784
-0.013592282
0.0025207424
-0.049846589
0.020647895
0.20124805
0.35969279
0.44831443
0.69000981
0.77594594
0.93707619
0.89276537
0.84039804
0.84039804
0.96930224
0.96930224
1.3828699
1.2915627
1.468806
0.83234153
0.64704174
0.26570015
-0.19620656
-0.12101245
-0.27140068
0.4268304
0.14619521
-3.075067
-2.8655977
-1.0233418
0.32746674
1.1250615
1.5332581
2.2100052
3.2143837
3.2090127
2.9028652
2.3959763
1.7736107
0.75983291
0.45905645
0.27375666
0.28181317
0.43757242
0.22273208
0.22273208
-0.10489942
-1.141504
-1.6571208
-1.4254961
-1.46645
-1.2596662
-1.7323149
-1.5443296
-1.0287129
-0.44864396
0.0025207424
0.10994091
2.091843
-0.35733681
-0.60910283
-0.68496832
-1.0260273
-0.76150519
-0.5453221
-0.51041055
-0.22843261
0.11531192
0.27107116
0.24421612
0.21199007
0.40803187
0.50739552
0.27375666
0.25495813
0.22810309
0.3623783
0.45905645
0.75446191
1.447322
1.5520566
1.6191942
1.447322
1.4043539
0.62555771
0.83502703
0.48054048
0.78668795
1.0068993
1.0928354
1.1989128
1.0639663
1.3130468
1.5654842
1.6514203
1.4043539
1.447322
1.3244602
1.447322
1.2324816
0.50403864
-2.0512186
-2.441288
-2.0693457
-1.2811502
-0.46744248
0.45905645
0.64435623
0.77460319
1.3613858
1.7360137
1.9199707
1.9253417
1.9226562
1.4567212
0.73834888
0.33015225
0.088456875
0.48389736
0.69538081
0.20124805
-0.51309605
-1.2650372
-1.7269439
-2.1673666
-1.9149292
-1.2811502
-0.50235404
-0.20560583
0.040117801
-0.80447326
0.5584201
0.011920007
-0.36002232
-0.28751371
-0.17472253
-0.056560349
-0.33048177
0.16230824
0.48054048
0.51813754
0.31941023
0.23884511
0.093827884
0.169022
0.13746733
0.22273208
0.13746733
0.21736107
0.11531192
0.33283775
0.56647661
0.71149384
1.1465455
1.4970038
1.0632949
0.77460319
0.79742997
0.98810077
1.165344
1.7635401
1.9844228
1.8024799
1.4661205
1.788381
1.6567913
1.6245653
1.5977102
1.3828699
1.6755898
0.93170518
-0.98977304
-2.1056
-1.8236221
-0.96761763
-0.30832636
0.099870268
1.1035774
2.1173553
2.8223001
3.1499316
3.088165
2.752477
2.4355875
1.8447766
0.92364867
0.20661906
-0.4110469
-0.86221159
-1.3509734
-1.2811502
-0.91592168
-0.4781845
-0.21903335
-0.44327295
-1.4986761
-1.5282166
-1.4315385
-1.5738702
-0.82327178
-0.19889207
0.86456758
-3.0710388
-1.3080053
0.30933959
-0.65274227
-0.18546455
-0.24991665
-0.35733681
-0.10489942
0.22608896
0.44294342
0.43220141
0.35163628
0.54633533
0.7490909
0.48859699
0.14753797
0.11531192
0.41608838
0.57184762
0.57453313
0.23548823
0.41071737
0.59601716
0.63898523
0.813543
0.80280098
0.95318921
1.1895136
1.3419159
1.6735757
2.0327619
2.102585
2.1750936
2.12944
1.9253417
1.8474621
2.118698
2.3657644
2.0381329
1.8340346
1.1196905
0.5584201
-0.63931475
-2.1727376
-2.3137266
-1.6034107
-0.65274227
0.029375784
0.38117683
0.45905645
1.3023048
1.7024449
2.0059068
1.9736808
1.9844228
2.2798283
2.6510992
2.7981306
2.3953049
1.1250615
0.050859817
-1.1012215
-1.2489242
-0.96963176
-1.2099844
-1.1737301
-1.2596662
-1.1482178
-0.92129269
-1.2489242
-1.152246
1.5547421
2.1858356
0.96393123
-0.24454564
-0.33585278
-0.25528766
0.27107116
0.30329721
0.41071737
0.61750119
0.4295159
0.38453371
0.11531192
0.15895136
-0.13175447
-0.18479317
-0.080729886
0.07234385
-0.013592282
-0.12101245
-0.42178891
-0.50235404
-0.37076433
-0.38822011
-0.60843145
-0.57217715
-0.49966853
-0.56412063
-0.49161202
-0.44327295
-0.6097742
-0.65811328
-0.61514521
-0.57217715
-0.067302366
0.26570015
0.86725308
1.0888072
1.1143195
0.64704174
0.56647661
0.80280098
1.0391253
1.233153
0.73297787
-0.27140068
-1.0750378
-0.66348429
-0.18009354
0.40534637
0.67389678
0.97467325
1.3828699
1.7158724
1.7071445
1.6245653
1.5466856
1.2391954
0.83502703
0.30195446
-0.155924
-0.76016244
-1.2462387
-1.4959906
-1.6195238
-1.4315385
-1.0018578
-0.5453221
-0.18546455
-0.42178891
-0.47012799
-0.41977479
3.4829341
0.91827766
0.14082421
-0.23380362
-0.76016244
-0.4110469
-0.40030488
-0.36539333
-0.4110469
-0.4110469
-0.29557022
-0.31973976
-0.2848282
-0.22306161
-0.31973976
-0.26065866
-0.27811444
-0.21500509
-0.10489942
-0.16398052
-0.1532385
-0.23380362
-0.14786749
-0.13175447
-0.16398052
-0.094157407
-0.16398052
-0.20694858
-0.13108309
-0.16398052
-0.16398052
-0.13443997
-0.1841218
-0.21231959
-0.18546455
-0.050517965
-0.22843261
-0.22171885
-0.24991665
-0.28751371
-0.30899774
-0.25663041
-0.34592342
-0.34995168
-0.35733681
-0.30094123
-0.27140068
-0.27677169
-0.2821427
-0.29825572
-0.15458125
-0.20157757
-0.1532385
-0.22843261
-0.24991665
-0.21231959
-0.26065866
-0.19083556
-0.19889207
-0.1532385
-0.24320289
-0.21500509
-0.24051738
-0.29825572
-0.20560583
-0.23380362
-0.26938655
-0.28885646
-0.22843261
-0.31973976
-0.22843261
-0.22843261
-0.27140068
-0.29557022
-0.22843261
-0.26334417
-0.26065866
-0.22843261
-0.2203761
-0.26065866
-0.16935152
-0.19754932
-0.16666602
-0.25797316
-0.23380362
-0.22843261
-0.11564144
-0.22843261
-0.14921024
-0.18479317
-0.22843261
-0.21701922
-0.25797316
-0.18546455
-0.20157757
-0.19620656
-0.29288471
-0.26602967
-0.12906896
-0.22171885
-0.21231959
-0.28348545
-0.19620656
-0.31436875
-0.17740804
-0.26200142
-0.27140068
-0.22843261
-0.24186014
-0.27408619
-0.22708986
-0.099528415
-0.15860951
-0.25528766
-0.31436875
-0.31436875
-0.21903335
-0.19083556
-0.22843261
-0.24991665
-0.26468692
-0.24991665
-0.26737242
-0.26602967
-0.16398052
-0.19083556
-0.26334417
-0.24991665
-0.24253151
-0.23380362
-0.21231959
-0.30832636
-0.22843261
-0.17606528
-0.32779627
-0.27140068
-0.28751371
-0.31973976
-0.18479317
-0.27140068
-0.25260215
-0.31973976
-0.31101187
-0.25260215
-0.22843261
-0.22776124
-0.28885646
-0.23111812
-0.25998729
-0.29557022
-0.27677169
-0.33585278
-0.22171885
-0.23380362
-0.2821427
-0.31436875
-0.13175447
-0.26468692
-0.31436875
-0.24991665
-0.20627721
-0.24991665
-0.20963409
-0.31369737
-0.2848282
-0.36807883
-0.32511076
-0.19620656
-0.34592342
-0.30228398
-0.27677169
-0.22843261
-0.32913902
-0.36270782
-0.37076433
-0.22843261
-0.21231959
-0.27408619
-0.33182452
-0.23380362
-0.25260215
-0.40030488
-0.24588839
-0.32511076
-0.25528766
-0.29825572
-0.20694858
-0.25528766
-0.31436875
-0.35867957
-0.35196581
-0.32242526
-0.22306161
-0.22306161
-0.25528766
-0.21231959
-0.22507573
-0.38956286
-0.30362673
-0.3324959
-0.18546455
-0.24991665
-0.29825572
-0.30295535
-0.27878582
-0.22843261
-0.30496948
-0.19754932
-0.25663041
-0.2848282
-0.25260215
-0.16398052
-0.26200142
-0.28348545
-0.28751371
-0.27811444
-0.22843261
-0.29557022
-0.28684233
-0.22574711
-0.22843261
-0.2680438
-0.21903335
-0.27408619
-0.29288471
-0.34458067
-0.24991665
-0.31436875
-0.27677169
-0.31436875
-0.24991665
-0.22843261
-0.31436875
-0.37814947
-0.29825572
-0.26670105
-0.38419186
-0.31705425
-0.24991665
-0.2203761
-0.27140068
-0.17606528
-0.22843261
-0.31436875
-0.18009354
-0.27140068
-0.25528766
-0.20493445
-0.27677169
-0.26737242
-0.24991665
-0.19352106
-0.2821427
-0.18546455
-0.31436875
-0.30832636
-0.31436875
-0.30094123
-0.29959847
-0.20292033
-0.28348545
-0.26737242
-0.29288471
-0.27140068
-0.22843261
-0.24991665
-0.2821427
-0.31436875
-0.22843261
-0.23917463
-0.16398052
-0.16398052
-0.14249648
-0.22440436
-0.26200142
-0.25797316
-0.3324959
-0.18546455
-0.2680438
-0.25260215
-0.28751371
-0.2203761
-0.29825572
-0.19620656
-0.22843261
-0.32511076
-0.26334417
-0.2848282
-0.1841218
-0.23917463
-0.22843261
-0.27140068
-0.24991665
-0.22843261
-0.25528766
-0.22843261
-0.23514638
-0.19754932
-0.33585278
-0.17606528
-0.22306161
-0.1532385
-0.24051738
-0.25260215
-0.17472253
-0.27140068
-0.21500509
-0.27408619
-0.24454564
-0.14182511
-0.36539333
-0.27140068
-0.18546455
-0.21231959
-0.22843261
-0.22843261
-0.27140068
-0.24991665
-0.23917463
-0.23917463
-0.22843261
-0.20157757
