22
22
23
23
20
22
22
17
14
8
2
3
3
10
15
17
21
18
10
2
-11
-23
-30
-35
-32
-31
-30
-30
-28
-22
-12
-4
1
-1
-1
1
6
9
15
18
14
3
1
5
10
14
8
2
-5
-4
-3
-4
-4
-9
-8
1
11
15
10
3
-2
-2
-2
1
0
-2
-1
-1
9
10
10
11
4
-1
-9
-9
-4
-1
-2
-8
-12
-11
-8
-2
-1
1
4
-2
-2
-2
1
9
16
20
21
26
25
20
17
14
9
3
-2
-11
-13
-17
-21
-22
-17
-14
-12
-11
-14
-15
-17
-14
-7
3
16
18
17
21
22
17
18
14
12
11
5
4
-3
-7
-10
-11
-5
1
4
2
0
-1
-4
-3
-8
-12
-14
-10
-11
-7
-2
0
5
1
0
3
1
2
2
6
10
13
13
13
14
16
22
22
21
19
13
7
-2
-5
-8
-10
-18
-33
-42
-46
-50
-50
-43
-32
-21
-15
-11
-10
-7
0
1
0
-3
-6
-10
-11
-7
-5
0
7
9
9
7
6
11
16
23
32
35
36
35
32
31
29
32
28
20
16
14
13
14
12
8
10
13
22
23
17
3
-10
-20
-23
-26
-33
-42
-47
-41
-29
-21
-12
-10
-12
-14
-12
-9
-9
-14
-21
-23
-12
0
12
18
18
12
-1
-6
-7
-9
-16
-18
-18
-15
-11
-7
-5
-2
-5
-9
-10
-6
-1
-2
-6
-14
-19
-18
-13
-6
-4
-8
-12
-11
-6
-2
3
6
5
1
0
0
-1
0
4
1
2
5
10
15
13
15
17
20
21
23
25
24
25
27
27
26
27
22
20
17
8
8
7
7
9
4
3
2
0
-2
-11
-12
-17
-18
-15
-16
-15
-17
-17
-14
-10
-9
-9
-8
-2
8
8
2
-4
-7
-5
-8
-12
-13
-9
-2
1
3
3
5
11
9
14
18
24
26
18
15
12
13
7
5
6
3
2
-5
-11
-12
-11
-10
-8
-4
-4
-1
2
6
5
2
6
8
2
-10
-19
-22
-22
-15
-9
-5
0
6
10
12
14
11
8
8
5
3
3
4
0
1
2
0
4
7
11
13
11
13
16
10
2
-8
-13
-20
-21
-23
-25
-15
-6
0
5
4
2
-1
-3
-2
-3
-9
-13
-11
-7
-5
-8
-4
-7
-7
-4
-5
-4
-5
-2
0
-1
0
2
1
1
4
6
10
17
24
29
26
28
28
26
26
23
25
25
30
29
23
21
16
12
6
-2
-13
-20
-22
-25
-30
-36
-37
-34
-30
-28
-25
-19
-16
-16
-18
-20
-15
-9
0
3
2
-1
-6
-8
-6
-6
0
2
4
3
-2
0
0
4
10
11
13
17
20
23
22
18
12
3
-7
-19
-31
-33
-33
-31
-27
-30
-26
-27
-20
-14
-14
-10
-3
8
21
24
19
17
16
17
15
10
5
2
5
8
16
18
16
13
12
15
19
27
40
41
35
21
2
-12
-21
-29
-31
-34
-39
-45
-47
-48
-43
-34
-28
-14
-1
7
12
16
15
16
9
5
1
0
0
-1
4
14
20
23
15
12
14
9
11
13
18
20
11
3
0
3
6
4
0
1
4
7
7
12
11
8
8
10
8
6
3
2
2
-1
0
4
7
10
4
3
0
-9
-18
-27
-26
-29
-27
-18
-13
-5
-2
-4
-11
-21
-31
-35
-35
-27
-19
-17
-9
-3
-3
1
0
4
2
2
2
-5
-6
-6
-2
4
12
15
16
22
28
25
17
10
0
-5
-11
-12
0
6
10
12
13
13
14
13
9
6
6
9
9
11
10
11
7
6
10
8
10
10
5
3
3
5
4
1
0
-3
-5
-4
-3
-2
-2
1
4
4
-1
-5
-4
-9
-15
-22
-26
-26
-25
-24
-23
-20
-14
-7
-4
0
1
-3
-2
-1
0
0
-1
0
1
4
1
0
0
4
11
16
14
14
10
6
2
-2
-4
-5
-3
4
8
13
11
11
9
1
0
-3
1
8
5
0
-9
-13
-16
-19
-17
-15
-9
-8
-5
-2
-4
-1
0
0
4
4
-1
0
-1
0
0
-2
0
4
6
7
9
13
27
37
42
40
26
16
2
-5
-5
-5
-6
-4
0
6
10
4
-3
-9
-11
-11
-9
-8
-1
6
9
13
14
18
22
23
21
9
0
-9
-8
0
3
6
0
-10
-18
-26
-32
-25
-26
-26
-21
-25
-20
-12
-3
2
3
2
0
-3
-6
-10
-12
-12
-16
-21
-22
-19
-13
-11
-11
-12
-15
-12
-4
2
5
7
4
11
21
24
20
14
12
11
13
19
21
23
27
27
26
25
22
9
-2
-4
-6
-4
-6
-11
-17
-18
-11
-5
1
5
1
-12
-16
-16
-10
0
4
7
5
6
1
-2
-2
-9
-16
-21
-26
-26
-20
-11
-5
-8
-15
-17
-21
-20
-21
-25
-24
-20
-8
1
4
9
13
17
16
16
16
15
16
17
13
16
11
9
7
6
22
25
22
13
-3
-15
-25
-29
-27
-21
-11
-7
-2
2
4
3
0
-3
-3
-5
0
0
3
10
16
23
27
30
34
36
34
29
29
29
27
23
27
32
37
32
18
9
-4
-8
-4
-1
3
1
1
3
4
3
1
-7
-18
-22
-19
-11
-10
-11
-13
-15
-14
-11
-10
-13
-18
-18
-18
-20
-21
-21
-18
-17
-13
-10
-11
-2
3
4
3
-2
-4
-4
0
-1
0
3
2
1
3
0
1
2
0
-5
-10
-18
-20
-18
-13
-3
2
3
-1
-1
0
-7
-14
-16
-16
-13
-8
-1
5
12
13
9
0
-1
-3
-3
-4
-3
1
5
18
29
29
29
22
11
5
0
-3
-4
-2
4
9
10
8
0
-3
-3
0
4
5
5
3
1
3
6
12
16
11
4
-2
-6
-12
-18
-19
-21
-21
-17
-15
-10
-9
-6
-2
-2
-4
-11
-17
-20
-21
-18
-13
-4
3
15
23
33
27
20
15
9
12
12
9
2
-2
-1
4
13
14
0
-10
-20
-26
-21
-16
-8
-2
1
3
4
14
15
14
11
3
1
0
5
13
20
23
20
16
21
30
28
19
3
-11
-29
-34
-28
-24
-21
-16
-15
-14
-9
1
4
-1
-5
-11
-21
-24
-24
-22
-12
2
10
12
21
31
34
29
13
-9
-29
-37
-29
-18
-6
4
8
9
8
8
11
11
9
3
-4
-6
-6
-1
4
8
9
5
6
15
23
23
19
12
2
-2
-4
4
8
11
5
-10
-12
-12
-13
-15
-15
-9
-4
5
14
19
19
15
3
-12
-24
-38
-41
-41
-38
-31
-30
-25
-26
-20
-15
-18
-20
-21
-25
-27
-28
-20
-7
7
20
31
31
33
30
24
16
9
14
14
19
22
17
16
17
19
21
21
19
17
14
10
12
18
19
17
15
5
3
6
11
17
15
13
10
5
6
9
16
18
15
4
-1
-2
0
1
1
3
-1
-2
5
6
6
-3
-16
-22
-16
-8
-2
0
-5
-13
-20
-24
-27
-24
-23
-25
-25
-24
-14
5
20
21
13
2
-6
-8
-8
-7
-11
-11
-13
-12
-3
5
11
9
5
-4
-6
-1
7
8
3
2
3
17
30
30
24
10
-3
-9
-15
-25
-19
-15
-18
-24
-27
-24
-29
-31
-25
-26
-26
-29
-28
-25
-19
-9
-3
-1
3
6
7
6
8
13
17
18
23
26
28
30
30
31
29
27
26
20
20
17
15
14
11
6
2
-3
-8
-13
-22
-24
-29
-35
-38
-42
-32
-21
-8
3
10
18
19
16
14
9
3
3
3
5
5
2
7
13
13
14
13
14
12
10
11
14
8
7
6
9
11
8
6
9
8
5
-2
-5
-12
-16
-18
-18
-12
-12
-9
-2
0
9
7
3
1
-5
-11
-8
-3
-3
1
8
10
5
3
3
-4
-12
-20
-26
-23
-19
-12
-9
-2
-2
-5
-4
-7
-12
-16
-21
-20
-15
-8
-1
5
8
10
9
10
9
2
-2
-11
-16
-12
-7
2
2
-1
-4
-6
-3
0
-8
-11
-16
-17
-7
8
22
27
29
21
7
-2
-7
-10
-13
-13
-18
-20
-12
10
22
27
23
10
4
-1
-4
-4
-2
0
4
11
23
35
45
43
31
21
16
14
16
16
19
22
18
15
21
33
39
31
20
5
2
5
8
6
3
-6
-19
-22
-23
-17
-20
-23
-27
-34
-31
-26
-23
-23
-25
-27
-29
-29
-19
-5
9
15
10
3
-5
-17
-27
-31
-23
-15
-10
-1
2
3
2
1
1
0
0
-4
-11
-18
-23
-24
-16
-6
5
19
25
32
31
25
14
3
-4
-10
-9
-6
-3
1
4
4
11
19
23
25
17
8
0
-5
0
5
18
23
27
27
15
11
7
0
-9
-13
-10
-2
4
6
4
-3
-9
-16
-18
-20
-27
-32
-37
-43
-42
-32
-18
-3
4
3
2
8
15
14
12
1
-1
-2
2
3
-4
-1
-4
-4
0
1
8
8
8
4
-5
-8
-4
1
4
6
5
2
-1
1
9
15
20
17
8
2
5
13
18
20
15
7
9
17
18
15
3
-4
-9
-12
-14
-18
-10
-8
-3
2
6
10
7
3
-7
-19
-20
-10
-1
2
2
6
10
10
12
11
10
6
2
0
2
8
9
10
13
10
3
6
14
15
9
-4
-15
-28
-33
-35
-39
-34
-36
-37
-34
-31
-22
-19
-13
-16
-26
-32
-28
-18
-7
4
6
6
12
19
25
28
23
18
18
12
9
8
3
8
16
22
19
13
5
0
-6
-11
-15
-10
11
22
20
23
15
11
6
-4
-8
-10
-13
-8
-2
8
19
19
16
14
16
20
24
26
32
28
24
20
13
9
5
4
0
-4
-7
-15
-22
-25
-25
-21
-15
-10
-12
-18
-29
-32
-34
-30
-21
-17
-13
-11
-7
0
-2
-12
-20
-25
-22
-13
-6
-5
-5
-5
-6
-6
-3
-6
-11
-10
-10
0
17
25
21
10
0
-5
5
19
26
25
17
-1
-13
-11
1
18
27
28
19
4
2
4
5
0
-9
-18
-21
-12
1
12
12
8
-3
-14
-19
-14
-11
-10
-9
-18
-20
-8
8
19
18
13
6
6
13
19
23
28
24
10
0
1
14
17
18
13
2
0
2
9
13
11
6
-12
-31
-38
-26
-11
2
16
25
18
7
-1
-8
-10
-13
-17
-17
-7
12
22
24
25
21
14
-1
-17
-34
-44
-41
-29
-19
-3
6
9
8
3
10
10
8
5
-4
-5
-5
-6
0
3
5
7
6
4
3
1
-1
-2
1
7
9
11
12
9
11
12
12
9
12
11
4
-2
-5
-5
-1
3
2
4
5
0
-4
-3
4
3
1
-1
-8
-10
-17
-19
-19
-20
-15
-9
-8
-8
-12
-17
-24
-31
-29
-22
-16
-9
-1
3
4
7
7
2
-1
-1
2
5
8
11
16
22
25
25
23
17
4
-8
-22
-28
-28
-21
-10
-2
3
5
5
2
4
2
0
5
5
7
8
11
13
18
21
17
14
13
9
3
5
7
8
7
11
7
6
5
3
1
1
0
-7
-14
-9
1
2
-3
-12
-19
-25
-26
-22
-21
-19
-21
-26
-32
-33
-26
-21
-14
-11
0
10
15
19
25
26
20
12
6
1
-2
-1
-3
-7
-5
9
25
39
48
41
28
18
9
-1
-9
-13
-14
-14
-12
-3
13
24
30
29
20
10
4
-6
-11
-19
-20
-15
-8
-4
-2
-3
0
0
-5
-18
-29
-43
-47
-39
-27
-14
0
7
13
8
-1
-8
-8
-2
9
17
13
10
5
3
13
19
16
11
7
-4
-15
-14
-8
-1
4
5
6
4
7
7
10
13
7
4
9
15
20
25
23
17
13
7
7
8
5
-2
-14
-23
-15
3
22
36
32
11
-17
-37
-29
-7
10
22
22
21
20
14
2
-14
-32
-46
-53
-54
-51
-41
-27
-21
-10
5
13
14
11
8
1
-8
-14
-16
-14
-8
-3
3
2
-3
-6
-7
-8
0
6
14
15
17
21
19
25
23
26
25
13
9
5
3
-2
-5
-4
-4
1
7
8
8
7
9
10
9
9
5
2
-9
-19
-28
-29
-30
-28
-19
-4
4
6
6
3
1
-2
-6
-11
-5
-3
-5
-8
-9
-4
1
9
14
13
11
4
-3
-15
-31
-45
-51
-49
-38
-16
-2
15
24
29
31
27
19
6
-9
-23
-31
-29
-22
-19
-16
-11
-7
-2
-1
-1
1
0
-4
-7
-5
0
2
4
9
16
20
18
15
20
21
22
24
26
33
43
51
58
61
55
54
51
43
30
22
29
30
28
26
25
29
25
14
1
-7
-16
-25
-33
-43
-49
-48
-41
-38
-40
-43
-43
-41
-32
-30
-27
-19
-17
-16
-12
-5
-5
-9
-6
-4
-1
2
7
7
15
20
20
16
15
18
15
15
11
0
0
7
11
15
18
17
9
1
-2
-7
-13
-8
-12
-23
-29
-29
-26
-27
-27
-21
-20
-17
-8
-2
-1
1
3
0
-6
-13
-19
-25
-18
-9
-4
-3
0
6
12
20
23
15
11
10
4
-5
-14
-18
-18
-12
-2
3
1
1
-6
-11
-10
-15
-15
-14
-1
8
11
20
25
27
26
23
20
12
9
7
10
12
12
7
3
-1
-10
-17
-22
-24
-27
-31
-24
-15
-4
0
-6
-12
-18
-23
-25
-22
-16
-7
-3
0
3
2
5
11
22
27
24
23
23
18
9
-2
-7
-12
-15
-19
-24
-20
-19
-23
-27
-32
-28
-21
-8
9
17
22
27
37
42
43
40
36
32
26
20
16
14
11
14
18
18
27
24
20
13
7
2
-9
-14
-11
-10
1
9
14
20
21
17
15
5
0
-1
-7
-10
-12
-9
-3
-2
0
-3
-2
1
3
1
-1
-3
-3
3
6
9
1
-3
-8
-15
-16
-16
-15
-14
-19
-23
-26
-31
-36
-35
-34
-30
-26
-23
-13
-6
0
4
10
14
6
3
0
-1
-7
-11
-5
3
10
15
15
12
12
9
2
-2
-7
-6
-6
-5
-3
-5
2
1
-3
-6
-4
1
4
10
17
17
17
15
14
23
29
22
19
19
19
16
12
11
8
6
-1
-5
-4
-2
0
0
2
6
3
-1
-7
-12
-10
-7
0
6
5
-1
-9
-6
-1
2
6
8
10
10
7
2
-4
-9
-12
-20
-26
-25
-23
-16
-13
-12
-11
-11
-11
-14
-23
-30
-25
-20
-16
-11
-6
-1
-4
-7
-12
-10
-8
-5
-3
-2
0
0
-5
-10
-11
-7
1
8
10
12
13
14
16
18
16
13
12
9
10
7
9
18
27
37
37
29
25
16
8
8
5
3
5
11
19
19
20
22
21
19
17
15
16
17
25
34
39
45
46
50
53
46
38
28
18
10
-7
-23
-38
-45
-51
-62
-68
-74
-77
-80
-81
-80
-79
-71
-65
-54
-41
-33
-27
-16
-5
2
15
22
30
33
33
35
34
28
26
19
9
1
-4
-4
-6
-5
-5
-8
-14
-21
-24
-14
5
11
14
12
10
12
13
18
22
25
19
6
0
-5
-5
-4
-7
-11
-11
-9
-8
-3
5
9
1
-1
-2
-7
-3
-3
-1
-9
-23
-24
-22
-17
-16
-16
-14
-12
-4
-4
-7
-6
-10
-9
-2
2
8
7
6
6
3
5
3
3
3
-1
-3
-6
-8
-4
-1
-5
-4
-1
-2
-1
0
3
8
17
22
23
21
21
21
13
9
11
20
31
38
34
30
26
26
26
23
22
13
9
9
6
6
3
3
3
2
0
-4
-11
-16
-20
-21
-23
-24
-20
-27
-29
-27
-23
-17
-12
-7
-10
-10
-6
-3
-1
1
1
7
12
14
18
13
9
5
-2
-3
-7
-7
-5
-7
-5
-7
-10
-11
-13
-15
-10
-6
-4
-2
3
4
7
11
12
13
8
4
0
-2
4
8
12
14
14
13
12
8
3
-2
-7
-5
-6
-1
4
6
9
8
6
4
0
-1
-2
-2
-3
-5
-1
1
5
8
4
8
6
1
-5
-14
-11
-10
-14
-14
-16
-15
-20
-23
-27
-35
-37
-40
-43
-38
-32
-27
-21
-15
-6
4
14
19
15
9
2
-1
-1
4
11
22
36
50
58
57
47
35
25
19
11
1
-7
-10
-4
5
14
21
29
29
27
22
14
6
0
0
4
6
0
0
-4
-3
3
12
22
17
7
-5
-14
-10
-6
-1
-6
-20
-28
-21
-7
8
19
10
-1
-9
-3
12
15
14
0
-13
-17
-11
-2
6
5
-4
-19
-30
-26
-9
5
9
2
-15
-29
-30
-19
-16
-21
-28
-42
-43
-32
-16
-1
6
7
6
4
10
15
16
10
1
-8
-7
-3
1
0
-11
-20
-28
-15
8
14
10
-8
-24
-29
-22
-8
3
5
4
1
-10
-21
-37
-46
-46
-43
-28
-11
11
31
38
36
29
26
29
28
27
31
32
33
35
37
41
43
42
37
26
15
5
-4
-6
-9
-15
-14
-9
1
10
13
14
14
13
8
4
-6
-16
-25
-33
-34
-32
-27
-23
-11
-1
3
14
24
33
39
36
29
22
12
6
5
3
10
17
22
23
14
10
8
5
1
-3
-9
-12
-12
-7
-8
-10
-12
-12
-14
-19
-21
-16
-11
-15
-19
-24
-27
-30
-32
-27
-29
-32
-33
-31
-28
-26
-20
-13
-7
-3
0
-2
0
1
-2
-5
-2
7
19
30
38
37
33
28
27
28
26
24
19
13
15
14
18
18
15
11
4
-3
-8
-4
-3
-2
2
0
0
-1
-3
-3
-4
-6
-8
-8
-4
1
4
6
6
7
7
0
-2
-5
-3
-1
-3
3
8
10
6
0
-6
-10
-13
-15
-11
-7
1
7
4
0
3
9
16
17
12
4
-3
-2
-6
-10
-19
-29
-32
-31
-31
-30
-34
-42
-39
-33
-24
-12
-6
-1
-5
-9
-11
-19
-25
-28
-26
-20
-14
-6
0
6
14
21
24
23
21
15
16
15
15
24
27
26
20
10
6
4
4
5
8
12
16
18
16
13
5
2
-2
-3
0
-2
1
3
8
16
19
21
18
16
15
15
9
6
5
4
2
-2
0
4
2
-1
-6
-9
-12
-17
-21
-21
-17
-11
-13
-9
-3
-4
-10
-12
-12
-10
-9
-12
-8
-6
-1
0
-4
-3
-3
-2
0
0
4
4
2
3
5
6
4
4
2
-3
-12
-12
-14
-13
-7
-3
0
-1
0
4
11
15
15
16
15
14
20
27
28
22
15
11
11
10
6
-5
-9
-8
-2
3
5
1
-7
-13
-24
-37
-41
-35
-28
-19
-10
-10
-2
4
6
8
11
16
18
18
18
16
13
8
11
13
14
17
15
9
1
-5
-10
-13
-19
-20
-18
-19
-17
-18
-15
-11
-9
-6
-12
-12
-6
1
12
22
30
33
31
23
13
-5
-22
-32
-33
-21
-7
5
12
12
16
17
19
18
11
0
-8
-6
0
9
13
19
19
17
18
17
18
12
9
10
9
12
14
14
11
6
2
-1
-8
-13
-17
-18
-18
-22
-25
-25
-25
-20
-17
-11
-10
-14
-9
-5
0
2
1
-6
-16
-23
-19
-11
-4
1
-5
-13
-11
0
16
20
19
8
-7
-4
2
2
-7
-24
-44
-56
-44
-22
-8
-4
-6
-17
-30
-33
-23
-13
-7
-9
-20
-20
-4
19
41
44
32
15
4
8
19
25
28
25
18
17
28
51
59
49
31
18
14
14
15
11
4
-2
-5
-1
8
6
0
-13
-29
-42
-41
-21
-11
-6
-2
-6
-6
0
15
30
27
15
0
-12
-9
-4
-7
-11
-22
-29
-28
-22
-13
-7
-4
-1
3
6
5
9
13
16
17
12
7
12
12
17
23
25
23
11
0
-12
-16
-15
-20
-21
-13
-2
7
15
25
33
34
30
22
6
-5
-24
-45
-63
-77
-77
-71
-63
-52
-41
-29
-22
-18
-18
-21
-22
-19
-12
-3
-2
-1
8
14
21
30
33
36
30
28
31
31
37
42
50
58
57
56
55
50
41
34
30
34
35
35
37
29
24
21
26
32
27
16
3
3
7
8
5
4
7
12
12
1
-4
-7
-5
-7
-16
-22
-31
-43
-55
-62
-53
-41
-30
-23
-24
-28
-33
-42
-46
-44
-36
-22
-16
-15
-19
-30
-38
-42
-39
-33
-25
-26
-26
-25
-22
-16
-7
-1
1
3
2
0
1
-5
-7
-10
-10
-5
0
6
10
18
22
19
17
12
6
8
12
19
29
34
33
31
21
19
19
19
15
7
1
-7
-7
-6
-11
-11
-10
-3
5
6
4
2
1
0
3
7
20
28
29
28
22
20
16
15
15
13
22
24
24
21
16
12
6
-2
-4
0
1
1
-3
-9
-21
-36
-44
-43
-38
-33
-25
-20
-23
-21
-19
-18
-14
-8
0
8
8
5
7
7
14
16
10
5
-1
-6
-11
-14
-9
-2
5
14
12
8
6
7
7
7
5
2
0
3
3
3
6
6
5
2
8
16
18
14
7
1
-2
-5
-6
-3
-3
5
11
15
15
5
-4
-11
-4
6
17
27
31
35
37
27
10
-8
-18
-27
-33
-36
-39
-48
-52
-50
-47
-39
-34
-23
-15
-19
-14
-5
4
16
21
24
27
31
31
25
16
14
12
12
12
12
11
8
7
6
4
2
-4
-15
-30
-42
-36
-19
-2
6
4
2
-1
0
3
1
4
7
10
14
22
38
41
37
30
23
16
9
1
-7
-15
-18
-14
-10
-5
-3
-4
-5
-13
-24
-31
-36
-35
-32
-22
-6
5
11
10
7
3
-11
-16
-15
-13
-14
-20
-21
-24
-20
-17
-23
-21
-16
-10
-5
0
5
8
14
19
25
29
36
46
52
51
39
28
16
6
-4
-13
-13
-11
-6
-1
-4
-1
-5
-10
-18
-25
-36
-34
-29
-15
-1
8
20
26
29
31
30
29
26
25
27
28
24
19
10
1
-4
-10
-9
-10
-12
-14
-16
-11
-12
-13
-17
-26
-35
-42
-41
-29
-15
-8
1
6
16
19
13
9
9
11
14
14
11
7
7
14
18
18
20
16
7
0
-5
-4
0
0
0
-1
-6
-7
-3
5
10
7
7
2
0
0
-7
-13
-17
-16
-14
-15
-16
-16
-15
-17
-20
-21
-8
-5
-3
-5
-10
-9
-12
-13
-11
-11
-11
-9
-1
9
7
2
3
4
2
2
-2
0
1
6
13
16
18
18
19
20
20
18
13
8
4
3
7
11
13
13
13
11
9
2
-6
-9
-16
-20
-30
-32
-29
-23
-15
-7
-5
-2
-1
-7
-9
-11
-16
-14
-12
-3
3
8
10
7
13
12
7
0
-3
-2
-4
0
7
8
8
5
5
7
6
2
-1
1
8
12
14
16
19
22
14
10
9
9
10
8
10
17
21
20
16
14
12
9
5
0
-4
-6
-10
-10
-7
-2
-4
-8
-9
-11
-8
-3
2
6
9
7
5
0
2
7
7
9
7
10
9
0
0
1
2
6
5
1
-3
-8
-11
-15
-14
-11
-2
3
5
7
5
-4
-6
-5
0
4
0
-3
-10
-14
-16
-24
-34
-42
-47
-45
-38
-38
-39
-40
-36
-28
-19
-3
8
16
19
14
10
11
8
4
0
0
7
16
27
30
29
26
21
15
12
4
-8
-14
-15
-9
-2
4
9
9
3
-7
-12
-6
-4
-10
-17
-21
-24
-13
-1
4
7
6
8
5
10
19
14
9
2
0
4
10
17
15
14
10
2
-2
0
2
3
3
-3
-4
-7
-11
-11
-8
2
10
15
18
24
29
30
26
19
15
10
12
8
7
10
11
16
19
26
27
20
13
9
5
-4
-13
-20
-30
-38
-41
-42
-41
-42
-39
-34
-32
-25
-19
-12
-8
-5
2
6
8
5
7
8
6
4
3
2
0
-5
-12
-12
-6
2
8
11
23
30
31
26
22
14
6
5
9
10
6
10
7
9
13
17
18
14
12
6
-1
-5
-7
0
8
12
10
7
7
4
-1
-11
-17
-23
-27
-28
-21
-14
-10
-9
-8
-5
-2
-3
-9
-16
-21
-23
-23
-21
-19
-14
-7
-2
4
7
7
5
-5
-16
-26
-31
-33
-32
-23
-12
-1
3
6
10
13
11
7
0
-3
-3
1
3
3
11
14
22
29
22
18
16
17
13
5
0
-1
0
3
1
-1
3
5
6
10
8
6
4
0
-1
0
6
8
15
20
16
14
12
14
14
5
1
-6
-3
3
6
13
16
13
5
-4
-6
-13
-20
-21
-20
-20
-20
-18
-16
-14
-11
-7
-5
-5
-7
-11
-13
-16
-9
8
19
20
16
16
13
11
8
6
10
18
20
19
20
21
16
0
-10
-13
-7
2
7
10
6
3
-4
-11
-16
-16
-16
-15
-10
-8
-1
0
-3
-5
-9
-9
-13
-14
-17
-18
-16
-20
-22
-22
-23
-18
-18
-23
-18
-8
-4
-2
-2
-3
-6
-11
-10
-8
3
16
21
21
18
12
9
8
6
8
20
25
25
20
12
6
5
3
2
1
5
6
2
0
-11
-15
-9
3
10
10
4
-5
-10
-11
-7
-8
-9
-3
1
6
6
7
7
5
8
13
17
12
8
6
5
7
6
2
-4
-8
-12
-17
-22
-20
-11
-1
2
4
2
1
0
-1
-4
-5
-5
-4
-4
0
2
12
18
22
21
10
1
-7
-1
8
12
18
21
20
19
18
13
5
-5
-15
-31
-49
-52
-45
-34
-26
-23
-20
-19
-13
-10
-16
-24
-30
-26
-19
-2
16
30
38
43
43
37
31
22
4
-13
-28
-34
-23
-2
14
20
16
13
6
-1
-6
-8
-10
-11
-5
7
26
37
39
32
16
7
-2
-3
-4
-2
0
1
1
14
34
44
43
35
19
6
2
-1
-1
0
2
2
-4
3
15
21
19
11
0
-11
-12
-11
-17
-19
-23
-26
-20
-9
-1
2
-5
-10
-11
-18
-24
-31
-33
-35
-35
-20
-7
6
12
12
10
3
-5
-7
-11
-16
-18
-16
-9
-2
8
10
10
11
10
11
13
13
13
14
9
11
16
18
13
2
-7
-20
-28
-29
-28
-21
-20
-9
1
1
3
7
14
18
17
18
23
23
20
15
12
12
9
2
-9
-16
-21
-28
-29
-28
-29
-25
-19
-12
-8
-6
-4
-4
-3
-1
-1
1
-2
-6
-8
-10
-5
-4
-1
6
8
14
17
20
18
13
11
6
1
-2
2
1
6
14
21
25
22
21
9
-3
-9
-17
-18
-13
-7
0
1
5
9
15
15
10
4
-3
-7
-5
-9
-10
-9
-4
0
-3
-8
-10
-10
-12
-6
2
8
9
2
0
-6
-12
-17
-12
-4
3
10
3
1
0
-1
1
1
5
9
10
14
15
13
12
12
10
13
9
8
7
-1
-5
-8
-6
-5
-5
2
11
16
13
10
7
4
2
3
0
1
-1
-6
-8
-13
-16
-17
-11
-10
-11
0
23
32
29
16
-4
-20
-28
-28
-28
-24
-20
-15
-8
-12
-13
-17
-19
-20
-23
-21
-16
-6
3
13
25
32
35
35
27
17
6
1
0
4
10
19
20
15
11
2
-4
-11
-16
-17
-15
-8
-2
9
21
27
24
20
16
11
4
-4
-9
-13
-5
5
9
13
14
16
14
5
-6
-18
-27
-32
-31
-25
-20
-23
-26
-25
-20
-8
-7
-3
0
-4
-4
-3
0
0
-1
-2
-2
1
5
9
6
4
3
3
6
8
11
8
2
0
-3
-5
-6
-6
-7
-4
-5
-6
-7
-10
-9
-8
-1
2
2
4
4
14
16
14
9
0
-2
-2
0
2
4
9
13
14
13
15
16
12
10
8
7
3
-3
0
-1
1
1
-4
-2
-4
-5
-5
-5
-4
-7
-8
-10
-8
-11
-13
-16
-14
-9
-5
0
6
13
15
16
17
17
10
4
0
-3
-2
-2
1
7
12
15
18
23
17
6
2
-6
-10
-14
-19
-16
-13
-10
-8
-7
-5
-5
-8
-6
-4
-4
-1
-3
0
1
1
9
11
10
7
-3
-11
-13
-9
-1
0
3
6
7
9
5
-7
-14
-18
-20
-22
-27
-22
-18
-8
5
10
15
13
8
0
-7
-9
-15
-18
-12
-8
-1
6
12
16
16
18
14
5
3
5
3
1
1
2
3
7
12
17
22
23
19
17
10
4
-3
-13
-15
-19
-20
-18
-16
-14
-14
-15
-12
-5
-4
-5
-6
-9
-8
-13
-17
-16
-15
-14
-5
3
9
19
26
25
21
18
14
10
8
15
21
20
14
10
11
17
24
26
21
11
4
3
3
4
-3
0
-1
-4
-2
0
3
2
-4
-11
-19
-22
-18
-10
-3
1
3
7
7
12
16
14
8
2
-7
-7
-1
7
17
19
14
8
0
-6
-14
-27
-38
-46
-49
-42
-36
-31
-23
-17
-12
-9
-14
-15
-16
-17
-10
0
6
11
14
15
19
22
26
26
28
25
10
-6
-24
-33
-32
-31
-26
-19
-17
-18
-16
-9
-2
2
0
-9
-20
-14
-3
6
13
14
13
13
21
31
36
36
29
20
12
14
21
26
29
29
23
20
24
29
32
22
10
0
-4
-7
-8
-7
-5
-5
-10
-14
-8
3
7
0
-9
-22
-29
-26
-15
-8
-13
-18
-21
-14
4
22
24
18
15
8
-6
-11
-10
-8
-11
-22
-27
-25
-18
-7
-3
4
4
0
-1
3
11
14
16
14
12
15
17
16
12
12
7
4
3
1
3
3
10
14
16
17
9
-2
-11
-21
-26
-27
-27
-21
-11
0
4
-3
-11
-25
-36
-38
-36
-24
-12
6
17
19
22
18
10
1
-10
-22
-26
-18
-4
7
13
20
18
12
11
8
1
-1
2
6
8
12
13
16
18
20
19
13
5
-5
-20
-24
-25
-18
-10
-8
-7
-8
-6
-2
0
1
-1
3
12
17
17
19
18
13
6
3
7
6
5
4
2
0
-5
-10
-19
-20
-12
-1
6
6
-1
-12
-20
-23
-17
-19
-19
-21
-16
-7
0
10
14
15
8
0
-5
-8
-3
2
11
21
24
22
17
13
7
5
3
0
-3
-6
-5
-4
-1
8
18
20
13
6
0
-7
-14
-16
-7
8
17
20
18
15
9
1
5
3
4
3
-5
-13
-18
-18
-14
-13
-11
-11
-15
-17
-17
-18
-14
-10
-1
10
15
18
14
11
3
-7
-9
-12
-10
-6
-4
2
10
14
19
14
11
4
-4
-11
-22
-32
-33
-24
-5
5
11
13
14
11
3
-2
-3
-4
-4
-3
-1
9
9
8
12
8
8
0
-4
-11
-16
-10
2
12
17
18
12
8
11
17
13
5
-4
-15
-18
-15
-7
-2
0
-3
-12
-19
-23
-20
-15
-13
-16
-19
-18
-10
0
5
6
1
-3
-7
-11
-7
-7
-6
-8
-11
-8
0
8
11
13
14
10
5
1
0
1
7
10
9
4
7
19
29
33
25
13
1
-5
-5
-4
-1
2
4
3
6
11
15
11
9
1
-12
-20
-28
-29
-27
-23
-18
-13
-4
2
6
11
13
12
12
7
-3
-8
-9
-7
-5
-3
4
11
15
13
13
9
3
-3
-7
-9
-8
-1
11
28
40
51
51
45
31
14
-4
-22
-28
-29
-27
-18
-7
1
3
2
0
-5
-12
-17
-18
-11
-3
1
0
3
5
9
9
4
1
-2
-5
-11
-18
-15
-9
0
5
7
9
10
9
9
10
4
2
-5
-5
-2
-2
3
3
3
0
0
-1
-1
2
8
11
13
13
11
6
2
-4
-2
0
0
4
6
10
9
3
-2
-7
-12
-19
-22
-16
-6
5
15
15
13
9
4
-5
-14
-21
-19
-15
-9
1
12
19
14
2
-5
-14
-23
-29
-40
-47
-44
-36
-29
-16
-13
-6
0
4
3
-3
-4
-6
-3
2
5
10
9
8
6
5
1
3
7
11
12
4
-1
0
1
3
2
-2
-10
-18
-21
-23
-24
-22
-17
-10
-6
-5
1
7
15
19
22
26
29
30
29
25
18
14
12
13
14
13
14
14
11
3
-2
-3
-4
2
8
10
8
5
0
-2
-1
-2
2
1
-1
-5
-10
-8
-8
0
8
8
10
8
6
5
4
8
14
18
23
22
19
17
14
14
10
10
9
3
-5
-16
-26
-29
-35
-41
-41
-46
-43
-38
-29
-19
-15
-6
-1
3
4
5
11
12
15
16
14
11
10
12
12
12
11
13
13
16
16
8
4
-4
-5
-2
2
6
4
0
0
-3
-3
-1
2
-1
-9
-19
-20
-18
-15
-9
-7
-3
-2
0
-1
-5
-5
-8
-11
-4
-2
-3
-4
-1
5
12
12
13
8
-3
-17
-32
-37
-36
-31
-23
-18
-13
-12
-7
-4
-5
-7
-5
0
7
13
16
19
20
23
30
35
32
27
13
0
-7
-10
-4
1
7
11
12
8
0
-5
-7
-11
-11
-2
5
15
23
23
24
19
14
2
-9
-12
-15
-15
-11
-4
5
12
16
17
14
3
-10
-24
-26
-22
-22
-14
-10
-4
0
6
16
19
19
17
14
18
16
5
-4
-11
-18
-13
-5
5
8
-3
-6
1
11
7
7
7
2
5
6
0
-5
-7
-6
-1
-1
-3
-3
-8
-8
-4
1
6
2
3
11
19
21
17
13
9
2
3
6
9
11
8
9
7
11
11
5
0
-12
-23
-26
-29
-27
-27
-21
-10
0
8
10
11
12
5
-2
-2
-6
-8
-11
-19
-20
-18
-8
0
0
-7
-12
-16
-21
-20
-8
4
10
3
-13
-15
-12
-9
-10
-19
-24
-28
-34
-43
-50
-47
-41
-37
-28
-16
-5
2
6
15
26
23
17
5
0
1
5
20
32
44
46
42
36
31
36
39
38
35
34
37
47
53
57
55
48
40
26
14
3
-3
-8
-11
-11
-10
-6
-5
-7
-6
-7
-9
-11
-11
-11
-19
-27
-24
-19
-19
-20
-22
-24
-26
-35
-42
-45
-55
-57
-57
-51
-39
-29
-21
-16
-13
-7
0
2
11
22
34
39
43
50
44
38
36
34
30
23
28
35
38
37
35
26
17
13
0
-6
-9
-11
-14
-19
-18
-17
-15
-12
-10
-8
-9
-13
-20
-27
-29
-26
-22
-22
-17
-9
-7
-2
0
-6
-17
-25
-25
-27
-25
-24
-26
-19
-11
0
4
2
0
-1
0
1
4
5
4
7
11
12
17
16
17
19
15
16
14
10
8
5
0
-9
-11
-9
-7
-5
-1
2
9
13
20
23
24
23
19
18
14
16
21
27
28
27
32
33
27
10
2
-3
3
11
16
21
16
9
-1
-14
-27
-43
-49
-46
-38
-29
-16
-4
0
-4
-13
-22
-31
-34
-36
-32
-27
-11
10
20
26
27
24
21
14
8
8
8
2
-1
-3
7
15
19
18
14
12
9
11
12
3
-3
-6
-7
-8
-8
-4
0
7
7
3
-1
-2
-2
-3
-3
-5
0
-1
-1
1
0
1
-2
-5
-6
-9
-12
-15
-9
-2
-2
-4
-8
-9
-11
-20
-19
-16
-9
-3
-5
-5
-5
-6
-7
-13
-18
-21
-16
-9
-7
-8
-5
-3
2
8
9
8
4
1
-1
0
2
8
12
12
7
6
3
0
1
0
3
1
5
11
13
16
18
24
29
23
15
5
-3
-10
-18
-20
-23
-20
-15
-11
-8
-1
-1
-6
-17
-24
-28
-24
-11
-3
7
13
18
22
18
11
7
0
-4
-5
-2
5
10
13
13
15
15
16
13
1
-6
-3
10
22
26
26
21
18
17
15
3
-3
-10
-12
-7
0
5
3
1
-1
-2
3
5
8
9
5
1
-3
-4
-2
-9
-11
-16
-19
-18
-17
-11
-10
-10
-12
-19
-19
-15
-6
0
3
6
12
22
23
18
7
-1
-13
-21
-29
-24
-17
-12
-10
-8
-2
4
9
12
10
3
-1
-7
-15
-18
-18
-7
7
18
24
24
25
17
10
6
4
2
-4
-12
-13
-10
-1
8
11
9
8
6
2
-6
-13
-20
-27
-25
-20
-13
-6
3
16
21
22
24
22
12
-4
-20
-27
-31
-20
-4
10
19
22
23
17
8
3
1
-4
-6
-4
-1
0
5
6
3
4
0
3
9
10
10
6
5
9
18
21
17
15
10
4
-4
-11
-11
-8
-4
1
2
1
2
3
4
2
-1
1
0
-3
-6
-9
-8
-10
-6
-2
-2
-3
-4
-10
-15
-21
-18
-13
-10
-3
2
9
13
15
12
1
-1
-1
2
4
-2
-6
-7
-7
-8
-10
-13
-15
-14
-8
-6
-9
-7
-1
6
16
19
17
17
18
16
20
23
28
30
28
25
22
14
6
1
0
0
-3
-4
-3
-11
-14
-15
-15
-17
-26
-33
-33
-35
-38
-35
-28
-21
-19
-19
-15
-14
-8
-3
0
4
3
0
-7
-16
-20
-21
-20
-15
-9
-2
5
12
18
24
20
18
16
14
16
14
16
15
12
12
12
13
14
10
6
6
7
7
8
14
20
17
16
13
12
10
10
12
12
9
6
5
2
1
0
-2
-2
-3
-4
-1
0
-1
-4
-9
-12
-18
-22
-23
-31
-30
-28
-19
-7
0
7
14
13
9
1
-8
-16
-22
-20
-13
-8
-2
-1
-1
0
-2
-5
-8
-8
-8
-9
-15
-15
-10
-1
5
9
15
17
14
11
7
0
2
7
14
21
26
34
32
32
30
25
18
4
-5
-12
-17
-12
0
9
10
8
3
6
9
8
5
-2
-3
-7
-6
-3
-5
-7
-9
-5
-4
-6
-1
-5
-11
-16
-23
-22
-15
-6
1
0
-2
-2
0
0
-3
-1
-2
0
-5
-10
-14
-16
-15
-11
-2
-1
-3
-11
-13
-8
-4
3
5
3
-1
-6
-8
-10
-9
-3
1
6
10
11
15
15
14
16
11
9
12
15
24
25
26
26
19
12
8
8
8
4
-2
-9
-12
-7
1
6
1
-5
-9
-12
-8
-12
-17
-18
-16
-14
-9
-7
-12
-18
-21
-17
-5
3
1
1
1
0
2
6
4
6
9
20
32
32
26
18
8
1
-4
-5
-7
-15
-19
-15
-13
-16
-14
-17
-16
-16
-13
-3
-1
4
4
-1
-2
-1
6
11
15
16
14
12
9
5
-1
-3
-7
-5
6
15
29
29
23
15
3
-2
-4
-3
-5
-6
-6
-4
2
8
10
6
1
-1
-5
-5
0
-1
0
-2
-1
5
7
0
-8
-11
-13
-19
-23
-19
-17
-18
-16
-17
-13
0
13
18
13
11
7
4
12
22
23
17
6
-3
-13
-15
-14
-15
-14
-12
-18
-19
-18
-14
-9
-10
-8
-15
-13
-1
6
11
7
0
-2
-3
3
7
8
10
9
4
-2
-5
-5
0
3
5
2
7
14
23
32
32
28
21
13
5
4
9
10
6
5
10
14
14
15
13
14
13
14
14
8
1
1
5
6
0
-7
-8
-12
-15
-20
-26
-34
-38
-35
-33
-29
-26
-28
-33
-38
-42
-40
-38
-31
-22
-14
-6
-4
2
14
19
24
26
25
27
25
24
20
18
16
16
16
12
9
8
6
1
-3
-1
3
6
7
10
9
11
14
12
10
4
-4
-16
-23
-23
-16
-10
-2
-2
-10
-11
-8
-7
-7
-11
-20
-25
-33
-29
-15
-3
2
0
-6
-8
-5
1
7
11
10
7
3
7
24
35
40
33
22
19
22
26
23
12
2
-8
-13
-16
-18
-17
-13
-7
-3
3
7
7
4
1
-4
-8
-5
4
11
8
0
-5
-5
-3
0
4
2
-3
-2
8
16
14
12
4
-1
-7
-12
-14
-15
-20
-24
-19
-4
0
8
16
16
15
11
3
-4
-11
-13
-12
-15
-17
-14
-11
-4
-2
0
5
7
14
19
25
22
16
13
14
16
15
9
11
20
20
14
7
0
-1
-5
-7
-6
-2
7
8
8
8
7
12
8
3
-1
-8
-13
-14
-15
-15
-16
-15
-10
-10
-14
-17
-19
-16
-9
-9
-11
-13
-12
-10
-4
-3
-6
-5
-3
-1
0
-4
-2
-2
-1
0
-2
-1
-5
-5
-2
1
5
3
2
0
-6
-7
-6
-6
-2
2
0
-2
-4
0
1
-2
-1
-2
0
0
-5
-7
-8
-3
2
6
9
9
13
12
6
-1
-5
-6
-8
-14
-16
-15
-10
-3
0
3
4
5
6
7
7
7
4
2
7
14
26
32
34
35
34
34
26
18
9
-5
-15
-16
-6
10
20
22
10
0
-11
-12
-6
-3
-1
1
1
8
14
20
18
10
3
-12
-21
-16
-10
-5
-4
-7
-11
-9
-6
-2
-8
-18
-28
-33
-20
-5
5
8
5
0
-3
0
6
5
0
0
0
-2
-8
-3
-2
1
2
-4
-5
-8
-6
-3
-8
-6
-6
-8
-7
-1
9
17
18
14
7
-3
-9
-15
-15
-16
-13
-8
-5
1
2
2
0
0
0
-3
-5
-7
-11
-13
-10
-10
0
4
11
14
11
9
8
7
2
2
8
9
13
16
13
12
8
2
-3
-15
-23
-31
-27
-17
-14
-12
-15
-11
2
11
16
15
19
32
40
33
20
8
4
17
33
38
33
19
10
12
31
43
40
19
1
1
14
29
32
25
11
-2
-11
-19
-30
-46
-55
-58
-52
-42
-34
-21
-15
-6
-7
-16
-10
-2
0
-9
-19
-23
-30
-29
-21
-13
-7
0
-2
-14
-25
-28
-28
-28
-30
-36
-35
-26
-7
7
21
32
34
27
25
27
24
28
31
33
33
26
20
13
9
10
10
10
8
9
9
14
21
22
19
16
13
19
19
18
14
-1
-8
-13
-13
-7
-6
-7
-14
-17
-7
6
16
18
13
-1
-11
-12
-6
-1
5
5
2
2
-6
-7
2
15
30
42
48
46
36
24
15
7
-2
-12
-26
-37
-49
-61
-72
-74
-76
-82
-80
-73
-62
-59
-57
-48
-37
-32
-29
-22
-18
-15
-17
-19
-15
-6
5
12
23
31
39
42
36
32
25
17
11
11
12
14
18
29
44
50
51
44
33
19
2
-10
-18
-13
-8
-2
4
4
7
7
5
-1
-5
-3
0
3
5
0
-2
0
7
12
12
9
7
-1
2
11
16
20
15
12
10
5
0
2
11
19
20
14
13
10
1
-6
-17
-20
-19
-9
-1
1
0
-1
3
7
16
19
20
18
9
0
-10
-17
-15
-6
8
17
21
20
20
12
-3
-17
-25
-30
-22
-7
3
10
13
10
3
-5
-8
-10
-8
-2
0
2
6
4
1
0
-4
-1
3
9
9
7
2
-5
-8
-13
-15
-14
-2
4
6
1
-4
-1
-9
-8
-9
-15
-10
-1
8
14
8
3
3
0
-1
5
11
18
15
9
8
4
0
-2
3
5
-2
-7
-15
-18
-21
-19
-16
-12
-8
-9
-7
-7
-4
-3
0
6
8
15
15
9
0
-17
-28
-32
-27
-16
-5
4
11
11
4
-7
-16
-16
-14
-10
-8
-6
-7
-6
-4
-5
-2
0
5
8
7
2
-2
-9
-12
-13
-8
6
14
19
17
9
9
6
1
6
6
9
11
11
6
-3
-13
-19
-24
-24
-25
-20
-9
-1
8
17
23
27
22
15
5
-4
-5
-8
-10
-16
-18
-19
-15
-5
4
7
17
20
25
19
9
11
11
11
6
-5
-7
-9
-11
-9
-7
-1
11
16
16
14
14
10
10
7
-6
-14
-2
-17
-18
-37
-40
-12
-19
-2
-8
3
12
-12
0
-2
1
11
11
-33
-10
3
1
19
0
20
43
50
10
15
36
3
-28
28
-12
-10
-7
-16
-12
-29
10
22
3
2
-1
-1
-8
-1
29
31
-11
0
39
13
-9
11
16
26
-4
5
10
13
-13
0
-11
-2
2
0
21
12
-3
34
25
-7
5
21
17
18
-8
0
-9
-6
1
1
-5
-15
24
-5
17
-28
26
12
-18
-26
-1
10
14
-22
-21
-10
21
-4
3
49
10
20
-51
90
-17
24
35
19
17
-36
-2
36
51
46
47
10
6
0
-31
-4
17
-64
-4
11
17
-14
-63
146
7
-48
1
-41
-7
5
-44
8
-18
-24
18
13
18
23
-11
-10
7
-28
3
-18
-55
32
-25
-34
62
12
-17
31
-23
36
16
-39
1
0
-1
-6
-85
115
-33
-20
52
34
4
-17
40
100
-15
95
65
10
70
42
39
44
35
-11
-52
-29
4
-48
-31
-49
-66
-5
-129
-53
-7
-84
-82
-54
11
-46
-138
-3
-54
-98
-72
-24
-24
25
-22
-11
-4
2
-1
31
-30
19
1
-4
-4
-28
10
3
52
35
-10
3
-11
61
-85
111
28
56
-9
-14
15
-54
-33
4
-16
-12
36
5
71
83
71
52
79
76
44
-51
195
-5
-106
-29
-4
-53
-83
-1
-25
-107
-20
-60
-75
4
-105
-35
-100
-39
-76
-50
-70
-37
-35
-88
-49
-21
-29
-71
-12
-42
23
-22
-25
12
32
17
-8
65
51
30
18
76
79
35
74
89
114
121
73
91
89
-8
35
2
-2
31
-7
-11
-2
-40
-25
-33
-7
-92
-45
-63
-21
-22
-50
-25
-40
-123
-112
-66
-96
-87
-147
-137
-2
-133
-64
22
48
51
18
-18
-2
-15
51
22
-94
13
-1
-5
21
-41
99
-51
51
78
-17
26
4
19
-1
55
63
29
39
74
112
154
119
89
48
122
87
103
75
109
122
32
182
-67
-48
42
-17
23
-64
10
-72
-73
-79
-72
-104
-139
-84
-113
-129
-67
-149
-56
-73
-37
-163
-65
-61
-49
18
-4
1
-26
60
-9
65
-10
109
37
61
-45
15
38
-26
71
40
69
85
-91
56
-42
-4
24
-23
-68
-19
-69
-21
-60
-66
-55
-21
-40
-14
-74
-57
-47
-13
-73
-55
66
-77
4
42
-36
94
11
25
93
74
-7
111
-27
39
75
26
23
77
41
6
4
21
105
27
114
10
57
45
99
108
101
21
67
61
15
-5
63
46
94
41
109
74
39
68
17
13
39
-14
23
-21
-29
-61
-58
-103
-59
-168
-105
-162
-204
-31
-151
-95
-83
-115
-76
-57
-33
0
-69
16
-58
99
12
9
43
148
12
135
38
30
23
-13
-75
-39
29
-95
-56
39
-74
-108
-118
3
-60
-82
-112
-57
-4
-36
-42
7
-45
-18
39
25
38
61
54
58
62
66
83
80
55
74
86
46
78
79
79
76
65
50
36
30
24
20
12
16
22
16
-16
-6
11
11
19
39
46
58
63
79
90
100
97
72
60
69
75
68
81
58
37
23
2
-20
-46
-56
-61
-78
-94
-95
-95
-98
-98
-105
-117
-112
-117
-135
-119
-114
-110
-95
-70
-62
-43
-66
-51
-30
-12
11
28
58
63
50
74
73
68
55
49
44
25
15
33
25
51
24
12
23
26
1
8
-33
-59
-13
-56
-71
-60
-62
-59
-42
-9
6
-17
-11
-3
46
51
102
42
52
-50
-28
-72
-90
-106
-61
-131
-45
-61
-56
-2
-10
-4
22
14
39
26
15
41
12
39
9
48
10
35
68
35
40
13
28
43
25
12
37
-11
75
30
26
45
6
23
50
4
59
-5
-22
24
0
-49
21
-8
-19
-30
3
-26
-10
-28
-2
-49
-53
-12
45
-4
-11
48
-13
33
3
-3
56
-10
-32
39
-91
-23
-25
18
-27
2
-2
-27
-40
-2
-41
-22
-14
7
-20
36
5
34
23
75
47
49
49
30
81
20
51
47
7
48
56
-21
49
13
0
-26
-49
-18
-7
-4
-20
-11
20
7
-43
7
25
-63
-39
-64
-54
-35
-50
-59
-42
16
-29
-8
40
32
44
58
38
89
34
52
43
42
8
-4
2
-26
0
20
-3
-15
-3
18
-15
-3
-2
-19
-39
-26
-45
-36
-35
-39
-39
-7
-56
-54
-9
9
-3
21
43
36
44
17
-12
-4
-7
8
4
-12
22
-14
-29
-44
-21
23
6
23
-7
1
-14
18
31
39
11
54
44
21
38
33
53
34
22
11
22
-10
-17
-8
-21
0
35
16
-4
3
-62
-37
-42
-45
-55
-3
46
-66
-75
5
-128
-61
-59
-64
-45
18
-68
26
52
50
24
3
17
-7
8
21
-6
22
-38
56
-20
-14
-50
50
-63
-26
41
-57
4
-54
-65
-14
-47
24
-1
50
54
37
-8
47
37
12
33
55
109
31
71
46
51
52
-49
22
13
19
36
69
14
32
88
-18
-19
-15
-17
-55
-32
-16
-14
-50
42
-52
-47
24
-30
-26
46
37
20
27
41
-5
-24
10
-20
-46
6
-45
-42
-13
41
-36
2
-6
-119
-41
-8
-75
11
6
-16
5
75
-41
-5
-28
-24
17
-44
17
17
76
104
47
-4
9
-6
17
-45
17
54
65
72
44
29
-1
2
-62
-18
-32
-2
25
32
14
-47
-26
-66
-78
-61
0
18
-18
67
43
-7
-26
-15
-38
3
-48
-21
-6
2
8
44
15
-11
-6
5
1
12
23
29
19
30
51
42
17
17
39
-40
1
25
29
61
74
25
30
11
36
-73
-71
-38
-1
12
38
-7
2
-5
-38
-83
-67
-40
-43
-31
-13
-18
-16
27
6
-38
-45
-18
-7
-44
-30
-34
-28
-41
-14
-46
-67
-42
-11
-16
-23
-8
42
93
69
16
8
68
7
-84
-28
-35
6
-10
25
34
-26
-61
-102
30
-115
-35
17
-47
-55
-59
47
2
-57
-4
49
-27
41
-2
4
8
24
-25
19
34
50
26
79
41
37
-9
39
-44
26
43
38
8
47
46
93
89
123
60
27
13
0
59
0
2
-28
4
-3
17
21
15
-11
-18
-27
-16
2
15
48
49
-11
2
3
-19
-43
-45
-34
-21
-8
21
48
31
16
10
0
-1
3
14
-51
-44
-10
7
-18
0
6
18
-9
7
26
-41
-38
1
32
-25
-2
-1
14
8
-3
-3
-2
-35
-7
3
5
13
-8
-33
-5
0
-22
-67
-46
-23
-19
-4
-2
0
22
22
19
17
-19
-20
12
-18
31
11
-12
-92
-42
-20
13
46
0
66
39
-13
-49
-20
80
-52
-26
-102
6
49
-6
-33
-47
-2
-32
2
62
-14
24
-20
19
-2
13
-19
-37
-5
-8
-39
-2
15
-15
-18
15
27
16
53
1
-35
-19
-34
13
-27
2
6
51
13
78
40
75
65
15
29
53
8
19
17
0
-36
-16
42
-7
-7
13
32
59
0
15
76
32
7
2
16
-29
32
-47
-20
-37
-42
-84
-58
-37
-14
-5
38
32
21
-7
12
0
-44
-18
-60
-42
-6
10
14
24
25
41
59
-1
7
22
2
-28
-5
-9
-10
-29
-12
-4
24
1
16
-4
-22
-9
-11
-39
-32
5
45
4
-39
-15
22
3
15
-5
-18
-31
-17
-55
-25
11
18
40
50
96
87
40
9
-28
-64
-66
-62
-30
-15
13
34
13
5
6
26
30
29
4
-6
-9
-48
-45
-38
-17
-25
-27
8
29
31
-2
-38
-41
-23
3
27
27
50
47
44
-22
-20
3
-14
-40
-48
-50
-43
-39
-25
-2
42
0
-46
-38
2
16
22
-2
-22
-25
-25
-27
-56
-24
-25
-18
-8
38
49
69
88
70
36
36
32
22
5
12
41
36
7
-10
-23
-21
-28
-50
-57
-38
-15
1
39
47
39
26
55
53
36
0
-41
-62
-73
-78
-85
-45
11
22
29
-5
-22
-2
37
34
20
29
11
5
2
-19
-26
-30
-31
-24
16
60
55
41
29
12
-11
-8
-42
-29
-6
13
12
-7
18
15
-15
-35
-41
-47
-42
-16
28
48
49
32
29
38
53
42
11
-14
-27
-47
-76
-56
-35
-4
24
61
89
55
27
32
34
-6
-38
-68
-75
-71
-76
-45
-9
-5
-1
21
64
81
38
22
-11
-35
-54
-50
-53
-39
-34
-7
11
16
32
89
116
66
23
0
-30
-21
-39
-65
-70
-36
10
63
57
69
61
43
-10
-14
-49
-55
-38
-9
-34
-14
10
0
1
14
17
19
14
-29
-37
-35
-35
-55
-64
-4
26
31
35
29
14
20
23
10
-30
-39
-42
-20
-6
-15
-26
-50
-28
1
-1
39
32
19
-22
-32
-32
-24
-41
-14
6
35
26
7
15
15
9
22
24
3
-18
-16
0
16
42
42
44
16
5
0
24
64
56
42
23
0
-10
-17
-11
3
10
30
5
14
11
2
28
39
-27
-38
-38
-11
8
-24
-13
-19
-19
48
105
14
17
5
-14
-44
-66
-43
-13
-9
-39
-27
-19
5
1
1
-8
-54
-37
-31
-101
-89
-38
-6
-8
18
37
56
59
34
11
-9
-22
9
53
4
-19
13
8
-10
-34
-24
-23
5
67
42
59
24
8
4
-26
-29
-38
-53
7
35
30
43
77
66
13
1
37
21
-34
-71
-25
-21
-11
10
-14
14
2
44
29
-27
-45
-54
-60
-56
-10
0
-59
-16
-42
9
19
27
31
19
-4
-35
-12
-30
-55
-14
4
-38
-34
4
15
51
47
61
48
33
-8
-22
18
-3
18
-25
1
-3
-29
-41
-12
47
99
54
6
-9
-16
-1
-25
-5
-48
-34
-33
-22
-10
15
35
23
43
55
52
15
-10
-11
-31
-21
-31
-39
2
44
48
26
5
-34
-14
-10
-10
8
-11
-10
-21
0
-19
10
2
-9
36
76
65
33
-24
-26
-9
-5
-27
-17
-18
-9
16
39
76
84
99
33
15
2
-6
-30
-11
-29
-32
-17
-22
0
-8
-13
-4
13
15
-17
-12
-1
4
-25
-38
-7
21
4
-7
-19
-30
-12
23
54
3
-25
-54
-59
-33
-32
-31
-41
-32
-25
-38
-15
1
29
24
9
35
47
38
29
30
23
-5
-17
-9
-12
-10
46
62
63
29
-11
-9
17
15
-33
-66
-93
-102
-41
-24
-21
27
44
55
48
-28
-82
-49
-11
-1
15
49
53
19
7
0
-9
-20
14
48
49
25
12
18
-12
-26
-28
-34
-7
3
-17
-27
-74
-82
-41
48
95
92
77
24
-3
-26
-28
-40
-28
-17
-8
35
60
68
42
6
-53
-111
-57
-11
12
20
-14
-25
15
19
9
-35
-70
-17
35
94
99
62
39
-41
-77
-74
-33
1
4
18
-11
-23
-25
-46
-29
26
44
16
-12
53
44
15
-1
-55
-78
-72
-43
-31
-1
2
14
90
125
45
-29
-90
-78
-32
14
6
16
15
17
-43
-14
-18
-11
34
62
89
32
-26
-36
-15
-17
-81
-31
-20
-21
-14
21
13
-23
15
34
60
46
27
37
51
55
47
-2
-55
-37
-22
50
35
45
116
94
53
2
-21
-39
-100
-94
-96
-73
-44
48
27
14
-1
-4
-112
-92
-29
25
81
108
59
78
-9
-30
-66
-90
-123
-65
-54
42
100
104
133
86
26
-15
10
-32
-61
-3
53
130
34
86
-35
-62
-59
-29
-51
-49
-66
32
94
145
-8
-27
-75
-84
-63
-30
-15
-40
-1
-7
-8
43
62
2
8
-62
-25
-67
-30
-8
48
11
-21
-60
-71
-68
-30
-29
48
88
136
84
77
-35
-57
-52
41
26
-4
34
52
71
0
-7
-13
-17
14
30
13
0
-1
0
-30
-13
-62
-6
-9
-5
-37
-64
41
49
43
10
-33
3
-1
5
16
29
38
20
65
43
51
-18
-16
-21
-6
-45
-21
12
32
39
35
32
-41
-68
-56
-107
-65
-73
-71
-42
-34
29
89
122
108
26
9
-43
-36
-45
-11
-41
-42
-7
-1
-51
-60
-48
-57
-33
23
112
93
46
41
31
-3
-20
-26
-52
6
22
-41
-30
-54
-23
-7
74
60
-16
-30
-5
0
-8
1
-26
-42
-70
-77
-29
-25
-29
48
128
110
25
26
9
-24
-60
-71
-53
-16
37
52
41
36
-4
-44
-74
-37
11
27
56
85
97
97
3
-84
-79
-54
-94
-91
-79
-30
53
94
95
45
-11
-9
5
11
13
8
9
43
43
19
-19
-47
-53
-82
-71
-33
31
31
44
113
138
106
38
-48
-90
-93
-86
-70
-38
-10
-8
1
12
3
-1
0
-21
0
6
55
52
18
0
1
-7
-47
-57
-29
-38
-36
0
52
96
112
106
64
16
-18
-23
-53
-87
-75
-60
-33
-29
19
68
54
15
-16
-54
-57
-72
-24
9
19
37
53
14
12
4
-15
-30
-21
-7
40
45
24
24
37
17
9
-16
-11
-36
-27
-20
-10
-12
-7
-17
-12
-7
-10
-24
18
53
28
24
45
52
105
58
-8
-56
-60
-32
6
11
14
-17
-68
-53
16
21
-11
12
31
67
62
64
50
27
-26
-73
-63
-28
-2
38
19
0
9
24
60
72
36
25
19
-9
-53
-61
-57
-1
42
46
50
8
-26
-2
14
-12
-29
0
16
3
73
40
-4
-20
-34
-38
-65
-38
-77
-86
-33
2
-14
-76
-46
26
96
90
58
23
11
-13
-39
-36
-26
22
22
-16
-25
-25
-32
-65
-55
13
40
73
96
52
-15
-30
-28
-51
-82
-39
-58
-86
-80
-28
139
146
136
68
13
10
-36
-72
-71
-52
-20
-23
6
22
35
28
68
40
-29
-52
-70
-43
45
104
148
89
69
29
-43
-71
-69
-73
-35
-44
-29
35
24
60
122
97
73
-25
-87
-147
-140
-86
-54
2
13
62
33
16
15
22
4
31
26
38
45
87
140
132
45
-37
-87
-65
-101
-94
-140
-116
7
106
118
74
41
13
-24
9
54
9
-57
-90
-17
1
1
30
-6
9
14
8
-11
-96
-130
-129
-19
173
200
158
92
9
-45
-97
-99
-92
-114
-136
-104
-71
-35
-17
80
166
139
78
30
-18
-77
-86
-86
-70
26
4
25
54
53
62
50
16
1
-75
-126
-119
-14
108
114
82
88
76
25
-35
-46
-115
-116
-112
-63
35
105
51
-18
2
-29
70
125
44
-59
-80
-57
-88
-52
20
71
50
78
5
-55
-19
-39
-30
-96
-94
0
167
89
75
53
82
47
5
-13
-74
-143
-157
-58
52
41
13
-21
-33
-24
-3
15
0
9
14
39
54
88
45
-25
-11
-23
-25
10
46
38
-28
-45
-82
-11
144
145
100
24
-61
-80
-65
-68
-87
-79
-74
-41
18
84
81
40
22
-29
-33
-17
-59
-50
-86
-59
-21
49
33
52
35
41
20
45
-2
-41
-100
-36
-31
47
131
187
142
77
37
-40
-87
-133
-130
-118
-140
-115
-75
19
42
79
77
41
-43
-27
-30
-16
-38
-49
-63
-2
40
76
60
100
80
25
-11
-99
-100
-28
-33
-42
27
114
192
240
121
49
21
-21
-4
-65
-43
-21
-15
63
120
202
299
234
144
61
-37
-87
-2
-14
-84
-56
-13
33
62
57
64
62
12
0
-32
-22
-126
-66
86
125
134
71
111
16
-65
-128
-154
-166
-123
-115
-56
-6
71
124
72
24
-56
-12
-38
-9
-7
30
23
15
2
-41
-26
59
80
56
29
-24
-36
-85
-30
-36
11
-55
-81
-87
-97
-80
13
-15
-50
-48
-8
-69
-91
-71
-21
-89
-27
99
149
166
107
4
-35
-112
-90
-87
-83
-125
-92
41
87
92
-11
17
-62
-51
-46
-61
0
21
30
45
83
103
24
-12
-111
-41
-21
-100
-47
-77
-109
-51
49
113
145
105
100
83
43
-34
-68
-102
-96
-138
-125
-91
12
21
23
62
-12
-5
-44
2
10
96
62
9
18
32
24
-59
-43
2
9
35
-6
57
71
43
41
8
-16
-81
-88
28
121
79
0
-40
-81
-121
-67
-54
-80
-87
-98
74
78
149
146
140
73
44
-5
-81
-153
-209
-182
-167
-93
-32
49
127
136
123
3
49
-56
-110
-78
-73
20
38
-10
29
102
130
178
71
-24
9
-47
-84
-115
-82
-140
-89
-8
41
33
-11
39
67
56
24
-79
-87
-91
-17
45
90
45
9
61
142
136
72
81
-10
22
41
0
-76
-84
-56
28
47
67
26
-2
-39
-20
-30
-77
-124
-97
-86
-98
-1
45
21
38
-34
-6
-41
-100
-71
-74
-63
-98
-25
15
47
57
52
144
165
103
57
8
-29
-59
-90
-38
-8
2
-57
-34
-29
18
104
72
-5
44
-84
-28
97
89
66
-53
-27
80
109
59
-35
-113
-109
-103
-66
-74
-103
-74
-115
-68
-14
6
143
225
222
217
120
67
-49
-86
-59
-60
-53
-92
-36
40
85
110
135
60
2
-3
-93
-69
-61
-65
-45
-98
-123
-100
-92
-66
118
153
199
178
201
138
18
-130
-174
-97
-47
5
89
58
78
130
175
81
11
-128
-162
-159
-171
-210
-154
-109
-22
126
151
85
78
118
70
19
5
-92
-101
-61
87
16
16
4
-29
17
-31
-14
-64
13
36
60
55
-104
-105
-115
-136
-88
-14
-37
12
27
60
132
96
0
-12
-94
-89
-91
-15
-63
-32
10
94
99
14
40
-6
8
-4
-48
-48
-62
-35
58
39
21
0
23
56
33
-19
-93
-83
-81
-57
32
5
59
50
77
120
57
1
-56
-64
-17
65
16
-53
-8
38
31
-46
-48
11
68
81
-17
-26
-10
-35
-10
-71
-55
-26
-3
54
191
199
96
-6
5
17
-17
-61
-78
-58
-86
-103
1
58
128
166
163
111
48
-65
-110
-58
-22
50
34
-23
-20
-15
-39
20
28
15
8
-8
-41
-37
-43
-7
60
142
189
59
53
91
-49
-45
-42
-26
-32
-15
18
14
21
11
-48
-85
-52
-36
-56
-20
-35
11
12
28
0
-64
-7
-37
-72
-37
-45
-80
1
-1
33
24
99
110
95
22
-94
-172
-182
-136
-75
-13
107
137
46
52
73
90
-19
-89
-69
-29
-14
47
13
-6
-37
-113
-96
12
34
125
96
6
-49
5
-30
-22
-42
-40
11
-17
-18
-78
-46
23
4
44
56
76
61
47
62
-40
-36
-60
-53
-78
-38
21
-53
-62
86
158
225
141
14
-43
13
-29
-23
8
-4
-59
-118
-180
-127
75
177
192
145
57
2
-1
21
2
10
-84
-119
-84
-122
-111
-77
21
52
202
136
76
-59
-77
-23
-44
-20
-50
-17
36
44
9
4
33
40
150
59
39
-2
-26
-130
-29
8
-39
0
-22
-19
-6
14
3
114
71
55
69
-8
1
-19
-33
-43
-72
-70
-52
-115
-31
66
16
100
127
68
18
-13
-98
-91
-64
28
-47
-127
-25
-35
125
84
101
117
-19
-149
-125
38
116
56
86
-69
-140
-167
-54
-20
58
111
33
28
91
44
13
-7
55
-93
-100
-70
-74
-72
-75
63
13
88
108
153
159
29
-26
-86
-68
-77
-136
-52
-14
-21
77
104
133
3
0
95
45
36
-95
-138
-95
-87
-132
-90
19
55
92
107
49
-44
-59
42
31
105
70
-26
-57
-77
-52
-66
-70
39
153
56
91
18
55
72
-41
37
-85
-160
-82
19
29
-1
63
-8
32
35
71
137
25
-158
-98
-59
-89
30
70
-27
103
-34
67
113
99
92
-9
-118
-107
-157
-141
-80
-4
-98
-14
76
-48
-21
23
148
208
121
46
9
29
-31
-77
-106
-40
-96
-132
0
64
42
-107
50
-17
-158
61
274
40
12
119
36
-28
-11
-95
-33
7
2
-94
-85
-3
93
15
82
55
-29
-19
-31
-106
-66
18
30
22
21
-92
-107
12
121
107
56
83
38
-62
-83
-34
-79
-119
-115
6
-51
79
81
113
121
174
59
-23
-7
-198
-108
20
-84
2
-9
-46
-48
-111
-2
39
101
195
81
-6
48
37
-100
-42
-41
-116
-114
-95
-35
12
-144
17
140
62
215
254
117
23
4
-86
-142
-121
-15
-17
-6
-21
-111
69
9
87
156
93
163
77
5
-114
-103
-72
-68
-75
-15
-53
-60
30
127
-31
151
60
-6
-46
8
-228
-145
-119
12
33
127
-69
48
-1
32
-63
91
159
104
89
-26
-63
-202
-80
-114
-168
-60
190
108
25
74
149
-64
127
116
-74
-107
-52
-18
-52
-16
-53
-142
-77
126
227
-55
-35
43
-89
37
8
100
-11
36
11
-126
-70
76
45
-79
-63
-4
-63
-5
102
60
127
146
-72
16
-60
-57
-248
-80
-85
-44
-54
110
20
220
224
40
96
69
-5
-29
-22
-22
-88
7
-43
-60
-64
100
-22
73
159
159
-32
-109
-177
-120
-87
43
53
-122
110
72
-83
8
3
-11
-15
57
229
32
32
143
-308
-277
-138
-51
1
90
121
137
32
159
51
-68
43
-198
-104
-36
114
22
-53
-21
161
-121
-208
110
31
91
162
-57
106
-4
178
-135
-118
0
32
-69
-148
-104
78
-101
163
14
25
27
130
-42
-10
-40
-56
17
-75
133
-115
-43
-59
48
-56
-94
-2
32
164
181
187
-25
-36
-225
-69
-36
-201
-101
115
-108
90
171
-5
242
-37
-150
164
99
-83
-49
-91
-105
-214
289
56
128
-175
6
127
-23
61
-68
-7
-129
72
83
62
29
-116
-118
-40
-13
5
9
-12
27
243
1
-10
1
-138
-133
46
-111
-68
44
-132
166
77
124
-65
44
-78
-51
2
-84
-135
56
-40
-88
37
259
54
-248
-13
148
-105
14
191
22
27
-61
79
7
-256
-2
52
70
103
-126
-21
-53
-32
204
138
-87
117
-67
-124
8
-182
-179
-95
-67
148
146
-135
223
46
51
87
-14
-39
-28
20
51
-41
-98
90
-162
-7
-79
-213
-71
53
83
466
348
-68
-164
54
-176
37
-214
-72
-33
28
194
-7
-167
71
41
10
-31
39
95
323
195
50
-224
-253
-305
-163
51
-124
0
257
174
-138
-239
47
24
177
299
-33
203
-106
-287
-174
24
-44
252
-218
-38
-92
28
100
140
-98
162
181
133
2
166
-176
22
-194
-50
-59
-24
-106
106
-12
-105
-95
31
-10
94
251
-142
121
-37
26
261
-133
-191
-193
-89
212
-57
-198
-26
10
-70
85
272
417
19
128
-259
-84
-37
-142
-111
-27
-13
-26
284
-191
-127
80
-104
45
98
94
59
47
132
-211
184
-142
-207
-80
-25
20
138
45
336
1
-131
262
-218
-207
122
18
-175
33
417
-108
-222
-283
126
363
-150
-83
-19
-141
303
-61
-76
76
-1
-90
-90
-180
-73
185
31
-20
247
-54
139
-32
-36
78
-73
-258
-17
-48
62
-188
102
82
1
186
242
-449
-209
111
0
214
-92
-137
-89
149
284
281
-8
-89
-285
-164
133
-194
-182
-104
62
162
347
-4
-114
17
320
84
-13
-484
-346
119
67
242
-177
-72
294
-148
-195
17
197
480
-2
-242
-13
203
-60
-237
-212
-221
-243
-33
428
437
30
-220
130
-80
-134
210
-66
3
173
42
-133
74
324
-280
-428
-127
112
29
214
63
-15
-65
178
153
-96
-63
65
-1
-284
-42
-219
-162
-72
-276
223
597
124
-142
-161
396
-73
33
160
-31
-119
37
-61
-292
66
599
-511
-310
-376
80
61
28
295
654
-111
-48
87
48
-245
-251
-105
-139
-31
-30
-76
-130
583
-9
-460
-65
251
-31
448
294
26
-163
293
-99
-457
-151
-433
-229
475
87
-223
126
162
459
112
-172
-27
-135
-164
-16
138
-50
-39
-79
263
75
-505
-16
46
-11
-430
135
151
21
299
221
-68
-132
124
357
14
-391
-443
-373
-196
28
110
543
-146
133
247
187
184
-290
-105
34
57
-91
-192
337
26
-232
101
-375
-45
120
-10
-52
242
188
518
-153
-493
59
129
-1
185
-172
-189
-175
-153
-61
170
663
-534
-450
338
115
-113
5
-44
-98
-3
-46
419
-142
-233
207
409
-300
-274
-190
167
-27
-169
-158
196
669
-623
178
295
236
-431
-394
526
-87
-81
-2
-10
-144
-64
279
270
468
-275
-167
-89
-266
-38
-42
-252
368
490
317
-23
8
-346
-176
186
99
133
-134
-270
-271
-274
-156
104
134
769
134
-662
78
437
-91
-39
41
166
191
-207
-291
-219
-251
265
-338
-136
-258
-452
237
830
156
190
64
2
93
-76
-323
-205
-100
15
28
496
-220
-193
373
-23
417
-133
-297
2
-167
-86
-1
20
375
-31
-81
-60
-105
315
132
-308
-446
-2
308
323
224
-220
-354
32
-37
142
-168
154
447
-28
-220
-169
-293
509
-205
-555
206
211
-66
-206
209
555
-346
-280
-12
71
119
-259
-294
-301
-17
100
124
297
577
1
-681
-71
410
-177
-360
-159
153
150
-128
-148
-149
468
670
337
-592
-250
678
208
-239
-507
-201
506
316
-80
-112
-189
-80
14
232
0
-23
-318
118
549
-357
-237
417
-132
-705
66
351
-23
109
42
14
-279
-194
-139
-105
613
580
-508
-140
-1
-128
106
352
-238
-265
363
-61
-306
-449
431
-168
139
291
366
217
-54
-189
-411
-386
-14
118
598
-438
-118
11
301
325
-337
-308
325
270
16
-345
-92
148
51
-527
83
195
-36
-25
293
43
-275
-404
-359
-198
8
185
393
-32
-254
636
96
-149
-78
36
-18
97
546
111
-730
59
-29
-189
125
414
80
-40
-182
97
151
361
214
31
-68
-278
-236
-65
182
-289
-204
144
183
-132
-169
-300
-255
-43
704
431
16
222
28
-203
-302
-8
32
-78
190
527
-503
-332
25
220
211
72
-71
-103
107
-34
-22
-45
-333
-190
-304
3
52
-193
-111
178
460
18
-266
136
515
-295
-203
-340
235
388
198
-266
-334
33
170
231
-197
-248
-108
167
29
-155
-22
563
-481
-66
218
65
-75
-29
-390
-336
-246
127
913
492
-71
-58
164
351
15
-299
-493
-352
-298
29
28
545
614
-280
128
-119
150
-211
-39
-345
-8
132
-176
-151
233
784
-505
-211
-310
157
184
-266
-238
-170
302
368
-13
553
194
350
-499
57
-120
30
-128
142
-271
51
103
47
164
197
-88
-219
-318
-340
47
134
133
-315
96
183
-315
-216
29
29
581
-484
-184
-263
-171
-21
690
-37
107
-81
32
11
214
-182
74
-7
-147
-230
17
17
405
-68
-240
43
51
-73
-6
-82
109
386
-76
146
55
-188
-300
140
86
-2
166
-48
-133
-307
-209
-66
176
32
-20
596
-306
-133
247
222
60
-96
276
-322
-115
-75
-57
-142
-141
-57
-219
491
14
-199
149
-173
249
460
304
-421
-61
-48
-89
223
449
187
-138
-164
-443
-197
20
-137
-41
-65
-52
-198
272
544
438
-159
-581
-196
120
244
-156
317
-33
-139
-184
-50
-2
-102
-159
128
144
-424
-27
-99
609
458
-196
-497
-107
162
-179
229
506
-151
-40
102
175
227
-236
-330
-298
372
-213
-151
-74
-246
168
55
190
-374
194
507
-304
116
710
41
-173
74
187
240
-201
-312
-295
-64
268
-482
-122
43
-514
-197
-73
-44
209
630
856
-485
108
376
175
93
-199
6
-120
192
-112
-343
-363
-210
-194
324
178
224
-466
-374
176
365
477
-120
-194
319
297
312
-154
-139
-203
-340
25
-436
-307
237
191
65
-329
-185
-91
82
346
186
-59
148
727
-699
-330
28
395
42
-255
246
-248
18
-20
-335
-203
-265
-325
-154
99
776
521
-310
-297
479
73
-456
-176
221
360
-32
-104
198
-323
249
35
-353
-284
-313
-147
-175
-198
676
785
-277
-284
278
53
238
424
-33
-171
-304
-82
-358
-252
-45
-239
-118
-107
-15
186
317
330
631
-403
-539
33
463
-454
-90
-8
340
169
52
40
290
-22
14
-45
-267
-303
-274
-170
-110
-48
78
-99
136
607
229
-27
46
118
-50
-116
80
19
60
80
-390
-475
10
646
628
-282
-373
-35
275
190
-402
-50
-60
77
288
-95
-96
-290
-198
70
-93
434
324
-196
30
-110
-162
130
-138
-61
338
-123
-315
183
138
-255
-32
6
81
-56
258
635
-755
7
65
39
-115
-114
297
276
-620
-59
-48
-183
-41
473
138
-274
307
-52
5
-4
400
200
-422
-219
171
-145
-455
-299
407
322
1
25
445
-163
61
-44
81
23
-195
-540
333
-351
-223
-4
-29
-84
-157
-127
-276
175
1230
348
-497
114
157
177
150
338
-504
75
-110
48
-190
-245
-111
-144
-68
86
-45
-155
-319
-152
535
1116
-391
-181
267
329
346
266
-59
-220
-56
3
-118
-342
-15
190
-307
-234
-425
-142
76
-48
-148
-243
-163
199
985
-35
-382
-76
202
67
107
66
81
-142
-251
-144
-216
-17
33
-115
-136
-100
97
491
433
387
-51
-207
117
40
-448
-234
176
142
187
-478
-575
-70
122
96
5
103
138
-74
87
271
-8
-331
-184
-67
-61
481
265
-504
21
-62
111
45
158
-9
-60
-60
-22
167
550
275
14
-301
-252
-180
-33
24
-25
120
296
-206
-363
-36
15
3
296
505
-28
-72
-112
101
-206
-418
-293
-161
228
323
-799
-22
985
-169
-143
82
519
271
255
-120
-219
-219
109
-92
-207
-125
-69
-187
-109
564
151
-397
79
125
-127
-123
-1
334
-337
200
235
250
-14
-199
72
-153
309
259
-543
-74
-352
-352
-221
-157
-131
14
467
-495
77
283
244
-308
209
675
498
-303
-77
481
231
-209
-497
-267
14
66
-74
-63
-216
-201
-157
-86
-102
-48
64
88
115
773
-47
-50
-148
-6
319
306
-224
109
366
214
-184
-285
-454
-264
-173
-20
-97
54
-145
-244
-303
-21
382
161
340
561
-51
9
173
349
573
-283
-346
-276
-375
-151
-410
-411
-254
-207
-150
-70
-62
-52
-28
7
190
230
983
354
4
79
387
495
402
-247
-337
-133
52
-222
-331
-260
-33
6
-193
-332
-117
-76
-214
-11
2
2
708
156
-329
-48
382
590
51
98
-54
226
61
-299
-36
27
-274
-91
-157
-508
-384
-169
-67
-5
1
-7
-30
-120
-107
44
231
515
1133
-109
-97
209
687
19
-132
-461
154
460
-117
56
-348
-440
-396
-292
-246
-217
-166
-124
-46
-65
-34
0
31
288
907
695
-290
38
152
248
31
146
133
-157
-115
-203
-327
-390
-212
-273
-205
-181
-99
-94
-140
-55
-89
-99
247
800
597
694
-557
21
288
369
125
123
-439
-204
-173
-246
-23
-408
-279
-214
-135
-110
-137
-103
176
114
195
544
1098
-239
-442
-48
222
-189
112
33
-43
-2
-169
-292
18
-291
-135
-88
-151
72
262
710
-74
-230
-493
-302
53
576
-208
-103
263
374
-171
-50
-266
-245
-32
24
3
-269
-68
111
54
204
222
-112
-169
133
139
-141
144
786
290
-277
-269
-155
297
-59
-404
-355
126
185
65
18
-23
-120
72
931
-104
-392
-358
-71
-142
-166
-92
-38
15
-34
97
177
194
29
293
944
84
-777
-271
113
316
-59
14
-37
115
-64
-19
2
-153
-309
-391
-309
-164
-149
666
855
-179
-447
-220
302
166
-45
-22
-93
-81
-22
-27
-117
-164
-187
162
171
-85
-10
168
240
304
201
401
356
-227
142
-345
92
-534
-266
-74
-143
-112
-250
60
-25
-115
-100
41
556
116
-160
34
-63
-269
-111
-104
-173
-54
561
164
-354
-112
157
442
153
-275
-272
-238
20
214
35
112
104
-338
-109
181
-36
-73
36
134
-14
-68
-71
0
112
388
373
-252
-57
-144
479
-231
-645
144
-131
245
-261
-229
-96
193
332
167
244
365
-70
-211
-271
104
249
330
-418
-276
-428
-259
-112
-20
26
79
714
-36
-664
130
2
-236
100
-203
40
358
410
-10
-50
69
41
249
147
-133
318
188
-49
-21
-49
-55
-50
-67
-158
-179
470
-196
-512
-54
158
83
-64
-300
-116
535
283
83
-43
-147
151
160
-51
-67
-239
-148
-202
-161
-38
20
-29
-104
-81
-80
-99
-121
-102
169
446
-233
673
481
-396
435
10
111
156
20
-279
-361
21
304
-79
-304
-341
-180
-140
-95
-69
-102
-147
-136
-79
-12
53
29
43
148
64
965
330
-99
32
82
246
-251
-161
162
191
-19
175
-93
-247
-300
-310
-182
-118
-40
-26
-63
-110
-226
-302
-195
154
688
318
-461
211
129
34
173
-142
226
166
66
7
58
237
0
-391
-279
-262
-252
-211
-166
-132
-71
49
15
-37
-59
13
79
309
797
10
72
287
-97
-60
2
170
21
337
155
-239
-465
59
58
-59
-298
-449
-346
-239
-126
-80
-26
-36
-15
-3
18
60
773
312
167
160
344
196
84
-215
-146
114
309
91
-260
-427
-115
-126
-129
-127
-147
-148
-98
-44
-22
-19
-25
-18
1
2
-20
77
503
1062
-362
-127
608
400
-28
-552
0
199
172
0
-294
-137
-330
-396
-197
-195
-152
-138
-153
-81
-12
38
18
-4
111
296
252
508
-32
-159
-52
168
240
-43
134
-156
24
331
167
-174
-309
-323
-251
-257
-217
-179
-118
-125
-99
-56
-7
-51
-52
5
-5
577
391
-36
349
200
162
345
163
210
74
-32
112
130
-54
-244
-371
-338
-187
-90
-95
-143
-217
-201
-102
-84
-184
121
415
302
537
433
-83
-176
-122
-16
-121
70
58
-256
-124
52
19
29
-210
-304
-171
-55
48
93
4
-83
-68
1
157
181
373
25
132
73
-231
145
-358
2
348
-77
148
191
-317
-464
-368
-246
-104
-16
-5
23
-3
-6
93
283
318
-268
312
252
-269
118
293
1
166
0
-166
-158
-188
-384
-436
-251
-211
-118
-46
30
69
141
101
82
-42
125
414
807
216
17
286
513
252
-153
-219
-33
-172
-19
-176
-81
-85
-273
-259
-148
-117
-159
-139
-76
20
86
420
-130
-18
164
411
315
435
106
19
103
46
-34
-189
-285
10
-150
-122
-146
-164
-124
-53
-33
-51
-94
-80
-62
-91
-80
-83
-128
-144
268
358
233
372
63
55
289
-4
63
161
-417
86
267
-132
-70
-268
-209
-195
-182
-152
-142
-124
-135
-124
-75
-20
-19
-31
-50
-26
47
-59
31
611
774
226
304
105
-22
93
-238
203
173
-323
-79
173
-393
-342
-237
-278
-247
-236
-137
-120
-91
-66
-59
-51
-28
2
14
29
35
-64
161
562
177
96
446
233
453
16
41
35
-25
19
43
-107
-369
-230
-205
-143
-145
-133
-185
-201
-161
-125
-93
-32
26
29
39
74
270
381
608
249
116
294
10
-116
155
394
-80
-333
-229
-183
78
-176
-158
-104
-150
-136
-175
-173
-158
-125
-92
-66
-77
-77
-68
-130
-140
14
583
590
59
115
366
132
50
83
96
109
180
-222
1
-36
-261
-106
-230
-206
-133
-172
-182
-148
-51
-13
-42
-64
-56
-39
-33
-65
-3
457
483
-188
430
260
46
134
121
205
233
186
-113
-177
-135
-40
-284
-218
-230
-188
-189
-187
-148
-110
-76
-71
-72
-102
-80
-9
17
62
44
44
19
781
354
-108
-136
116
83
-55
94
317
-39
145
330
237
-291
-228
-205
-162
-166
-180
-199
-176
-126
-76
-49
-44
-61
-41
-13
-2
-10
0
55
146
294
767
-253
-103
202
417
-24
-42
73
382
-90
-108
-221
-189
31
160
81
-60
-124
-143
-266
-242
-162
-91
-79
-77
-88
-92
-101
-110
-111
-76
-23
-38
-25
366
344
4
105
151
366
312
-200
70
633
162
-95
-90
-253
-122
-91
-136
-126
-102
-120
-138
-141
-123
-60
-8
-11
-70
-169
-45
175
314
822
64
-309
-60
201
307
-60
-175
143
-2
-159
-95
188
-53
-341
-285
-211
-168
-120
-73
-36
-38
-80
-75
-43
-5
10
7
-10
-14
3
81
203
200
476
231
-181
8
307
446
-297
-222
163
353
-21
-40
-83
-162
-153
-46
-42
-122
-166
-137
-135
-127
-118
-131
-149
-120
-51
-21
-11
-32
-36
17
136
283
-119
86
618
430
-154
232
210
167
78
154
27
-21
210
13
-130
-167
-227
-154
-123
-156
-156
-146
-143
-133
-142
-130
-98
-63
-19
0
-13
-87
-99
495
20
-115
39
323
123
32
144
110
42
-38
108
163
310
537
82
-81
-255
-212
-200
-189
-123
-91
-96
-140
-158
-128
-92
-113
-78
-78
-142
-194
-87
68
137
143
-79
321
477
-263
-183
160
430
-77
-113
99
42
213
284
309
-196
184
-298
-240
-144
-131
-131
-105
-107
-124
-121
-120
-89
-38
-26
-38
-19
-31
-151
-168
-38
265
625
600
-174
-138
160
204
-190
-9
234
180
-240
-39
-46
182
-59
-127
-105
-163
-220
-215
-220
-195
-97
-21
21
91
60
-40
-115
43
58
79
221
977
-24
-355
18
54
151
-134
-97
173
78
39
158
-320
-36
86
-55
-171
-143
-86
-18
24
-2
-24
-49
-72
-87
-82
-83
40
112
46
156
677
477
11
-214
119
50
-384
-192
379
-83
-369
33
-3
-310
-124
-229
-114
-123
-161
-178
-176
-159
-74
-19
9
40
60
68
95
140
171
540
459
542
43
-30
199
394
173
-140
222
49
-357
-263
46
-159
-197
-186
-41
-80
-69
-274
-282
-151
-152
-179
-157
-118
-77
-33
7
32
29
38
46
62
71
79
87
109
139
388
146
335
450
410
210
-52
11
291
-214
-259
317
413
-138
-117
-139
-137
-174
-172
-171
-207
-208
-185
-181
-176
-164
-156
-157
-154
-146
-129
-101
-73
-42
-36
-50
-33
-11
157
455
-161
-112
-83
-39
58
257
240
394
464
341
226
200
199
-130
-165
49
-114
-211
-189
20
330
442
-32
-218
-206
-231
-206
-177
-163
-154
-168
-190
-195
-180
-163
-142
-117
-99
-103
-96
-88
-68
-23
24
-37
-112
241
424
-24
166
259
171
247
352
406
178
240
3
-44
144
-103
-267
1
248
70
-105
-78
-52
-162
-112
-111
-140
-152
-129
-98
-87
-78
-48
-34
-51
-79
-109
-170
182
269
-198
-149
80
228
-104
38
388
76
-20
98
158
303
282
-135
-407
-3
132
166
31
-157
-176
-121
-74
-64
-79
-85
-91
-82
-64
-46
-42
-58
-61
-56
-56
-49
-45
-35
-30
-19
341
-96
-106
422
162
102
154
136
224
150
-6
135
49
-154
99
201
75
65
10
-28
-53
-71
-132
-210
-159
-85
-46
-78
-123
-135
-125
-93
-56
-37
-58
-112
-187
-179
-28
453
94
-321
-1
300
30
-197
127
260
69
125
17
-7
144
185
269
177
-13
-132
9
51
72
-129
-265
-184
-130
-124
-121
-100
-83
-77
-55
-24
-5
-10
-49
-52
-14
6
-1
9
26
22
33
74
88
208
557
184
93
71
113
67
-89
-69
60
270
294
-110
-317
-149
-264
-230
44
-6
-141
-165
-153
-142
-103
-70
-58
-69
-102
-99
-38
-14
-28
2
-1
-37
-88
-112
196
589
-143
-177
94
35
-100
121
284
348
221
222
286
277
-33
-358
-64
385
233
-113
-168
-126
-100
-66
-63
-118
-174
-173
-118
-69
-101
-113
-60
-30
-27
-41
-48
-34
-27
-50
-64
-77
-72
-61
-38
-18
-12
-7
8
42
390
357
-153
224
448
282
188
190
184
144
-146
-121
53
-189
-72
17
-88
-178
-100
-40
-62
-19
-52
-36
-152
-172
-154
-157
-174
-188
-182
-161
-129
-102
-82
-62
-57
-42
-24
-27
-10
15
35
47
70
99
238
110
165
-4
168
484
386
351
191
173
142
208
-272
-110
29
1
79
-75
-160
-141
62
37
-81
-127
-123
-106
-111
-127
-138
-132
-109
-97
-90
-85
-74
-75
-82
-75
-59
-44
-44
-34
-17
-14
3
23
19
3
3
6
38
357
26
-56
447
563
409
246
175
149
183
-63
-233
29
-87
15
-188
-281
-125
137
24
-20
12
-94
-234
-171
-129
-143
-142
-141
-133
-118
-100
-105
-108
-95
-80
-62
-45
-46
-54
-40
-15
5
12
14
19
43
68
32
63
14
148
591
386
399
319
196
-7
24
-18
-126
2
184
87
-112
-162
-272
-182
-74
82
-99
-170
-127
-87
-65
-69
-90
-100
-88
-69
-53
-52
-48
-42
-34
-28
-18
-11
-15
-20
-4
12
32
60
90
103
74
30
38
150
192
405
312
188
255
157
128
128
-71
-160
119
199
-316
-134
-72
93
-200
-265
-192
-69
-190
-197
-138
-164
-143
-147
-128
-117
-98
-87
-79
-73
-58
-45
-35
-19
-2
8
21
34
39
37
35
42
54
78
100
99
221
316
485
775
315
194
171
98
-79
-241
-152
-113
-246
64
-172
-261
-39
70
-103
-256
-229
-53
2
-64
-105
-128
-139
-138
-128
-115
-110
-97
-85
-63
-48
-41
-36
-40
-28
-5
7
18
35
46
50
61
64
70
77
82
87
92
95
92
92
85
79
82
85
79
72
71
61
52
24
14
71
430
302
166
415
350
94
-14
-215
-274
-200
67
-99
-193
-87
-51
-102
23
112
-70
-460
-288
-62
157
-109
-249
-243
-216
-198
-183
-171
-157
-149
-135
-112
-89
-64
-40
-14
0
10
24
32
46
58
62
71
79
88
87
89
93
92
91
89
82
77
76
68
66
68
72
71
69
72
72
71
70
67
69
65
64
59
52
50
52
43
42
36
32
32
24
16
12
7
8
4
4
4
0
5
0
-1
0
3
5
0
-2
-4
-7
-7
-8
-9
-16
-17
-18
-22
-26
-27
-27
-29
-32
-31
-34
-37
-33
-31
-34
-33
-28
-31
-33
-30
-27
-27
-27
-34
-26
-21
-22
-21
-23
-15
-20
-22
-19
-22
-16
-16
-13
-15
-21
-22
-15
-16
-15
-14
-14
-12
-13
-11
-11
-10
-12
-8
-13
-11
-11
-9
-11
-12
-14
-12
-12
-11
-9
-10
-8
-9
-11
-15
-13
-9
-11
-11
-10
-12
-12
-15
-11
-10
-14
-12
-9
-10
-14
-8
-6
-3
-4
1
0
5
1
4
7
7
4
11
7
4
5
11
10
6
10
7
7
5
4
5
6
4
-1
3
3
0
0
2
-4
2
-1
-1
-4
0
3
6
3
5
5
7
6
17
15
9
17
16
5
7
13
9
11
16
20
12
4
11
7
11
7
7
12
1
-1
0
4
0
4
0
-17
-5
-14
-6
-1
-6
-7
-2
0
4
2
-3
0
12
5
1
-1
12
9
2
-2
6
2
10
3
-4
5
13
8
3
4
0
1
4
0
3
0
-3
3
0
-7
-4
-8
-6
-11
-8
-2
-6
-7
-7
-12
-3
-9
-1
-4
-2
0
0
0
0
-2
1
7
0
1
0
-1
4
4
-4
6
2
4
5
1
-1
4
7
-1
7
-4
-4
1
-5
0
-2
-11
-8
-2
-8
-3
-9
-14
-7
-2
-1
-3
-6
5
1
-3
8
9
7
1
7
10
1
5
4
8
2
11
13
16
4
8
14
9
13
12
9
8
13
5
3
5
2
9
14
9
24
18
-21
-7
12
1
-8
9
-3
13
-7
-13
-2
20
-3
8
12
-10
11
3
-11
16
3
1
-7
-3
23
-19
13
-16
-1
13
5
-17
-14
-1
-1
-14
-4
-27
26
-11
-33
-13
-11
-9
-35
1
6
-33
-11
-22
-17
7
-25
-14
-24
11
3
-31
-2
7
-10
-10
6
-14
-11
-22
-17
-8
8
0
-15
-18
7
-3
-4
-2
14
4
-10
21
5
2
4
18
35
0
17
6
18
16
10
16
17
17
-5
24
15
3
8
3
15
-8
8
-3
-6
24
-10
0
0
14
2
7
-5
-5
10
13
1
9
6
-5
1
26
-3
2
6
13
-3
8
7
2
3
10
13
2
15
0
-5
16
0
1
2
-3
12
0
-6
-11
-6
-6
-7
0
0
-4
0
0
-1
-4
13
5
10
31
-15
8
17
14
13
-3
6
15
-4
11
10
11
14
3
0
47
-12
0
-9
1
-4
28
17
-40
-12
-14
-15
7
-8
-34
-16
-27
-5
0
-20
-48
-18
3
-36
8
-13
-9
-48
13
-19
-1
-13
-2
-3
-22
-24
37
-9
-36
22
-25
1
-7
5
7
6
4
-4
4
13
-14
-16
23
2
-13
0
-11
3
8
13
-4
-12
-26
-10
12
-3
-27
9
-6
-12
18
-19
11
-12
15
-8
3
1
-1
8
3
-10
-3
2
-22
-6
10
-16
-22
-9
12
0
0
-5
6
-13
0
5
0
10
19
-1
2
12
-5
-1
13
13
8
1
11
2
2
8
19
-7
9
25
-3
-12
27
1
17
22
6
-4
14
5
15
15
-6
12
21
2
5
19
8
0
-4
11
21
-13
10
18
-8
6
-2
18
5
2
-16
8
-6
3
-4
-2
-1
-14
10
-4
-28
22
-15
-8
11
-3
-23
20
-12
-5
3
-19
2
7
-10
16
-4
-4
1
-3
12
16
4
15
22
23
30
8
-7
31
22
-21
24
-7
-16
13
2
-16
-26
27
-31
12
4
-8
12
-20
-4
-2
-20
21
-23
-15
-5
13
13
-43
-14
-7
6
20
-30
-42
3
24
-24
-16
-17
7
23
-31
-28
26
-23
-10
10
-2
-4
-8
-28
1
7
-8
-3
-21
-23
11
-24
-10
-10
-6
10
-4
-35
19
-12
-30
14
-19
14
26
-27
9
-14
17
-17
-9
18
17
-31
3
32
5
-12
-7
15
16
-2
-2
-3
16
-8
9
1
6
18
-19
-6
5
-1
-11
1
-2
-1
4
4
5
-15
-2
7
17
0
-20
-1
8
-9
-9
-18
1
-17
-23
-2
-1
-11
0
-8
-1
20
-17
-7
4
-4
2
1
-5
21
9
18
-8
-6
13
4
-1
2
0
0
22
-3
6
22
0
-2
44
-17
-8
26
9
-2
35
6
9
-12
10
12
19
4
19
-19
22
0
5
-2
40
-12
3
-10
-1
13
33
-10
-8
4
3
11
0
-14
3
18
-33
7
-2
11
-26
-12
22
8
-7
8
-27
-2
14
18
-17
-11
4
21
-18
-8
6
11
1
-19
13
10
-4
-5
8
-16
8
-27
31
4
-6
18
27
30
19
-29
-31
31
19
-1
13
-22
-3
-4
41
-11
-30
-2
5
6
14
-12
-7
22
-26
-12
-9
3
15
8
-31
0
-7
0
-9
-26
-8
8
5
-34
11
-22
-27
2
-19
4
-16
-37
10
-27
0
-20
-7
16
13
-55
1
22
-11
-25
2
-17
34
7
-44
7
30
-29
-16
28
-16
15
0
7
-3
12
-2
-11
27
7
-6
-12
-6
12
9
-18
7
0
10
-31
-10
36
-17
1
-22
14
11
10
-18
8
9
3
19
-14
-1
11
3
5
10
-5
6
3
25
-5
13
13
-28
18
0
16
-4
0
8
9
-13
23
-5
-24
23
-6
2
-14
-28
-3
-24
-10
-26
-23
-22
-11
-24
-5
-2
-27
10
-11
-13
4
5
-14
-6
15
-2
18
-17
2
15
44
-10
-12
4
17
33
7
-5
6
16
6
6
10
12
-15
17
0
1
15
28
-23
6
20
0
11
-7
42
-14
-7
20
-25
0
19
31
-12
-13
23
-8
16
24
-6
-11
18
17
-14
1
1
10
-6
10
12
-15
15
-14
-12
3
-4
-23
7
2
-7
-7
6
12
0
-41
15
7
7
0
-1
-6
36
-44
-13
19
15
-6
-8
3
-1
-11
27
-5
-7
-5
-13
-5
2
0
17
-12
-20
44
10
8
-12
2
-3
-8
32
14
-14
30
19
5
8
34
-11
-6
-4
1
11
44
-11
-29
2
28
3
-12
0
33
-12
-49
-2
-8
-5
17
-19
-25
-40
0
-19
-31
0
11
-41
-13
-1
-30
3
13
-23
-31
-8
12
-18
-2
-30
0
5
-5
-10
-6
-10
8
6
-21
3
-8
-26
30
7
-11
-13
6
-11
1
8
-18
4
-2
11
-9
32
-26
-12
40
-12
19
2
-14
-1
34
-19
17
2
-2
3
6
40
-11
-12
41
-12
-18
-2
26
3
7
32
-32
-6
0
13
-4
-37
29
-1
-1
-2
24
17
-6
-26
19
20
8
-3
-6
-2
-14
-10
-18
-20
-21
-39
-6
22
-34
-40
-12
-14
-4
-2
-18
-7
9
-1
-21
15
13
14
-13
-23
11
33
-2
12
-4
-17
49
8
-17
3
-5
13
16
-12
-7
17
11
35
20
-17
11
23
6
26
13
-4
15
14
-2
17
-10
16
-1
2
-11
20
19
-38
14
19
-7
16
-9
-8
0
37
-17
-5
14
-7
3
9
-14
27
-22
9
-10
11
1
3
-6
0
0
-13
12
-9
19
9
-20
0
36
-37
-4
-12
-4
18
6
-41
-1
0
11
-14
0
-16
25
-7
-3
11
-8
-22
-8
30
-35
10
17
-16
12
12
-9
5
11
76
13
1
-2
-2
-9
5
29
2
-1
-19
40
-11
-33
27
7
-2
-9
9
17
-15
5
-30
-4
29
20
-33
-51
18
9
6
1
-8
7
-13
-41
35
-6
-21
1
-40
14
4
-14
-42
4
0
-25
-4
12
-10
-48
-19
18
-32
-14
26
-21
-4
-24
0
6
5
-9
-6
14
-8
-3
-13
2
36
-7
3
-15
33
-33
17
15
0
-11
-9
32
-17
-10
-7
46
-6
-22
-25
30
7
-12
-27
35
-11
-15
22
0
-15
0
50
-11
-24
-8
35
11
-4
-20
21
0
13
22
5
-33
18
29
-13
2
-12
11
12
-12
20
3
13
12
22
-25
-31
28
-39
-41
-19
-21
-26
-53
-13
-8
-16
-31
-35
19
10
-21
5
9
7
-31
-5
26
5
23
-7
21
-2
23
19
22
-66
79
-13
5
16
3
-38
65
-10
-57
0
14
31
25
-26
-2
24
35
-10
-2
2
19
37
-8
-24
17
38
-29
16
9
34
14
-5
6
0
33
-10
-8
9
43
-12
19
-30
3
18
6
-10
-9
1
-6
-9
1
4
8
-31
22
19
-41
-3
12
15
-21
1
10
-8
-6
16
5
-21
17
20
-7
2
-8
8
-11
3
-2
-4
-17
14
0
-15
-34
30
4
-28
-4
2
-19
-15
10
-2
6
-27
35
0
-31
23
47
27
-4
-35
-3
55
-8
7
6
9
52
-39
17
4
17
-3
11
-8
-27
9
38
3
-6
-8
-13
-2
-17
-27
18
-3
-15
-28
-47
21
17
-10
-39
20
-16
-13
15
-25
-9
16
0
-6
12
6
-44
23
23
-15
-27
18
4
-9
-38
1
-2
-1
-8
-35
11
-10
7
-23
-14
-9
15
-30
26
-11
-34
23
36
-48
13
13
-16
13
-22
20
9
-24
15
9
-20
42
-7
-6
-15
42
-24
-7
12
31
-15
-24
20
2
12
-50
27
10
15
-29
20
-29
32
14
-38
12
27
-7
2
-10
25
-15
23
-6
0
-8
7
32
20
-7
13
12
48
-14
12
4
7
-53
-9
-22
-64
-30
-31
-24
-20
4
-43
-9
-24
-35
-21
15
5
-21
0
4
-1
10
21
-12
-20
26
17
36
30
-46
39
24
-10
21
26
-19
28
8
3
0
38
28
-33
16
0
22
9
0
-3
25
0
-27
5
13
6
15
-4
14
7
0
17
28
-16
1
5
9
19
20
-37
36
-8
41
-6
-14
3
5
-1
21
-28
25
-9
13
10
-14
-22
-21
18
0
20
-38
2
-2
10
-29
26
-27
16
13
-11
-9
-16
22
0
-2
-12
5
-15
-4
35
10
-7
-35
1
7
14
-24
11
-5
-2
15
-15
-22
16
-17
-3
27
-12
-3
-3
28
1
3
-11
-3
18
30
-5
23
18
-8
-26
2
9
11
52
-40
-3
14
13
-3
-5
18
-30
22
-26
13
-8
-3
23
-14
-1
34
-37
-13
-14
3
9
-6
-44
5
-2
-16
0
8
-24
-16
-9
-3
23
-28
-19
-12
19
9
-13
-25
19
30
-51
-14
68
-20
-28
13
5
-34
15
-14
-37
9
30
-24
-54
20
3
6
-64
34
-3
-9
-15
10
-1
9
-22
-5
4
38
-3
-24
-23
6
4
-4
36
3
-12
27
-42
34
-7
-20
3
9
0
-3
13
-4
19
-15
-21
7
0
33
16
-19
-8
27
-34
14
34
0
1
-17
8
18
25
18
-1
-13
31
13
13
41
16
-52
5
-17
-59
-38
-1
-40
-48
-19
-36
-17
-20
-14
-5
-20
-24
0
14
-14
-7
5
7
5
3
4
16
-19
24
40
1
13
42
-10
-28
32
13
36
-15
-15
34
38
-3
2
13
9
28
36
-25
0
9
-9
17
17
2
-3
21
-7
-5
14
21
7
9
-6
11
-6
32
0
-12
19
-2
20
-8
2
18
0
-6
15
4
-28
24
-13
12
-4
0
-14
24
3
-41
-10
12
-6
8
4
-9
-26
5
-2
1
1
-11
-14
1
1
11
-3
-10
-3
-2
2
-30
34
17
-10
-18
4
21
-26
-16
12
11
-6
-22
4
20
17
24
0
-33
0
0
41
-8
-10
14
14
-25
24
-6
46
-21
27
-9
4
1
0
-5
10
-7
22
-11
24
-35
5
-11
27
-12
-22
-10
34
-26
-20
9
-32
0
24
-31
-9
-5
-36
30
-30
-7
-14
0
-51
25
-9
16
-55
-13
49
-10
-27
-12
29
-1
-3
11
-34
15
0
6
7
-24
-6
23
-12
16
-16
-8
4
-16
5
-23
28
12
-15
-18
-25
20
15
-2
-3
-17
-1
16
18
-16
6
-11
-9
2
3
23
-17
2
0
-7
27
1
1
14
-23
1
-3
27
-9
-24
8
2
14
-9
10
-39
19
-18
27
40
-43
-27
32
23
-11
-18
15
18
-2
7
21
-19
19
29
11
14
4
-10
-36
-26
-26
-41
-42
-13
-18
-35
-42
-16
-11
-2
-23
-23
-33
-5
6
16
-6
-15
14
21
5
-19
37
3
-11
22
43
-9
31
4
-3
19
25
-6
10
11
37
21
-15
19
6
11
6
11
16
0
12
4
-12
31
10
-35
40
-3
3
13
2
2
17
26
12
-17
0
2
27
-4
0
19
-9
-4
26
-13
6
10
17
1
-26
1
18
-25
5
8
2
2
-15
-9
-8
24
0
-32
-9
1
-5
13
-3
-3
-2
0
-10
22
-10
-10
-1
4
-10
18
-20
8
0
-3
4
3
-25
2
2
22
-3
-39
1
35
11
6
2
-29
-7
13
61
-37
-5
-10
4
36
18
-30
-9
24
40
-28
-4
0
25
-21
-5
12
12
-23
10
10
0
9
0
-18
4
-9
-2
17
-19
-1
0
17
0
-30
-29
7
31
1
-39
-2
-25
-5
1
-15
-4
-5
-25
-26
39
-9
-36
-3
-5
0
5
-28
8
11
-2
-24
18
6
-17
-12
-22
7
3
0
-25
14
-13
-18
-13
8
29
-41
-33
27
43
-53
9
7
-14
24
-47
41
20
-20
21
-17
-7
26
7
1
-22
4
32
29
-42
5
5
24
27
-27
5
6
-20
28
-17
15
5
-16
-20
-7
50
-18
-18
45
-29
-4
4
23
-1
10
2
12
-16
