-0.035091142
-0.074696981
-0.33873482
-0.087898927
-0.021891359
0.36096724
0.0045136142
-0.28593028
-0.57637417
-0.57637417
-0.29913006
0.62502238
0.017718805
0.38737221
-0.43114952
-0.061495035
0.83624054
0.73063146
0.49297048
-0.36513979
-0.7083666
-0.52356423
-1.0252479
-1.1704401
-0.81402975
-0.4575545
-0.60277374
-1.1176626
-1.2232717
-0.77439255
-0.93283321
-1.2628548
-0.14070671
-0.58957396
0.17614324
1.6679729
0.9946812
0.98148682
1.2983141
0.61182801
0.32136248
0.37417243
0.41377719
-0.27272509
-0.048293088
0.61182801
0.77021459
0.955044
0.70424271
0.057323561
0.46658173
1.535921
1.1398734
2.1960183
0.33456227
1.5227266
1.126679
0.63821676
0.46658173
0.18934302
1.0078756
1.7999707
0.70424271
0.5194133
0.49297048
-0.99885916
-0.52356423
-0.29913006
0.17614324
-0.66878347
-0.6555891
-0.99885916
-0.21992055
0.215748
-0.47075428
0.44019297
-0.087898927
-0.48395947
-0.12750476
0.88907212
0.38737221
0.044118371
-0.14070671
1.1530678
1.0342643
0.66460551
0.030918588
-0.14070671
-0.25952531
-0.14070671
-0.11430282
-0.1671106
-1.2628548
-0.85361288
-0.087898927
0.61182801
0.5194133
-0.27272509
-0.66878347
-0.19351558
-0.85361288
-0.7480038
0.37417243
0.3081627
0.38737221
0.5721908
-0.58957396
0.18934302
0.62502238
0.92865524
0.400572
-0.035091142
-0.73480942
-1.302492
-2.1474187
-1.0780254
-0.14070671
-1.3552695
-0.20671536
-0.41794974
-1.1836886
-1.4873214
-1.3288808
-0.44435471
-0.52356423
-0.29913006
0.12333329
0.4797761
0.14973827
0.63821676
0.13653307
0.083728535
0.18934302
-0.61597893
-0.893196
-0.40474455
0.14973827
-0.49715925
-0.61597893
-0.6555891
-1.7249283
-2.569855
-2.0681984
-2.0021725
-1.6721508
0.29495751
0.42697697
-0.29913006
-0.99885916
-1.5269046
-2.12103
-1.0120535
-0.40474455
-0.11430282
-0.15390866
-1.302492
-1.6985396
-1.1044682
-0.98561071
-1.6721508
-1.2892976
-0.76119817
-0.25952531
0.67779988
0.044118371
0.77021459
0.69099426
0.75702021
-0.28593028
-0.035091142
0.50616485
-0.31233525
-0.85361288
0.17614324
-0.85361288
-2.0153668
-1.6985396
-1.7513712
-1.3156864
-1.302492
-0.11430282
-1.0384423
-0.7480038
-0.19351558
-0.51036444
-0.88000163
-0.47075428
-1.6985396
-0.6555891
-0.14070671
1.0078756
0.63821676
-0.29913006
0.42697697
0.37417243
0.42697697
0.67779988
0.12333329
-0.41794974
0.083728535
0.955044
0.2025428
1.0210699
0.86262929
1.1795106
1.4699491
1.4831435
0.80985179
1.0342643
0.24215297
0.87582367
1.2851197
0.083728535
-0.33873482
-0.1671106
-0.39154477
-0.85361288
-1.4212955
-0.51036444
0.24215297
0.37417243
-0.087898927
-0.32553504
0.33456227
0.24215297
0.71743709
1.3378972
1.6811672
1.2058994
0.96823837
0.096928318
0.36096724
0.16293805
-0.95922196
-0.11430282
0.057323561
0.2025428
0.3081627
-0.25952531
0.215748
0.070523344
0.75702021
0.4797761
1.4831435
1.6679729
1.9188282
0.80985179
0.37417243
1.0342643
1.0342643
1.8396079
1.4831435
1.4567547
1.3378972
0.54580205
0.63821676
1.2190937
1.8923854
1.2983141
0.84943492
0.5194133
0.17614324
1.0870959
1.6547785
1.0739015
0.75702021
1.6547785
1.6151413
2.3676533
2.1696295
2.1564351
0.5721908
-0.021891359
0.80985179
-0.14070671
-0.72161505
-0.44435471
-0.18031039
0.083728535
-0.087898927
0.73063146
0.55899643
0.87582367
0.82304617
-0.12750476
-0.24632012
-0.23312033
0.49297048
1.192705
0.50616485
0.82304617
1.3907288
0.96823837
0.13653307
0.45338735
0.83624054
1.0342643
1.0078756
1.1134847
0.955044
-0.0086861689
-0.61597893
-1.1176626
-0.28593028
-0.20671536
-0.58957396
-0.27272509
0.0045136142
-0.8404185
0.13653307
-0.35194001
-0.19351558
-0.82722413
-0.29913006
0.71743709
0.53260768
0.26855253
-0.31233525
-0.35194001
-0.21992055
-0.33873482
0.65141113
1.3115084
0.87582367
0.083728535
0.3081627
0.77021459
1.2586769
0.90226649
0.14973827
0.13653307
0.78340896
1.5887525
0.46658173
0.030918588
0.67779988
1.6811672
1.1795106
0.70424271
-0.28593028
-1.0384423
-0.77439255
-0.12750476
0.2025428
0.017718805
0.34776746
-0.087898927
-0.40474455
-0.51036444
-0.94602758
-0.97241633
-0.72161505
-0.20671536
0.34776746
-0.087898927
-1.130857
-1.2628548
-0.64239472
-1.130857
-0.25952531
0.33456227
0.83624054
1.36434
0.58538518
0.55899643
1.1530678
0.55899643
0.92865524
0.90226649
1.5491694
1.192705
1.2983141
1.9188282
1.3247028
0.9946812
0.18934302
0.4797761
1.5227266
1.8923854
0.17614324
0.62502238
0.37417243
0.030918588
0.4797761
0.45338735
1.8264135
1.535921
1.192705
1.3115084
1.0474587
0.11013351
-0.53676401
-0.77439255
0.017718805
0.62502238
-0.51036444
-0.087898927
-0.37834498
-1.1704401
-1.1044682
-0.035091142
0.057323561
-0.36513979
-1.6721508
-0.68197785
-0.57637417
-0.77439255
0.33456227
0.36096724
-0.99885916
-0.18031039
-0.061495035
-0.66878347
-0.29913006
-0.36513979
0.955044
-0.048293088
0.32136248
-0.12750476
0.54580205
0.80985179
0.16293805
0.22894778
0.73063146
0.38737221
0.59857956
0.070523344
-0.25952531
0.33456227
0.58538518
-0.43114952
0.22894778
0.38737221
-0.43114952
-0.27272509
-0.061495035
0.4797761
0.5194133
-0.035091142
-0.21992055
0.12333329
0.096928318
0.096928318
-0.18031039
0.22894778
0.61182801
-0.035091142
-0.5499692
-0.0086861689
0.24215297
-0.4575545
-0.11430282
1.192705
0.42697697
-0.18031039
-0.074696981
0.16293805
-0.98561071
-0.61597893
-0.78758693
0.80985179
0.75702021
1.2586769
1.945217
2.7505065
2.1696295
1.6943616
1.0606531
0.017718805
-0.49715925
-1.1176626
-0.8404185
-0.56316898
-0.72161505
-2.0681984
-2.1606131
-2.39822
-1.6325136
-2.1474187
-2.1606131
-2.39822
-2.2134447
-2.4246628
-1.6985396
-1.5137102
-0.8007813
-1.2100773
-0.37834498
0.0045136142
-0.14070671
0.66460551
-0.56316898
-0.88000163
-0.56316898
-0.1671106
-0.18031039
-0.35194001
-1.2496604
-0.69517222
-0.66878347
-0.8007813
0.0045136142
-0.77439255
-0.62917871
-0.73480942
-0.5499692
-0.58957396
-0.7083666
-0.6555891
-0.88000163
-0.56316898
0.33456227
0.50616485
-0.074696981
-0.11430282
0.044118371
-0.10110087
-0.36513979
-0.78758693
0.070523344
0.50616485
0.70424271
0.33456227
0.13653307
0.29495751
0.78340896
1.0078756
0.82304617
0.59857956
0.9946812
0.70424271
1.4567547
0.88907212
0.42697697
0.32136248
0.75702021
1.1530678
1.5623638
0.955044
0.54580205
0.12333329
-0.19351558
0.28175773
0.58538518
0.0045136142
0.77021459
0.87582367
0.83624054
0.98148682
1.2322881
0.16293805
0.5194133
1.1530678
0.45338735
-0.19351558
-0.31233525
-0.25952531
-0.21992055
0.9946812
1.3378972
0.77021459
0.41377719
1.0739015
0.66460551
0.28175773
-0.10110087
0.41377719
0.96823837
0.13653307
0.86262929
1.4303119
0.65141113
0.34776746
0.36096724
0.26855253
0.71743709
1.3115084
0.096928318
-1.0516367
-0.99885916
-0.35194001
-0.49715925
-1.1572457
-1.0252479
-0.77439255
-1.302492
-0.88000163
-0.98561071
-0.58957396
0.25535275
0.62502238
-0.074696981
-0.62917871
-0.35194001
-0.087898927
0.5194133
0.215748
1.3775344
1.126679
0.67779988
0.73063146
0.78340896
0.11013351
-0.5499692
0.24215297
1.1795106
0.77021459
0.67779988
0.62502238
-0.40474455
-0.7083666
-0.51036444
-0.94602758
-0.91963883
-0.061495035
-0.32553504
-0.20671536
-0.93283321
-1.3288808
-1.6193193
-1.6325136
-1.368518
-1.1968829
-1.064831
-1.5137102
-1.8305374
-2.8867364
-2.8470992
-2.8602935
-2.2530278
-1.5400989
-1.6589565
-1.9493949
-2.055004
-1.6985396
-1.9362006
-2.0418097
-1.4741271
-1.8041487
-1.4741271
-0.90644446
-0.18031039
0.017718805
0.87582367
1.0870959
0.16293805
0.14973827
0.030918588
-0.47075428
-0.43114952
-0.36513979
-0.11430282
-0.087898927
-0.64239472
-1.2232717
-1.0252479
-0.1671106
0.65141113
0.55899643
-0.0086861689
-0.66878347
-1.0120535
-0.58957396
-0.78758693
-0.021891359
0.45338735
0.61182801
0.84943492
0.41377719
0.59857956
-0.14070671
-0.81402975
-0.24632012
0.22894778
0.070523344
0.017718805
-0.62917871
-0.51036444
0.14973827
0.46658173
-0.43114952
-0.048293088
0.14973827
-0.31233525
-1.4344899
-1.0516367
-0.88000163
-0.93283321
-0.68197785
-1.0780254
0.057323561
0.3081627
0.400572
0.80985179
0.36096724
0.14973827
-0.29913006
-0.36513979
-0.68197785
-1.130857
-0.78758693
-0.15390866
1.3115084
0.88907212
0.65141113
1.3907288
2.1300464
1.6811672
1.4435063
1.3907288
1.5227266
-0.087898927
-1.2100773
-1.8041487
-1.711734
-1.2232717
-0.88000163
-0.99885916
-1.3420751
-1.1968829
-1.3156864
-1.817343
-2.5830494
-2.2662222
-2.2266391
-1.5400989
-0.36513979
-0.52356423
-1.6985396
-1.0384423
0.0045136142
0.63821676
0.28175773
-0.27272509
-0.14070671
0.25535275
0.82304617
1.2322881
1.3775344
0.955044
0.41377719
0.49297048
0.49297048
0.17614324
-0.20671536
-0.91963883
0.41377719
0.54580205
-0.99885916
-0.95922196
-1.3552695
-1.1836886
-0.43114952
-1.3288808
-0.6555891
-0.78758693
0.030918588
0.28175773
1.1002903
0.030918588
0.044118371
1.2058994
1.9716057
2.631703
1.8923854
1.9320226
1.945217
1.4171175
1.2719253
0.955044
0.11013351
0.46658173
0.11013351
0.18934302
0.3081627
0.46658173
0.9946812
0.54580205
0.65141113
1.1795106
1.192705
1.2719253
1.3510916
0.45338735
0.0045136142
0.11013351
0.11013351
-0.048293088
-0.28593028
0.25535275
1.3247028
0.49297048
1.879191
1.535921
0.82304617
0.55899643
0.65141113
0.67779988
0.3081627
0.34776746
0.71743709
0.58538518
0.67779988
0.53260768
0.63821676
0.65141113
0.400572
0.3081627
-0.25952531
-0.91963883
-1.3817123
-1.4873214
-1.130857
-0.49715925
0.5721908
-0.51036444
-0.56316898
0.14973827
0.73063146
0.49297048
1.2190937
1.2586769
1.1002903
1.36434
2.4204849
1.3378972
1.0474587
0.63821676
0.28175773
0.34776746
0.2025428
0.2025428
1.1002903
0.12333329
-0.087898927
0.62502238
0.94184962
0.34776746
-0.56316898
-0.41794974
-0.18031039
0.3081627
-0.18031039
0.32136248
0.044118371
0.62502238
1.3378972
1.3115084
0.90226649
0.4797761
0.90226649
0.13653307
0.79665741
1.6943616
1.773582
1.535921
1.4963378
0.77021459
0.54580205
0.78340896
0.71743709
0.28175773
-0.27272509
-1.8305374
-2.4114685
-2.6754641
-2.7282957
-2.3718313
-2.8867364
-2.4774403
-2.3058053
-2.39822
-1.8437859
-1.5400989
-1.4081011
-1.8569802
-1.9625893
-1.9757837
0.25535275
1.8923854
0.94184962
0.55899643
1.0342643
0.75702021
0.030918588
0.5194133
0.28175773
0.67779988
0.78340896
0.096928318
0.70424271
0.74382584
1.2322881
0.61182801
-0.1671106
-0.15390866
0.58538518
0.70424271
0.61182801
0.42697697
0.41377719
1.0606531
1.9320226
0.98148682
1.2983141
2.1036036
2.1432408
1.4435063
0.45338735
0.96823837
0.78340896
0.77021459
1.2322881
1.0342643
0.4797761
0.13653307
-0.44435471
-0.62917871
-0.8007813
-0.8404185
-0.53676401
0.44019297
0.49297048
1.2190937
1.0739015
0.65141113
0.28175773
0.79665741
0.62502238
0.41377719
0.53260768
1.7471932
1.9848001
2.1696295
1.3907288
1.4171175
0.49297048
0.58538518
-0.035091142
-0.94602758
-0.88000163
-0.44435471
0.49297048
-0.27272509
-0.86680725
-0.72161505
0.083728535
0.070523344
0.017718805
-0.12750476
-0.074696981
-1.2496604
-1.3420751
-0.94602758
-1.3949067
-0.77439255
-0.37834498
-0.35194001
-0.37834498
-0.8404185
-1.302492
-0.4575545
0.24215297
-0.087898927
-0.14070671
0.44019297
0.83624054
0.5721908
0.3081627
0.24215297
0.0045136142
-0.69517222
-0.60277374
-0.8007813
-0.7480038
-1.2364661
-1.4608786
-1.5929305
-1.9362006
-2.7414901
-2.3850256
-2.1738075
-2.5566607
-3.9296869
-3.3355614
-2.7678788
-3.0187342
-3.0055398
-2.464246
-1.5005158
-1.817343
-1.3156864
-0.39154477
-0.32553504
-0.66878347
-0.893196
0.25535275
-0.61597893
-1.1044682
-1.0569423
-0.90092768
-0.66900428
-0.53407833
-0.56359554
-0.42443804
-0.47925818
-0.28106626
0.077351082
0.20806621
0.10686829
0.073135078
0.3345636
0.72671589
1.3803088
1.4773063
1.4309147
1.26224
0.30083212
-0.55514971
-0.97260493
-1.187654
-1.2298313
-1.2466884
-1.094888
-0.77443029
-0.5382926
-0.4455267
-0.42865232
-0.3696179
0.58336139
3.0839303
3.0248613
0.6929844
-0.2431205
-0.81237605
-0.98103349
-1.225617
-1.187654
-0.98947931
-0.84189326
-0.79971595
-0.72382442
-0.50877539
0.60443277
1.1484027
0.38095519
-0.44129515
-0.99790787
-0.96839065
-0.91778479
-0.68164711
-0.42865232
-0.30215492
0.014101002
0.077351082
0.0014509175
-0.049149768
1.6965696
4.4837956
2.666475
0.5369698
-0.15456887
-0.9599621
-1.1581367
-1.2635628
-1.0147822
-0.87983902
-0.55936399
-0.50877539
-0.46659808
-0.59311275
-0.57623837
-0.46659808
-0.42022376
-0.43286659
-0.31058347
-0.28949482
-0.2304604
-0.20517474
-0.2304604
-0.011198822
0.29661784
0.73516172
1.4056117
1.2411686
0.71407306
0.25867207
-0.40334938
-0.8039475
-0.35276079
0.073135078
0.35143798
0.63394998
0.63394998
0.60443277
0.33879515
0.16168498
0.32613505
0.33034933
0.35986654
0.57491556
0.81949907
1.1399568
1.8778525
1.6333209
0.45263244
-0.16299742
-0.61839841
-0.74491308
-0.69430721
-0.50877539
-0.50456112
-0.50877539
-0.47504391
-0.37383217
-0.26420916
-0.2304604
-0.36118934
-0.69430721
-1.120191
-0.48347246
2.5778716
3.2357479
1.409826
0.51588114
-0.1166162
-0.20938901
-0.83346471
-0.99369359
-0.77443029
-0.47081236
-0.42443804
-0.35276079
-0.61839841
-0.8208046
-1.1412796
-1.0569423
0.63818153
1.5110377
0.94599647
0.56648701
-0.30215492
-0.41600948
-0.61839841
-0.62684423
-0.75755591
-0.79128739
-0.70273576
-0.50456112
-0.382278
-0.2431205
-0.25154905
-0.078666978
0.11951803
-0.057583503
-0.37804645
0.12795177
2.9277947
3.7965576
1.7260868
0.95442502
0.36408081
0.026751087
-0.54672116
-0.57623837
-0.50877539
-0.52984678
-0.41177794
-0.20094319
-0.25154905
-0.34010068
-0.382278
-0.57202409
-0.88826758
-0.78285884
0.96285357
2.7042999
2.2447019
0.9080507
0.11530203
-0.036500028
-0.3696179
-0.39913511
-0.33167213
-0.078666978
0.064701342
-0.028066293
-0.074449247
-0.18830036
-0.2431205
-0.32745785
-0.55514971
-0.74491308
-0.59732702
1.4182718
2.885652
1.3803088
0.82371335
0.11108602
-0.0027650866
-0.33167213
-0.35276079
-0.28528054
-0.23469195
-0.29372637
-0.22624612
-0.15878315
-0.17565753
-0.26842343
-0.33588641
-0.45816953
-0.69430721
0.27552918
2.4514433
2.6326226
1.059851
0.12795177
-0.15456887
-0.15035459
-0.43286659
-0.38649227
-0.35276079
-0.20938901
-0.24733478
-0.45395525
-0.68164711
-0.87141047
-0.97260493
-1.1370654
-1.2171712
0.37252664
2.8815068
1.5531978
0.22072631
-0.43286659
-0.63948706
-0.31058347
-0.17565753
-0.019632557
0.043617867
0.26288635
0.21228048
0.23758342
0.052051603
-0.1672117
-0.36118934
-0.55093543
-0.84189326
-0.53407833
2.5947978
4.3024435
-1.2972942
-1.5123433
-2.0605965
-1.4153631
-0.92201634
-0.73225297
-0.44129515
-0.31058347
-0.17142598
-0.17565753
-0.15035459
-0.34852924
-0.50456112
-0.5888812
-0.57202409
-0.77443029
-0.71539586
0.1321695
1.6080179
1.1863484
0.098434557
-0.81659033
-1.1539225
-0.91357051
-0.36540362
-0.032282297
0.094218552
0.20806621
0.31349222
0.35565226
0.2544578
0.12795177
-0.20938901
-0.58045264
-0.29794064
3.2229668
4.6356132
-0.39070655
-0.60996985
-1.1834397
-1.0400679
-1.1412796
-1.094888
-0.95574782
-0.65636144
-0.32745785
-0.070233243
0.12795177
0.1321695
0.19542338
0.047833871
-0.29794064
-0.67321855
-0.83767898
0.14481924
1.6333209
1.1146539
0.28397501
-0.57623837
-0.75755591
-0.79971595
-0.57202409
-0.39492083
-0.19251463
-0.049149768
0.11530203
0.27976073
0.22072631
0.12795177
0.060485338
-0.12083393
-0.28949482
-0.50456112
-0.58466692
1.1736883
3.6614935
1.0935825
-0.71961014
-0.68587865
-0.77443029
-0.31058347
-0.32745785
-0.12926766
-0.17565753
0.052051603
0.14903524
0.25867207
0.27976073
0.35565226
0.21228048
0.056267607
-0.26842343
-0.60575558
-0.98947931
-0.85453609
1.0767081
2.3585219
0.95021074
-0.13348367
-0.43286659
-0.40334938
-0.39070655
-0.20938901
-0.028066293
0.11530203
0.19120219
0.20385193
0.23336914
0.22494059
0.1321695
0.056267607
-0.19251463
-0.45816953
-0.79128739
1.4435575
4.3573673
1.1652598
-0.17142598
-0.50456112
-0.68587865
-0.47081236
-0.46659808
-0.31901203
-0.42865232
-0.38649227
-0.44129515
-0.36540362
-0.48347246
-0.50877539
-0.53407833
-0.58466692
-0.76598446
-0.9599621
-0.63105851
2.4301992
3.5645996
0.66346719
0.0014509175
-0.35276079
-0.19672891
-0.26420916
-0.34431496
-0.34852924
-0.32745785
-0.23469195
-0.12926766
-0.036500028
-0.1419174
-0.34431496
-0.43286659
-0.55093543
-0.74912735
-0.85875037
-1.1454939
-0.20517474
2.6621571
3.2314299
0.70985878
-0.46659808
-0.41600948
-0.54250688
-0.56359554
-0.50456112
-0.22624612
-0.16299742
-0.040716032
0.11530203
0.15746898
0.11108602
-0.023848561
-0.087100713
-0.18408608
-0.5256325
-0.92623061
-0.6015413
1.2706858
2.1984139
1.367666
0.085784817
-0.69852149
-0.85875037
-0.7280387
-0.57623837
-0.51298967
-0.47504391
-0.35697506
-0.17142598
-0.10818419
-0.011198822
-0.15456887
-0.28106626
-0.42865232
-0.43708087
-0.53407833
-0.68164711
0.49059548
3.1471444
1.3971832
-0.29372637
-0.078666978
-0.55093543
-0.33167213
-0.38649227
0.073135078
0.11108602
0.35143798
0.3177065
0.42734678
0.22072631
0.30504639
0.27131491
0.21228048
0.14903524
0.056267607
-0.26842343
-0.54672116
-0.80816177
-0.32324358
2.6030882
3.6532031
1.1357426
0.2544578
-1.0274251
-1.0442995
-1.1286195
-1.094888
-1.2213854
-0.99790787
-0.79128739
-0.69009293
-0.74912735
-0.67743283
-0.57202409
-0.23890622
-0.19672891
-0.45816953
-0.74912735
-0.73646725
0.36408081
2.2320936
1.8693895
0.81949907
-0.60575558
-0.97260493
-0.89249913
-0.73225297
-0.68164711
-0.37383217
-0.24733478
-0.19251463
0.0056676125
-0.028066293
0.035184477
-0.099750453
-0.032282297
0.17011872
0.039401172
-0.19672891
-0.43286659
0.46107827
3.7079541
2.366985
-0.49611529
-0.34852924
-1.3942744
-1.1454939
-1.5587349
-0.74912735
-0.29372637
0.35986654
0.4104724
0.50323831
0.37674092
0.48214965
0.32613505
0.1363855
-0.091316717
-0.23469195
-0.4623838
-0.6015413
0.19120219
1.7766408
1.7176582
0.72671589
-0.37383217
-0.43708087
-0.52984678
-0.33167213
-0.31901203
-0.18830036
-0.044933764
0.18698619
0.22072631
0.27552918
0.32192077
0.3177065
0.22072631
-0.19672891
-0.58466692
-0.66479
0.99237078
3.526602
2.3502315
0.65082436
-0.382278
-0.9599621
-0.77864456
-0.58045264
-0.23469195
-0.26842343
-0.20517474
-0.42865232
-0.25576333
0.047833871
0.21228048
0.15746898
0.17011872
0.10686829
-0.13348367
-0.45816953
-0.36118934
1.2453828
3.5687448
1.7598873
0.32613505
-0.40756366
-0.81659033
-0.8039475
-0.78707312
-0.62684423
-0.66479
-0.59732702
-0.5382926
-0.33167213
-0.27263771
-0.15878315
-0.3063692
-0.39492083
-0.35697506
-0.40756366
-0.5888812
-0.88826758
-0.97260493
0.31349222
3.0037899
3.0670041
0.48636393
-0.33588641
-0.52141822
-0.51720395
-0.33167213
-0.18830036
0.026751087
0.1363855
0.30504639
0.33879515
0.3345636
0.29661784
0.34300943
0.18698619
0.14903524
0.081568813
0.068917346
-0.057583503
0.11530203
0.92490781
2.9151865
3.3537131
1.4140403
-0.75755591
-1.6683579
-1.575592
-1.0358536
-0.46659808
-0.20517474
-0.23890622
-0.25154905
-0.15878315
-0.099750453
-0.015416553
0.018317697
-0.057583503
-0.25997761
-0.45816953
-0.66479
-0.86719619
-0.082882982
1.9706012
2.1056653
1.5363234
0.5369698
-0.79128739
-1.187654
-1.4490946
-1.3984887
-1.3900602
-1.1750111
-0.93044489
-0.61839841
-0.43286659
-0.43708087
-0.28106626
-0.066017238
0.047833871
0.085784817
0.081568813
0.014101002
0.14903524
1.409826
2.7592237
0.018317697
-1.1075482
-1.267777
-1.4069345
-0.93044489
-0.79971595
-0.36118934
-0.31479775
-0.023848561
0.090002548
0.2417977
0.17433645
0.24601197
0.15325297
0.085784817
-0.22203184
-0.57202409
-0.8840533
-1.0316394
0.41468668
3.0880754
2.2279484
-0.0069828179
-0.85875037
-0.90092768
-0.96417638
-0.90514196
-0.70273576
-0.46659808
-0.18408608
0.056267607
0.090002548
0.17855245
0.28818928
0.23758342
0.16168498
0.14903524
0.073135078
-0.12926766
-0.3063692
-0.31479775
0.92912209
2.7970485
2.2657733
1.3212744
0.047833871
-0.61418413
-0.95574782
-1.267777
-1.4322375
-1.33524
-1.3057228
-1.3647572
-1.3521144
-0.97681921
-0.56780981
-0.29372637
-0.053365772
-0.070233243
0.022534392
0.039401172
-0.1419174
-0.17142598
1.0387624
3.5982793
2.1267367
-0.75755591
-0.46659808
-1.1117624
-0.8039475
-0.87562475
-0.34010068
-0.15035459
0.16590271
0.16590271
0.19542338
0.077351082
0.068917346
-0.15878315
-0.42865232
-0.62262996
-0.70695004
-0.91357051
-0.947302
0.073135078
2.1984139
2.5778716
0.9586393
-0.036500028
-0.31058347
-0.50877539
-0.53407833
-0.62684423
-0.54250688
-0.30215492
-0.15878315
0.030967782
0.085784817
-0.12504993
-0.28949482
-0.49190101
-0.59311275
-0.38649227
0.20806621
2.5314109
2.8476544
-0.019632557
-0.015416553
-0.68164711
-0.61418413
-0.71539586
-0.66479
-0.50032957
-0.45395525
-0.30215492
-0.20517474
0.039401172
0.27976073
0.29661784
0.38516947
0.48636393
0.43577534
0.18276846
-0.019632557
0.26288635
2.2447019
3.0670041
0.81949907
-0.14613341
-0.79128739
-0.87141047
-1.2972942
-1.29308
-1.0738167
-0.64791562
-0.39070655
-0.17565753
-0.082882982
-0.10818419
-0.12083393
-0.18408608
-0.25997761
-0.35697506
-0.49190101
-0.70273576
-0.67743283
1.3507916
3.412782
1.7260868
0.30927794
-0.13769967
-0.33167213
-0.31058347
-0.29794064
-0.032282297
0.077351082
0.11108602
0.1363855
0.17855245
0.090002548
-0.019632557
-0.27685199
-0.61839841
-0.8039475
-0.71539586
-0.29794064
1.9579929
3.0163982
1.0767081
0.064701342
-1.1665826
-0.94308772
-0.82501888
-0.67321855
-0.60575558
-0.42443804
-0.22624612
-0.053365772
0.056267607
0.1363855
0.25024352
0.27552918
0.17433645
0.073135078
-0.31479775
-0.79128739
-0.24733478
2.480805
3.0543958
1.1146539
-0.19672891
-0.96417638
-0.81659033
-0.80816177
-0.74912735
-0.71539586
-0.39492083
-0.16299742
0.0014509175
0.077351082
0.19963765
0.27552918
0.45684672
0.50745259
0.34722371
0.068917346
-0.20517474
-0.011198822
2.4681968
2.6074061
-0.1166162
-0.55093543
-1.4997004
-1.0021221
-0.90935623
-0.72382442
-0.93044489
-0.66900428
-0.62262996
-0.37383217
-0.18830036
-0.1166162
-0.2431205
-0.2431205
-0.057583503
-0.12926766
-0.31058347
-0.69430721
-0.99369359
-0.77864456
1.0640653
2.5018764
1.6965696
0.18276846
-1.0316394
-1.4870403
-1.6852323
-1.2635628
-0.86298192
-0.40756366
-0.18830036
-0.091316717
0.085784817
0.34722371
0.38938375
0.41468668
0.41890096
0.35986654
0.19542338
-0.099750453
-0.049149768
1.7007838
3.2735727
1.730301
0.72671589
-0.21360329
-0.63948706
-1.1244053
-1.225617
-0.91778479
-0.61839841
-0.43286659
-0.1419174
0.043617867
0.1363855
0.085784817
-0.036500028
-0.082882982
-0.17142598
-0.18408608
-0.44974097
-0.77864456
-0.69430721
1.5995894
3.5435282
1.7555694
0.14481924
-0.92201634
-1.1539225
-1.120191
-0.67743283
-0.34431496
0.022534392
0.16590271
0.37252664
0.46950682
0.51588114
0.52011269
0.49902403
0.40625813
0.18698619
0.056267607
-0.1166162
-0.382278
-0.3696179
0.93333636
2.6960095
2.1604164
0.19120219
-0.92623061
-1.0232108
-1.0147822
-0.75755591
-0.61839841
-0.48347246
-0.35697506
-0.25154905
-0.3063692
-0.32324358
-0.23890622
-0.32324358
-0.45395525
-0.6015413
-0.77443029
-0.97681921
-0.45395525
1.5953578
2.0170619
0.6002185
-0.23469195
-0.59732702
-0.62684423
-0.79128739
-0.75755591
-0.76177018
-0.71961014
-0.56780981
-0.30215492
-0.26420916
-0.20094319
-0.18408608
-0.18408608
-0.29794064
-0.56780981
-0.72382442
-0.62262996
0.27131491
2.9025782
