985
880
1058
1187
-120
-373
-842
-1145
-868
-700
-573
-800
-805
-489
-230
-173
-370
-716
-993
-1112
-1092
-1043
-945
-942
-963
-1032
-972
-1060
-1146
-901
250
-885
-870
-712
-591
-899
-1010
-1142
-1104
-1124
-1118
-1000
-917
-774
-817
-770
-647
-597
-509
-588
-521
-383
-148
-285
-312
-256
-216
719
-25
-562
-575
-503
-444
-399
-350
-551
-571
-589
-674
-559
-516
-538
-591
-625
-512
-323
-179
-221
-261
-349
-389
-362
-392
-289
285
1100
-208
-209
-204
-262
-308
-341
-442
-523
-606
-476
-428
-368
-408
-412
-412
-458
-469
-406
-525
-535
-477
-511
-567
-455
-536
102
721
-480
-514
-554
-563
-644
-630
-673
-746
-748
-756
-650
-625
-646
-652
-649
-570
-526
-442
-380
-417
-368
-456
-472
-456
-214
626
543
-547
-736
-650
-455
-293
-105
-64
-158
-326
-329
-97
223
522
751
900
1078
1284
1208
1086
996
965
1232
1554
1824
1658
2047
1403
1041
1073
969
970
593
508
536
839
632
12
-8
337
664
703
738
587
919
990
1091
1176
1313
1391
1416
1358
1434
2047
1572
1616
1675
1220
1238
950
723
766
558
603
512
399
239
188
114
161
260
267
170
76
-157
-387
-468
-796
-950
-810
105
-653
-756
-800
-692
-692
-704
-586
-606
-533
-622
-504
-831
-797
-806
-921
-884
-769
-679
-685
-674
-687
-624
-720
-807
-874
-721
15
-765
-940
-955
-1030
-1406
-1413
-1407
-1192
-723
-418
-711
-949
-720
-706
-714
-580
-510
-116
476
537
441
437
551
439
102
123
965
596
483
494
522
831
1474
1529
1627
1847
1937
1937
1980
1350
963
536
410
328
272
324
367
662
787
869
948
517
330
672
-322
-422
-456
-474
-481
-657
-663
-122
261
927
1459
1527
1606
1371
780
15
-148
-347
-828
-1045
-1056
-1122
-792
-554
-574
-123
535
-263
-33
96
512
846
1050
1117
879
1029
869
987
966
1071
886
-134
-689
-996
-983
-728
-632
-592
-567
-593
-649
-664
-365
365
-555
-390
-371
-400
-404
-516
-297
18
442
695
97
-18
-53
-315
-412
103
699
430
-194
-373
-265
-602
-571
-796
-621
284
999
-269
-714
-830
-765
-616
-458
-456
-341
-316
-474
-926
-1162
-1114
-1050
-885
-1062
-934
-875
-832
-946
-743
-997
-1029
-951
-1136
-836
21
-1001
-1021
-920
-1010
-1002
-1004
-915
-1064
-1224
-1169
-1010
-601
-534
-639
-743
-708
-563
-516
-739
-776
-632
-384
-281
-333
-413
77
72
-591
-744
-620
-651
-985
-1047
-1117
-1027
-1000
-821
-522
-202
-228
-336
-340
-338
-272
3
-242
-296
-578
-417
-385
-134
356
930
817
-225
230
493
508
467
-90
216
-16
191
232
276
42
176
417
106
119
-117
-91
-177
-125
-125
-115
-235
208
647
1334
1876
793
880
921
480
196
108
-113
42
412
645
767
787
892
658
457
823
888
921
1121
784
857
532
59
-3
-17
770
96
-330
-501
-408
-272
-214
-209
-304
-235
-336
-224
257
263
263
-42
-210
-215
-143
37
103
27
-114
-219
-266
97
108
491
744
-29
-416
-644
-790
-958
-958
-889
-628
-488
-57
227
367
101
185
149
317
550
1081
556
429
-4
-290
-253
18
491
1651
1552
257
-168
-170
67
275
651
654
680
345
311
320
530
798
1270
1242
1210
1263
1019
764
510
704
459
219
157
-68
409
1049
424
414
-221
-628
-471
-259
256
344
872
1449
1657
1716
1384
1246
1965
2047
1968
2047
2008
1048
-418
-1115
-1321
-1367
-1406
-1368
-906
-1000
-758
-551
-429
-540
-675
-864
-599
-801
-731
-794
-744
-977
-945
-806
-650
-292
-25
-356
-754
-1052
-1132
-999
-1047
-696
-119
911
522
294
-85
-664
-704
-958
-544
331
583
421
590
1015
1092
844
-391
-805
-538
-161
34
105
234
95
-112
-395
-431
-273
228
-36
-547
-677
-768
-717
-590
-749
-678
-705
-758
-480
-369
-224
-214
-239
-385
-340
-121
-74
139
40
-131
-162
-334
-372
-274
84
896
248
188
21
-73
-121
17
-28
27
89
80
95
88
120
-65
-116
-76
229
276
242
-22
-36
-104
-12
-75
-13
62
768
123
-12
-6
43
198
184
-25
54
238
409
456
223
154
-13
-121
-130
30
207
176
-66
-258
-284
-171
-358
-184
-234
102
424
-500
-294
-455
-528
-462
-324
158
-292
-506
-904
-795
-775
-665
-297
-307
-480
-813
-908
-685
-927
-966
-1075
-842
-951
-873
-220
-87
-433
125
517
733
248
247
-333
-688
-940
-756
-659
-653
-469
64
-227
-129
-404
-556
-489
-350
-480
-343
-270
33
378
949
1703
819
612
423
224
44
158
337
564
737
816
997
1153
813
675
544
211
387
73
22
90
-57
-104
-225
-383
-689
-510
-403
-959
-935
-779
-742
-707
-844
-868
-730
-629
-350
108
682
811
519
76
-108
45
32
-234
-287
16
471
524
566
419
159
965
719
73
-121
-151
-215
-39
-57
-145
-159
-302
-272
-199
-68
-38
-76
70
243
354
470
290
129
219
251
94
179
162
773
1384
188
196
174
210
345
104
216
158
135
9
45
111
212
336
203
262
298
386
469
363
474
298
387
503
563
1044
1330
-313
-458
-439
-128
137
121
43
-264
-308
-290
-247
-214
-164
-66
-62
102
414
517
428
536
526
544
573
699
789
962
1741
970
350
33
-122
-168
-339
-352
-315
-289
-491
-705
-882
-867
-745
-644
-685
-485
-338
-454
-547
-659
-634
-467
-131
-80
110
1018
-113
-576
-713
-758
-729
-716
-630
-469
-167
-154
-92
-170
-252
-273
-259
-375
-196
-218
24
58
12
-110
-116
-204
-255
-151
459
1000
-345
-675
-693
-677
-530
-691
-750
-705
-829
-826
-879
-786
-758
-594
-436
-424
-215
-105
-59
-160
-90
-49
-43
-181
-282
50
987
-116
-60
51
296
312
164
-24
6
174
346
351
169
120
-52
-160
-136
-95
75
136
85
19
-70
-140
-132
-158
-230
446
611
-386
-264
-302
-337
-322
-38
-21
-201
-131
-12
-130
-297
-315
-297
-25
388
536
534
375
318
211
85
-68
23
-16
649
1138
241
147
-167
-364
-548
-694
-801
-817
-805
-753
-679
-594
-673
-540
-364
-381
-78
41
-190
-49
-269
-107
12
76
110
673
1250
80
-22
156
286
393
539
818
710
661
227
-30
-107
-134
-221
-252
4
152
380
388
323
301
388
288
296
192
240
1340
147
-181
-234
59
302
306
188
308
554
627
612
742
841
1105
1512
2047
2047
2047
2047
2047
2047
2047
1834
1302
898
592
1113
1564
339
142
-144
-45
-38
-135
-97
-324
-341
-505
-615
-521
-530
-555
-740
-665
-669
-686
-717
-856
-866
-837
-726
-881
-737
-314
621
-242
110
722
1099
1461
1457
1558
1582
1390
931
298
-296
-868
-919
-951
-863
-903
-1005
-1210
-1411
-1513
-1631
-1653
-1655
-1516
-1324
-522
-1316
-1454
-1418
-1358
-1381
-1497
-1535
-1536
-1542
-1502
-1418
-1290
-1152
-1132
-1000
-382
-964
-259
-415
-248
891
1198
604
-248
-220
224
882
552
-269
430
958
337
-234
-981
-1162
-1017
-864
-854
-918
-1151
-1344
-1386
-1311
-960
-626
-228
37
392
-607
-1163
-846
-696
-455
297
-80
-962
-896
-821
-409
-656
-828
-749
-529
1335
991
-949
-1094
-1080
-986
-904
183
1794
1973
1567
677
89
-5
97
-249
440
1326
1152
44
-301
-328
-68
-386
-696
-703
-616
191
981
1550
2047
1618
-154
-449
729
2047
2047
2047
2047
2047
2047
2047
2047
1301
148
430
554
408
371
96
111
-108
-192
515
1990
2047
2047
2047
1352
979
1129
1330
1730
1917
1782
1720
833
190
-192
-486
-634
-563
-139
227
-431
-540
-681
-723
-649
-680
-791
-677
-637
-742
-726
-568
-366
-324
-328
-312
-457
-560
-644
-687
-765
-818
-763
-667
-604
-581
-110
-525
-1054
-1029
-743
-561
-620
-525
-658
-470
-243
-106
64
31
138
719
774
303
56
-248
-347
-276
54
646
641
637
1242
1737
1694
529
179
22
-16
147
-467
-674
-599
-394
320
697
464
120
42
22
-211
660
1481
1439
614
192
-20
-92
-84
-223
-341
588
-165
-301
-317
-468
-722
-1033
-1221
-1248
-1136
-907
-231
212
232
-659
-1091
-1277
-1228
-896
-472
-418
-669
-708
-824
-1106
-1066
-1023
-566
352
-564
-744
-1161
-1239
-1284
-1241
-1193
-923
-860
-684
-596
-358
-438
-558
-478
-408
49
275
214
-75
-322
-506
-595
-716
-674
-778
-29
-230
-595
-543
-383
-314
-494
-324
-366
-445
-416
-512
-432
-313
38
319
364
361
279
49
-52
-108
-101
-110
-134
-124
-186
107
1059
248
375
486
476
74
-481
-789
-733
-372
7
149
2
-297
-501
-607
-607
-387
-265
-329
-321
-271
-304
-286
-186
22
419
1066
-143
-422
-512
-512
-458
-458
-493
-425
-309
-318
-392
-419
-398
-451
-524
-473
-280
-165
-217
-243
-247
-207
-173
-81
68
183
932
284
-231
-290
-197
-104
-79
-55
-149
-156
-232
-255
-125
146
469
495
405
462
489
389
495
394
195
239
172
20
329
884
1556
527
296
189
317
723
1554
2047
1943
1164
580
453
650
985
1203
1059
959
1119
1288
1048
749
455
169
-44
-51
28
259
1050
748
650
552
547
521
371
161
118
221
343
268
191
144
189
172
165
290
400
451
306
138
26
-62
-130
-150
-170
13
970
240
371
460
518
-66
-448
-229
484
999
-428
-556
-1185
-1078
-866
-644
-429
-314
-516
-535
-151
-93
-76
-302
-650
-789
-614
377
386
177
300
348
130
-127
-329
-306
-93
161
356
514
328
275
-224
-107
0
330
165
27
-978
-1229
-1214
-1277
-1220
-1143
-669
-476
-679
-335
-78
-118
-202
-330
-436
-433
-335
-324
-358
-528
-457
-247
-1
284
460
483
307
236
108
71
-7
18
74
570
1352
326
48
-24
144
204
-138
-315
-241
-181
-162
-266
-191
-236
-321
-385
-800
-1098
-566
-368
-94
-243
-418
-349
-291
-143
146
1212
779
169
-175
-268
-407
-360
-327
-259
-100
67
-59
-182
-112
88
178
143
247
343
-111
-424
-526
-565
-470
-88
272
232
196
673
-366
-278
-54
70
-28
-86
-331
-559
-618
-631
-572
-592
-574
-517
-602
-451
-109
-72
-596
-948
-1108
-1140
-1172
-1145
-931
-815
-757
-536
-1137
-1152
-946
-613
-372
-283
-121
66
-79
-375
-348
-109
10
-66
-135
-36
40
165
23
90
236
153
99
31
107
302
981
227
472
466
637
664
542
373
374
488
461
230
-75
-102
-173
2
355
586
743
771
577
457
319
180
25
208
299
1206
776
666
838
874
1158
1142
1013
1009
1226
1238
1332
1242
1008
767
330
23
-69
-32
56
114
430
712
757
465
285
121
525
1161
733
709
420
273
116
-106
-293
-163
-249
-349
-550
-622
-588
-519
-485
-244
9
-67
-159
-650
-554
-403
-200
-54
-253
-267
90
-637
-473
-140
313
236
20
-248
-316
-185
-182
-238
-249
-272
-249
-298
-300
-211
39
145
159
55
52
-19
99
345
644
1331
1198
555
355
268
279
495
360
149
-196
-454
-476
67
1191
516
-1129
-1192
-806
-157
300
-156
-894
-1109
-1002
-583
-12
772
1530
1874
1193
966
884
643
249
-253
-465
-366
-163
-286
-342
-383
151
424
262
94
159
396
403
100
-630
-1014
-1102
-1013
-1015
-984
-489
-375
-1085
-1105
-1069
-1170
-1246
-1212
-1011
-928
-942
-954
-1145
-1214
-1245
-1231
-1136
-1089
-940
-799
-837
-842
-854
-763
-702
-818
-753
47
358
-446
-354
-475
-320
-515
-644
-736
-565
-579
-551
-419
-391
-317
-218
-167
66
108
-73
-179
-421
-433
-556
-567
-361
-352
877
670
74
-48
75
-5
-15
-290
-153
-156
-213
-405
-467
-418
-363
-309
116
112
547
250
568
812
926
229
254
444
1307
2047
2047
2016
1272
542
-577
-743
-657
-322
174
379
486
707
983
929
898
940
1113
1712
1900
1774
1263
1042
649
159
-244
-714
-893
-968
-703
-1049
-1015
-1060
-989
-716
-525
-258
-172
6
-42
-226
-144
3
17
124
249
672
1170
935
967
905
1054
1431
1731
1767
2047
2047
2047
1476
1250
931
412
-29
-326
-473
-8
-292
133
172
310
372
392
259
242
394
317
226
103
-21
-196
-504
-551
-528
83
1265
177
278
22
-61
-290
-283
-365
-274
-196
-74
128
162
91
-86
-111
-109
90
298
390
244
288
95
40
-185
-256
-167
706
-336
-325
-373
-439
-681
-803
-947
-1040
-1045
-1023
-792
-649
-451
-285
-182
-372
-305
-114
-201
-87
-188
-78
-80
-29
43
62
624
818
-169
-320
-410
-357
-297
-347
-298
-295
-285
-260
-245
-204
-184
-83
-53
-92
-74
-125
-78
-130
-128
-325
-399
-333
-373
-468
-156
413
-539
-669
-743
-672
-635
-764
-816
-720
-672
-640
-677
-545
-525
-391
-481
-385
-228
-31
-166
-105
-118
-138
-74
-236
-284
-245
438
-432
-737
-941
-1012
-1146
-1121
-1154
-1179
-1230
-1288
-1269
-1076
-434
-93
490
1028
735
-65
-540
-1009
-1164
-1227
-1218
-1177
-992
-377
552
1703
712
-210
-584
-503
-125
439
962
1318
784
128
179
600
766
920
1500
1856
1803
1656
1244
523
70
-292
-439
-277
-248
-439
-389
690
-562
-1019
-1127
-1173
-1200
-1215
-1118
-999
-902
-667
-488
-355
-284
-252
-289
-390
-425
-335
-252
-341
-220
129
493
710
743
687
1456
897
247
-124
-217
-341
-424
-239
7
91
-74
-188
-11
177
360
207
195
254
367
432
193
95
246
345
275
299
353
395
1130
1263
288
280
366
581
567
559
807
1033
772
575
1004
1435
1612
1635
1564
1606
1775
1847
1998
2047
2047
1864
1602
1252
395
480
1088
1223
759
1004
653
78
-327
-617
-598
-412
-250
-250
-294
-260
-99
77
-74
-158
-33
237
211
-232
-783
-777
-469
-378
-683
-882
-130
-91
-667
-825
-922
-951
-1068
-1176
-1136
-871
-869
-947
-1072
-989
-897
-980
-1045
-904
-744
-838
-997
-1040
-1120
-1164
-1255
-1262
-1190
-1068
-484
-60
-882
-793
-605
-539
-729
-686
-582
-399
-511
-417
-319
-217
-384
-586
-574
-460
-370
-348
-268
-347
-482
-380
-128
170
622
1170
1887
2047
1496
690
238
32
-106
-2
825
1661
1637
987
548
583
830
700
375
299
399
551
564
404
234
405
554
700
745
602
825
1747
603
404
445
570
520
230
158
140
275
194
-153
-226
-300
-182
34
117
186
387
341
336
412
390
434
251
133
-5
275
1049
144
-166
-233
-239
-217
-344
-500
-560
-564
-623
-560
-319
-71
22
-91
118
-488
-396
-408
-356
-319
-325
-417
-217
-360
-536
-124
624
-244
-334
-402
-363
-223
-223
99
-421
-350
-511
-613
-622
-646
-628
-638
-538
-741
-550
-456
-400
-373
-390
-440
-622
-702
-786
-358
638
-125
-343
-493
-636
-692
-781
-784
-633
-738
-713
-840
-850
-829
-705
-724
-776
-734
-738
-826
-905
-875
-700
-655
-650
-714
-693
24
697
-64
-302
-408
-466
-412
-270
-627
-412
-252
-219
-188
-100
-51
-2
-25
42
344
510
330
275
236
184
159
23
-62
-38
291
960
102
68
63
-169
-212
-372
-445
-274
-24
67
-27
-19
-7
-35
-58
56
296
527
561
394
188
175
174
235
61
190
569
1541
571
332
187
207
95
-72
-217
-34
119
182
50
142
157
398
-58
16
8
56
63
-65
-257
-201
-251
-310
-465
-387
1
1184
259
-60
-285
-300
-249
-260
-233
-81
113
245
-171
-248
-253
22
151
289
510
505
649
760
1002
1674
1436
1317
919
790
475
571
630
-207
-313
-251
-44
400
204
-41
-31
139
111
13
-24
79
129
-109
-247
-148
175
265
240
207
207
224
280
198
68
663
661
-45
-192
-264
-353
-343
-396
-541
-347
-178
-174
-267
-325
-292
-340
-389
-254
39
229
219
70
-7
-69
-272
-366
-408
-343
516
485
-229
-405
-553
-558
-621
-673
-637
-568
-609
-576
-514
-344
-75
13
-32
0
147
263
179
170
-5
-36
-169
-35
177
222
920
1261
39
-122
-161
-168
-215
-257
-160
-180
-189
-166
-114
-79
26
102
158
121
78
146
248
131
101
51
50
72
36
16
364
1320
107
-126
-170
-150
-157
-147
-195
-186
-135
-93
-102
-89
-137
-67
-28
-17
46
120
132
20
-22
-49
-75
-108
-101
-131
254
1048
-97
-227
-274
-235
-221
-273
-323
-328
-268
-252
-180
-199
-161
-170
-204
-145
-74
8
-38
-98
-127
-172
-162
-200
-210
-165
656
448
-226
-359
-350
-358
-428
-524
-382
-60
-77
-209
-240
-237
-232
-137
-113
-125
-66
-36
-65
-162
-167
-83
-114
-114
-65
123
1297
266
-62
-138
-149
-157
-151
-271
-274
-244
-216
-279
-194
-91
-52
-65
-84
-78
-8
83
-31
-130
-117
-91
-58
-87
-57
93
1240
283
-85
-122
-161
-55
-47
-178
-64
10
72
-82
-135
-115
-65
-64
-71
-16
87
146
54
11
-77
-122
-186
-206
-125
8
956
740
-101
-259
-272
-308
-388
-464
-368
-194
-152
-214
-171
-112
45
110
44
13
120
168
266
117
-18
-80
-79
-14
110
174
222
1417
511
19
-45
-85
-106
-182
-194
-102
-34
-71
-150
-211
-139
-35
-7
-99
-32
82
108
11
-45
-20
-100
-26
-35
-52
278
1409
216
-45
-118
-106
-136
-178
-183
-152
-122
-114
-150
-61
8
-136
-532
-742
-814
-654
-508
-453
-379
-238
-156
-8
185
223
530
1519
142
-222
-226
-108
-128
-239
-202
-93
-64
-117
-100
40
134
205
171
182
319
276
267
210
139
60
93
55
26
55
196
1368
611
118
-51
-81
-79
-115
-137
-69
-104
-133
-89
-71
-25
41
51
40
31
129
193
106
94
98
114
76
39
27
284
1401
233
-129
-202
-234
-224
-338
-286
-201
-168
-226
-221
-222
-171
-150
-188
-202
-150
-39
-4
-59
-36
-150
-165
-212
-236
-230
-128
1054
147
-103
-260
-289
-293
-300
-458
-375
-271
-251
-326
-263
-209
-92
-92
-101
-99
-105
-124
-70
-136
-160
-173
-205
-158
-223
-217
196
1236
9
-236
-303
-302
-303
-415
-338
-130
-134
-163
-101
-34
31
126
146
159
265
294
313
211
183
113
-14
-96
-116
-154
-32
944
600
-132
-194
-160
-221
-283
-360
-303
-269
-232
-237
-133
-126
-57
56
208
779
-320
-567
-348
-382
-353
-112
-70
16
93
303
463
742
-225
-596
-447
-238
-336
-197
53
318
393
486
478
-459
-454
-194
-109
-99
153
368
567
633
541
-254
-520
-412
-190
-322
-184
177
389
380
458
518
-110
-647
-281
-86
-125
22
319
560
590
651
548
231
-708
-669
-276
-104
-165
57
486
673
629
544
733
-26
-399
-238
-5
-109
64
303
467
467
580
807
897
-327
-494
-254
-204
-323
-31
200
196
243
523
752
595
-620
-684
-400
-295
-451
-18
217
137
82
436
674
134
-735
-689
-392
-329
-361
40
177
156
250
355
384
96
-712
-524
-170
-111
-153
75
253
268
149
186
391
-276
-738
-603
-356
-400
-279
-20
34
5
24
130
254
-652
-850
-663
-511
-565
-394
-223
130
57
66
49
167
-783
-797
-615
-495
-675
-358
-212
-186
-177
-24
184
237
-849
-752
-477
-347
-425
-192
116
149
73
168
276
280
-772
-747
-549
-481
-549
-326
-63
-69
-131
96
416
505
-806
-797
-530
-406
-349
-41
92
169
258
393
635
714
-554
-568
-224
13
96
345
560
555
506
473
444
669
-307
-462
-253
-52
-27
483
690
845
752
734
889
855
-417
-528
-315
-288
-329
38
245
288
292
380
561
890
-91
-210
198
455
455
608
567
332
196
336
590
942
56
-466
-300
-41
-92
94
188
204
284
470
586
802
186
-572
-340
-166
-327
-358
-125
-19
-54
-182
97
588
904
-318
-325
182
566
756
964
315
-450
-634
-130
956
1508
244
-691
-932
-839
-247
868
1613
1767
1633
1198
540
64
-897
-902
-737
-647
-585
-368
-192
-21
142
194
237
325
-810
-811
-608
-515
-584
-502
-374
-307
-200
-122
-100
66
-976
-993
-809
-645
-660
-568
-418
-366
-287
-318
-232
-33
-1093
-1110
-890
-733
-728
-505
-323
-163
29
142
-4
126
-911
-984
-668
-458
-239
87
33
124
140
304
438
886
-169
-284
16
237
160
112
121
436
-197
-165
-151
-113
-166
-1127
-1025
-800
-368
29
377
294
37
-156
-257
-408
-289
-1143
-1186
-1068
-957
-906
-870
-817
-781
-782
-576
-90
-270
-694
-1196
-1317
-995
-815
-690
-614
-689
-807
-936
-1009
-1076
-1062
-1424
-1451
-1360
-1253
-1150
-895
-691
-589
-379
-87
429
474
-390
-900
-998
-959
-1126
-1191
-1206
-1184
-1139
-1163
-1212
-1200
-1181
-1180
-1159
-1132
-1090
-1037
-915
-575
1344
1397
1556
1615
1717
1397
1106
1303
1530
1479
1517
1606
1689
1757
1819
1854
1936
1398
378
242
441
755
990
1560
1874
2047
2047
2047
2047
2047
2047
2047
2008
1802
2047
2047
1871
1085
1812
1831
1711
1681
1824
2008
2047
2047
2047
2047
2047
2047
2047
2047
2047
2047
2047
2047
2047
1781
1491
1309
726
-606
-977
-952
-1012
-389
-686
76
142
583
726
731
664
645
687
667
632
650
604
568
514
473
412
354
131
-160
249
289
-324
-581
-719
-807
-831
-1299
-1446
-1491
-1507
-902
-520
-450
-604
-565
-438
-625
-776
-1253
-938
-332
130
30
194
213
159
292
350
46
-200
-363
-526
-711
-747
-713
-793
-682
-427
-187
13
165
146
263
603
702
-22
-737
-409
-149
99
218
181
397
501
536
559
551
36
-253
-136
-135
-54
9
195
238
283
377
467
-109
-118
-210
-216
-257
-110
-108
-140
-46
32
131
-258
-961
-706
-556
-765
-808
-769
-722
-644
-501
-426
-344
-1162
-1420
-1194
-997
-972
-841
-690
-677
-611
-444
-182
-25
-1020
-1266
-1095
-942
-1022
-851
-711
-640
-566
-511
-385
-280
-1240
-1346
-1178
-1057
-1074
-972
-887
-818
-764
-683
-559
-376
-1209
-1284
-1087
-972
-1014
-909
-719
-649
-560
-476
-337
-108
-876
-1049
-900
-744
-734
-632
-454
-427
-357
-260
-49
214
-391
-899
-705
-482
-463
-398
-252
-210
-54
-108
-71
370
140
-928
-1071
-993
-1010
-884
-775
-683
-656
-594
-519
-371
-306
-1111
-1022
-785
-649
-548
-354
-132
-32
-30
52
175
465
-524
-664
-517
-445
-409
-186
-16
-5
57
141
241
372
-303
-671
-494
-254
-276
-216
-53
55
171
288
444
614
269
-619
-562
-408
-416
-341
-76
-56
-50
85
377
666
687
-533
-606
-419
-326
-287
-134
146
436
783
1009
974
789
607
532
556
611
608
571
426
396
632
703
1051
1399
1098
530
312
305
289
346
339
290
184
70
-43
-81
-125
-120
-25
171
390
518
452
431
439
294
242
353
1191
747
-17
-348
-645
-838
-685
-354
-189
-132
-105
121
380
552
413
176
-23
-228
-349
-327
-74
-121
-2
169
284
332
303
490
576
-484
-597
-709
-701
-535
-247
-102
-25
-7
102
135
75
30
-4
125
578
-377
-549
-202
44
224
435
619
611
649
652
518
290
-761
-783
-581
-421
-376
-177
256
650
864
919
805
-313
-736
-557
-397
-418
-276
67
330
622
922
1094
1153
-192
-626
-567
-577
-646
-369
34
295
436
563
894
1152
-145
-525
-511
-520
-547
-280
24
176
245
374
590
811
-250
-433
-343
-326
-405
-232
-16
71
152
292
535
787
-200
-217
25
51
-265
-234
14
40
39
172
465
769
-367
-662
-368
-111
-190
40
305
257
23
39
282
615
-299
-696
-368
54
188
511
693
411
170
229
355
618
-62
-622
-241
287
462
701
1018
945
487
48
-34
394
339
-575
-435
-158
-71
64
420
544
554
733
815
776
662
-646
-644
-437
-408
-507
-285
88
275
261
221
363
721
-253
-687
-532
-352
-367
-315
-151
-181
-220
-48
238
556
878
-263
-485
-129
-44
-557
-833
-826
-788
-528
-71
431
844
1011
66
156
199
-80
-250
-210
-87
16
25
59
236
505
-497
-413
-112
68
6
142
255
213
143
345
527
664
628
-426
-432
-365
-481
-327
-192
-156
-106
127
294
380
302
220
169
31
-37
11
130
92
141
358
440
277
18
-154
-221
-225
-150
-63
-75
-62
865
-20
-193
-358
-606
-696
-688
-478
-119
85
136
135
217
290
255
237
177
-96
-274
-382
-538
-589
-527
-365
-213
593
-211
-834
-923
-912
-822
-683
-586
-617
-617
-462
-296
-257
-303
-232
-51
164
463
-452
-547
-188
-76
-73
-35
-88
-81
62
313
485
577
-481
-512
-335
-222
-256
-144
42
144
243
475
743
471
-341
-221
-105
-261
-286
-158
-121
-70
-12
63
347
-79
-568
-344
-62
-162
-140
-54
40
100
223
371
475
-276
-681
-486
-264
-215
62
398
528
646
628
440
449
398
-241
106
238
35
162
483
589
677
700
739
829
754
-305
-231
-54
-104
-149
23
266
340
362
416
544
654
-546
-688
-537
-349
-365
-286
-89
32
101
137
231
326
-641
-685
-372
-162
-140
-164
-117
-121
-5
152
255
500
115
-664
-553
-374
-400
-456
-201
93
353
652
995
988
712
442
229
69
-90
-218
-253
-271
-283
-249
-175
-136
-191
-159
-55
42
99
3
-164
-323
-370
-404
-383
-341
-216
232
942
-51
-198
-345
-555
-680
-514
-365
-321
-361
-357
-231
59
240
312
235
7
-5
-11
-75
-70
-162
-110
-58
36
367
959
32
-93
-181
-245
-393
-501
-585
-605
-471
-234
172
368
238
189
287
761
427
-553
-610
-485
-424
-304
-319
-122
-7
37
324
875
179
174
256
-30
-550
-682
-572
-380
-36
441
938
486
-281
-177
-58
-144
-203
-46
103
191
254
338
689
181
-426
112
756
1126
1395
1308
1102
714
373
365
933
775
427
524
358
-134
-710
-759
-417
27
553
848
1047
539
-656
-557
-313
-262
-220
-174
-219
-152
-84
-22
94
-150
-1134
-1131
-991
-858
-634
-235
33
149
380
443
468
249
-971
-981
-824
-714
-591
-146
180
423
187
-20
15
308
-818
-866
-773
-797
-870
-756
-523
-354
-174
-99
63
323
-840
-846
-702
-610
-506
-350
-194
-218
-283
-273
-18
442
-586
-469
-152
67
14
45
-57
-159
202
534
744
1232
79
66
424
484
177
-12
-53
-114
38
399
620
888
175
-600
-575
-317
-605
-957
-984
-848
-509
76
503
1063
1178
99
292
427
92
-404
-309
-343
-404
-351
-123
349
914
-133
-252
-175
-217
-344
-413
-292
-242
-6
486
745
957
79
-484
-286
85
301
361
488
492
514
521
549
739
755
-639
-737
-602
-507
-491
-467
-290
-205
-202
-74
-347
-762
-961
-842
-372
471
1072
1120
1003
774
639
645
616
201
158
323
395
253
171
819
-266
-354
-398
-395
-343
-336
-289
-217
-250
-212
-135
28
79
67
20
0
9
177
343
416
298
-51
-172
572
-389
-572
-591
-552
-511
-425
-348
-363
-380
-319
-267
-315
-436
-467
-357
85
1150
590
232
206
298
255
243
190
-143
-290
-100
514
888
-169
-375
-374
-372
-656
-916
-908
-603
128
694
865
341
-701
-692
-663
-797
-795
-696
-511
-305
158
472
882
540
-732
-553
-289
-241
-252
-297
-425
-460
-460
-225
295
51
-968
-998
-858
-434
225
835
1227
1058
1066
774
618
484
-662
-661
-566
-718
-752
-186
566
225
-464
-456
421
1656
768
502
275
94
-130
-129
-20
-39
17
201
644
1315
228
-200
129
469
313
156
125
85
339
588
920
1404
937
-129
-73
-31
-221
-366
-256
-147
-16
279
428
709
931
-508
-807
-679
-364
-52
325
359
233
158
263
491
764
-175
-752
-747
-698
-826
-725
-250
119
290
301
276
357
44
-762
-542
-317
-378
-540
-495
-282
-5
148
348
484
734
-719
-841
-704
-454
-463
-473
-348
-298
-203
-130
-96
-125
-223
-318
-401
-457
-471
-367
-282
-236
-276
-104
145
204
89
-1
-87
-93
-25
-58
-144
-226
-363
-455
-439
-384
-247
41
292
411
432
327
77
-71
-112
56
1171
230
34
16
-48
-177
-139
-111
-74
-253
-238
-116
135
350
312
155
-38
-352
-568
-646
-632
-543
-387
-63
329
821
1940
911
513
348
171
33
-157
-72
172
391
358
322
299
241
692
649
693
947
-88
-354
-124
91
-6
279
98
240
66
295
383
498
-310
-330
54
172
254
404
353
603
862
952
1110
25
-365
-198
-383
-118
-334
-237
-160
-188
1
396
31
-769
-940
-719
-709
-583
-540
-446
-289
-544
-324
-402
-445
-1043
-917
-636
-481
-620
-458
-210
-261
-64
-71
124
363
-561
-646
-481
-490
-616
-557
-401
-287
-234
-212
-113
161
-790
-852
-654
-589
-480
-421
-223
-2
-88
-32
156
204
-656
-723
-546
-460
-463
-337
-141
-1
220
495
609
630
-508
-548
-366
-265
-294
-176
20
-7
144
364
821
1191
58
-290
21
502
376
328
256
469
817
1156
1203
1180
809
-106
78
287
460
336
542
591
476
567
623
674
612
-557
-503
-191
-71
-26
202
193
61
205
82
226
459
-458
-741
-613
-408
-391
-360
-250
-348
-288
86
426
606
40
-804
-728
-467
-573
-634
-608
-471
-257
-156
-165
-95
-244
-423
-297
-444
-395
-279
-317
-397
-245
-148
-198
-325
-293
-290
-291
-375
-287
-191
-173
-94
92
252
736
1100
12
-65
-231
-208
-186
-69
33
-72
-181
-211
-166
-100
-16
97
72
46
-120
-40
-86
-150
-199
-239
-264
272
295
-106
75
198
294
592
184
-290
-323
-232
139
375
268
68
115
301
831
471
-533
-525
-397
-396
-320
-137
-52
183
271
450
611
-475
-661
-415
-185
-70
-261
56
-178
354
479
472
-31
-500
-141
-4
-118
51
364
516
540
659
734
1101
-169
-533
-561
-290
-23
315
559
557
569
542
526
619
-486
-653
-512
-256
-198
-94
-134
-95
9
346
567
780
-166
-595
-203
-34
-276
-267
19
334
492
632
624
799
-585
-809
-776
-567
-369
-124
57
342
165
165
316
435
-450
-878
-792
-693
-627
-394
-390
-208
-158
-8
63
156
-126
-798
-883
-640
-532
-519
-377
-225
-254
-322
-307
-128
51
-870
-900
-764
-718
-682
-563
-503
-401
-350
-354
-141
-8
-908
-794
-607
-534
-589
-586
-218
-42
-10
16
189
432
-614
-685
-402
-313
-319
-386
-182
24
125
136
210
420
-652
-749
-573
-314
-386
-223
147
184
300
286
377
512
-247
-688
-532
-286
-272
-162
-66
-1
159
290
393
555
341
-444
-219
-160
-32
-40
260
170
266
414
441
588
672
-286
-160
58
10
108
180
209
323
359
479
678
927
-125
-243
-11
242
190
306
440
552
640
844
786
672
410
323
289
331
419
403
306
348
276
329
340
326
456
479
627
710
671
535
495
558
730
413
672
655
551
469
491
544
599
578
453
892
1195
259
187
219
199
332
420
514
552
431
335
394
478
504
619
599
545
539
408
473
426
485
397
295
194
894
148
-73
-44
72
-1
-73
-113
-85
-87
33
152
195
126
31
77
428
627
-732
-714
-522
-435
-355
-165
-230
-199
-75
-39
166
-288
-999
-815
-609
-579
-719
-526
-411
-256
-196
-38
-349
-1012
-886
-686
-851
-790
-728
-573
-411
-237
-157
38
-877
-883
-693
-708
-673
-604
-336
-122
2
-64
209
-73
-889
-692
-473
-320
-290
-267
-321
-285
-241
-102
204
-580
-931
-750
-620
-728
-562
-424
-320
-190
128
214
354
-778
-853
-591
-331
-423
-374
-294
-160
4
122
212
403
-178
-618
-392
-186
-225
-76
42
96
20
186
295
509
-360
-644
-482
-333
-476
-355
-211
120
289
595
799
890
428
-669
-593
-396
-330
-29
39
164
271
321
508
660
648
-705
-657
-469
-400
-237
-66
152
252
176
269
487
798
-279
-611
-541
-326
-333
-97
88
272
296
339
700
810
106
-599
-699
-698
-762
-686
-231
79
232
450
497
577
530
-392
-423
-390
-429
-411
-234
-76
0
3
31
230
453
-772
-766
-565
-477
-533
-455
-230
-131
-224
-75
-75
-122
-138
-192
-276
-240
-181
-154
-247
-338
-373
-385
-376
-328
-325
-373
-396
-362
-317
-228
-227
-147
-254
-359
-322
-243
-200
-153
-153
-8
654
637
-194
-309
-343
-303
-256
-210
-116
-154
-241
-241
-192
-186
-203
-70
-70
-268
-296
-206
-147
-154
-156
-93
152
1172
256
-142
-149
-138
-218
-335
-424
-424
-293
-90
-8
-21
-49
34
219
663
459
-401
-341
-93
-35
196
380
456
497
640
789
1178
265
57
223
439
355
337
515
693
872
1107
1468
1198
460
453
538
604
631
897
1084
1092
1045
1315
1408
627
140
217
305
214
253
508
723
955
1148
1240
1412
257
-166
-153
51
-219
-5
164
268
398
573
732
1032
-8
-476
-396
-76
-458
-200
84
474
730
929
953
1175
127
-828
-955
-1046
-921
-476
-71
140
-25
-517
-919
-864
-1060
-1127
-604
-220
-337
-493
-614
-773
-1118
-1206
-932
-67
243
-361
-329
-401
-409
-432
-729
-971
-1215
-1136
-727
-13
-173
-1022
-854
-542
-635
-829
-673
-565
-518
-198
-104
-182
-77
-244
-179
-318
-226
-203
-298
-387
-384
-595
-391
-335
86
-196
-399
-458
-299
-503
235
305
680
44
-309
-635
-395
-265
158
464
304
147
224
169
111
28
-261
-203
725
468
-284
-228
-338
-304
-341
-254
-345
-292
-349
-330
-198
-313
-39
0
388
76
-116
-231
-479
-383
-237
-50
-137
300
209
-493
-729
-736
-764
-632
-585
-690
-875
-712
-597
-462
-372
-280
-112
-257
247
-222
-1077
-1109
-943
-882
-515
-290
-309
-608
-773
-1094
-1109
-1241
-1225
-1126
-584
37
966
288
69
-276
268
781
393
-36
528
125
-256
-697
-735
-355
541
1578
1597
1546
-357
-868
-977
-890
-816
-566
-68
-98
-10
240
1260
1600
563
519
547
707
934
1399
1978
1912
1615
1443
1428
835
-394
-388
21
2
77
221
350
373
454
774
820
636
-712
-662
-492
-546
-679
-365
154
330
767
1037
1312
825
-410
-519
-448
-261
-319
170
340
410
204
342
634
542
-380
-433
-355
-268
-285
32
162
164
196
309
637
717
-578
-622
-517
-394
-448
-211
-106
-15
-147
-230
28
740
-584
-1009
-1156
-1165
-1157
-1138
-1101
-436
591
1588
1884
1979
1062
473
732
1142
1534
1635
1766
1667
718
1047
506
695
1131
1453
1778
1829
1683
1385
1077
780
819
682
632
330
134
121
590
828
736
315
-116
-139
-58
264
527
705
1013
1174
1232
1063
851
689
575
176
-74
507
679
-244
-266
-322
-436
-375
-105
490
428
570
336
78
46
114
-174
-455
-467
-362
-524
-576
-639
-666
-649
-269
496
-508
-665
-752
-818
-861
-819
-933
-1005
-899
-793
-655
-654
-677
-554
-301
32
-81
-1072
-1009
-812
-755
-553
-372
-297
-291
-154
16
199
-670
-923
-753
-545
-495
-493
-320
-259
-20
200
417
-317
-780
-658
-581
-608
-537
-392
-333
-118
-79
122
366
-697
-752
-592
-418
-462
-315
-196
-111
-9
108
359
440
-679
-646
-426
-269
-294
-96
-13
89
175
300
439
334
-691
-584
-285
-226
-177
-98
87
199
197
410
500
557
-617
-628
-399
-199
-308
-139
-30
-14
77
159
296
508
-442
-390
-357
-509
-443
-304
-156
-194
-392
-317
-25
377
-434
-553
-493
-361
-193
-40
266
340
469
463
502
664
-305
-634
-554
-389
-361
-234
-81
18
30
205
334
585
-324
-648
-525
-372
-409
-288
-149
-68
30
161
256
545
-211
-664
-544
-290
-261
-201
-4
88
199
281
433
543
139
-663
-584
-345
-288
-250
-71
16
80
167
78
75
44
-49
-36
-11
-38
-57
-80
-113
-124
-133
-84
-125
-134
-128
-98
-115
-133
-128
-154
-20
763
-106
-318
-299
-272
-318
-277
-148
-84
-29
-156
-115
-26
25
-9
-54
-100
-102
-106
-124
-136
-151
69
624
-272
-307
-332
-304
-326
-260
-356
-389
-360
-234
-146
-126
-152
-81
-20
157
418
-520
-524
-386
-295
-220
-131
-59
54
158
277
423
291
-573
-510
-361
-178
-185
-141
38
179
353
516
684
-91
-522
-394
-203
-286
-218
-74
45
133
244
372
634
-205
-536
-370
-181
-154
-89
88
241
379
464
641
832
-117
-450
-274
-111
-135
-88
62
169
258
335
451
721
-74
-451
-288
-79
-39
22
200
262
310
355
424
627
-6
-361
-190
20
-10
-64
-31
17
93
210
328
599
50
-577
-480
-272
-211
-136
48
143
212
295
370
584
145
-495
-350
-130
-89
-106
-15
55
44
95
227
507
459
-538
-501
-282
-217
-74
54
100
98
177
303
467
574
-532
-496
-287
-226
-274
-124
60
126
136
176
306
560
-443
-508
-272
-117
-172
-9
195
216
209
152
113
79
-50
-157
-201
-139
17
139
184
164
129
120
71
80
83
106
204
225
189
134
129
93
63
85
87
195
967
171
-21
-30
-176
-281
-237
-79
-11
-42
-42
46
77
70
113
195
142
-16
-83
-84
-64
2
56
237
882
42
4
11
-10
-43
-68
-141
-253
-249
-94
-26
-6
-11
101
244
402
627
-519
-612
-448
-459
-345
-123
-8
78
150
245
439
316
-623
-524
-352
-301
-415
-308
-16
148
224
286
464
-200
-690
-531
-458
-589
-467
-215
-140
-89
51
218
474
-463
-718
-536
-363
-434
-345
-116
-32
7
110
254
419
-620
-706
-558
-506
-536
-314
-129
-145
-135
-49
60
240
-774
-748
-487
-292
-298
-101
201
274
302
351
445
552
-488
-566
-373
-340
-365
-133
35
-7
26
216
367
511
-557
-600
-401
-284
-357
-207
97
245
300
291
353
594
-264
-500
-322
-152
-208
-41
214
251
238
360
485
672
372
-509
-353
-128
-194
-160
66
297
364
318
301
452
674
-407
-484
-344
-253
-151
-13
72
95
198
307
431
680
-263
-513
-322
-114
-160
-7
307
369
285
243
261
245
199
156
129
114
133
176
189
166
136
102
96
116
130
121
106
128
163
209
165
62
8
-31
-46
-58
-57
12
835
247
-114
-59
-120
-224
-215
-63
-75
-68
15
158
267
246
263
231
193
129
61
35
7
-18
6
519
511
-112
-142
-152
-214
-240
-219
-280
-300
-220
-144
-116
-116
-98
-39
43
375
-100
-652
-580
-486
-423
-286
-191
-77
7
104
298
458
-579
-576
-430
-290
-330
-277
-66
115
231
243
390
33
-674
-580
-446
-518
-381
-200
-179
-156
-16
115
414
-62
-745
-637
-410
-426
-359
-129
39
98
116
183
425
106
-656
-550
-394
-464
-371
-149
-75
-52
71
211
439
230
-653
-545
-307
-306
-239
-21
148
206
175
171
370
366
-620
-600
-480
-479
-352
-121
-50
-51
26
152
378
442
-616
-555
-331
-261
-256
-5
312
255
152
195
378
631
-458
-557
-393
-294
-255
-31
139
179
193
298
505
758
-419
-537
-303
-153
-158
83
298
245
162
169
288
617
12
-576
-534
-367
-290
-140
14
66
70
138
304
603
474
-543
-408
-119
-75
-95
76
221
162
92
108
180
178
124
94
94
94
78
63
54
39
5
-4
15
40
59
120
91
45
13
7
-22
-31
305
-4
-94
866
189
-30
-134
-317
-415
-243
156
382
213
86
105
209
311
440
534
599
573
480
240
179
124
71
543
169
-205
-212
-180
-144
-91
-76
-153
-185
-141
-53
-28
-2
-69
34
123
490
-125
-611
-502
-356
-352
-207
-74
5
24
154
258
459
-464
-642
-498
-299
-316
-304
-165
143
246
326
343
380
-564
-617
-484
-461
-454
-252
-241
-79
88
109
299
-29
-704
-698
-486
-474
-398
-198
-76
219
88
159
333
96
-678
-628
-374
-444
-316
-194
-188
-65
235
319
677
271
-693
-692
-466
-140
-50
100
294
234
155
360
688
545
-487
-423
-295
-233
-177
88
137
41
216
295
397
348
-680
-568
-402
-117
-213
34
197
134
229
265
481
529
-457
-411
-242
2
139
327
353
220
218
285
459
560
-531
-485
-199
38
7
118
185
279
258
328
348
640
-330
-512
-388
-283
-154
-180
68
117
182
338
558
737
79
-467
-273
32
38
60
339
400
397
414
556
720
856
867
859
787
807
682
478
134
-177
-169
-119
-84
14
58
72
-37
-34
27
14
-88
-41
27
120
990
159
-103
-100
-179
-306
-320
-194
-248
-259
-288
-236
-108
-37
-24
-11
-56
-54
-48
-136
-134
-162
-134
549
-133
-356
-338
-279
-316
-305
-307
-373
-407
-316
-218
-200
-226
-201
-195
-128
266
-453
-758
-652
-549
-472
-302
-251
-153
-5
-69
120
401
-611
-582
-524
-352
-436
-331
-83
102
125
100
345
228
-634
-530
-384
-409
-325
-139
-21
34
147
291
563
-139
-612
-475
-211
-265
-147
118
288
250
174
340
565
-314
-612
-494
-313
-331
-177
-35
61
115
188
432
627
-199
-589
-447
-229
-214
-101
155
229
73
136
241
539
7
-622
-509
-421
-309
-224
-122
-39
28
102
197
476
230
-626
-559
-312
-225
-176
-15
67
73
81
88
337
563
-518
-550
-352
-336
-221
-62
16
141
104
207
374
672
-189
-496
-287
-118
-138
-96
57
115
146
121
284
576
402
-468
-404
-237
-179
-130
11
126
179
223
311
539
720
-271
-275
-157
-98
-94
24
247
244
242
259
264
249
145
135
110
105
106
91
80
75
65
88
167
243
239
150
117
121
51
40
-18
-22
25
541
314
-123
-122
-143
-168
-270
-166
-57
-56
-152
-113
-8
27
-1
-42
-35
-9
-44
-62
-41
-6
182
669
-186
-216
-191
-207
-239
-220
-281
-343
-281
-192
-90
-91
-119
-155
-126
76
376
-528
-572
-448
-398
-332
-163
-80
-3
115
240
320
-75
-637
-577
-367
-247
-300
-163
29
199
209
287
513
-433
-602
-467
-332
-398
-344
-195
50
115
239
393
450
-574
-531
-350
-191
-256
-105
101
190
156
128
260
267
-728
-706
-451
-397
-431
-290
-157
-11
54
84
260
390
-645
-634
-459
-367
-243
-178
143
251
163
177
319
538
-527
-568
-386
-327
-271
-156
3
48
209
261
328
591
-474
-591
-450
-208
-128
-6
116
282
231
284
302
684
-253
-500
-410
-195
-142
-159
42
174
252
312
480
709
313
-484
-378
-76
38
157
268
398
507
584
467
762
636
-211
-187
-38
62
140
169
507
552
548
557
682
741
-296
-250
-23
146
111
213
412
412
381
342
297
212
121
64
92
108
127
150
163
139
102
81
55
47
31
-13
-337
-405
-322
-294
-103
61
-91
-140
39
1338
1348
813
1130
191
-236
-312
-231
-433
-338
-93
23
-19
-15
283
532
549
436
307
202
73
-82
-195
-225
-210
-211
-278
-245
-181
-183
-292
-377
-249
-177
-343
-419
-388
260
-20
-477
-524
-477
-436
-370
-340
-543
-619
-657
-588
-481
-412
-403
-12
305
630
-444
-605
-487
-433
-455
-384
-336
-294
-180
4
258
352
-537
-602
-432
-378
-480
-402
-255
-76
54
212
435
-498
-710
-551
-404
-461
-372
-256
-99
3
95
196
433
-613
-644
-408
-185
-174
-127
21
100
188
229
351
215
-796
-611
-195
207
126
91
268
364
438
435
387
145
-623
-435
-167
66
8
153
544
774
739
759
786
413
-522
-504
-373
-333
-390
-310
-233
-132
29
165
487
335
-434
-498
-363
-348
-354
-172
-56
118
189
250
347
-20
-719
-647
-469
-429
-402
-417
-261
-130
-74
15
188
164
-732
-672
-460
-399
-372
-353
-103
63
141
62
140
479
-613
-611
-490
-414
-548
-522
-338
-314
-62
-48
34
124
-581
-808
-746
-523
-540
-624
-494
-248
-196
-232
-133
33
-25
-795
-913
-884
-768
-608
-374
-409
-324
-154
209
580
886
-263
-359
-152
-90
1
179
359
482
578
612
666
876
135
-311
-146
32
-60
-20
161
431
441
433
448
766
349
-497
-369
-69
48
149
302
594
850
988
1006
1032
1048
-172
-114
354
800
1142
1830
2047
2047
2020
1896
1912
1917
658
317
430
428
393
218
301
447
700
742
484
314
327
727
792
519
494
492
442
328
270
233
206
250
194
160
160
131
168
133
-9
-82
-69
-132
-24
3
1
94
986
-220
-407
-444
-481
-546
-453
-271
-139
-181
-269
-294
-284
-309
-345
-365
-403
-445
-476
-492
-499
-498
-476
-469
-457
-420
-419
-406
-403
-441
-433
-429
-409
-378
-301
-357
-420
-436
-441
-489
-474
-480
-344
416
-583
-654
-653
-635
-648
-657
-648
-641
-653
-680
-661
-630
-627
-621
-569
-304
75
-823
-854
-690
-636
-537
-371
-317
-299
-208
-49
212
-138
-631
-567
-420
-384
-427
-382
-305
-232
-123
100
228
-792
-752
-577
-510
-602
-641
-649
-568
-429
-223
54
-189
-904
-689
-338
-564
-739
-602
-357
-102
73
271
713
383
-612
-497
-308
-312
-201
98
290
545
670
867
1297
611
-202
143
650
778
762
894
986
969
893
905
1215
467
-288
-81
10
-57
-77
196
525
696
730
880
1145
143
-546
-305
27
124
85
261
571
638
717
808
1042
71
-466
-321
-68
-10
-62
231
389
435
457
679
908
22
-679
-539
-283
-212
-164
165
415
495
331
435
645
496
-746
-673
-482
-368
-361
-292
-136
16
120
300
581
577
-734
-737
-536
-361
-343
-214
12
106
111
87
99
48
19
-71
-88
-131
-114
-104
-64
-152
-228
-225
-209
-149
-117
-144
-113
-111
-105
-64
243
1192
-23
-230
-274
-269
-378
-443
-263
-58
-98
-244
-204
-90
-32
-24
-45
-117
-88
-92
-107
-86
-102
-108
616
564
-276
-314
-406
-366
-342
-369
-455
-449
-332
-245
-166
-179
-208
-117
169
598
-594
-650
-413
-315
-312
-201
-90
62
172
291
448
271
-679
-596
-425
-308
-313
-233
-9
102
177
288
504
-369
-707
-527
-384
-352
-331
-165
-67
-52
121
349
608
-498
-636
-474
-257
-170
-50
110
131
178
268
455
679
-343
-588
-436
-264
-179
-161
-28
118
193
340
529
793
-150
-538
-363
-120
-65
-13
213
403
357
316
439
694
109
-596
-465
-217
-184
-144
-29
101
168
283
422
676
281
-665
-507
-246
-128
-121
49
270
332
356
453
656
613
-555
-454
-248
-155
-182
-96
53
164
202
283
452
722
-37
-650
-515
-325
-237
-134
26
143
175
249
431
736
455
-653
-563
-333
-231
-192
-77
53
76
134
278
535
763
-481
-574
-327
-154
-168
-75
152
246
252
313
500
815
216
-570
-443
-220
-157
-100
36
138
180
233
331
334
255
131
82
59
78
143
150
72
-8
-33
-44
-30
-21
-9
12
28
72
320
1364
-9
-256
-245
-311
-418
-388
-246
-124
-88
-47
96
102
22
-49
-20
-2
44
98
145
110
53
19
-10
-38
-69
-82
39
1107
6
-281
-305
-313
-304
-326
-405
-428
-390
-329
-240
-164
-178
-161
26
571
18
-631
-496
-323
-315
-158
-51
11
77
203
427
623
-581
-614
-460
-322
-319
-253
-54
103
214
300
502
462
-636
-518
-303
-265
-279
-177
43
169
273
413
604
232
-787
-657
-415
-338
-403
-191
-8
-29
-121
-47
371
434
-743
-665
-384
-281
-310
-164
130
258
351
502
747
796
-622
-630
-372
-151
-254
-217
69
239
202
126
347
738
-199
-686
-574
-528
-569
-442
-263
-93
-6
222
594
1044
621
-580
-446
-147
-54
-47
140
321
323
314
430
761
684
-587
-567
-332
-181
-102
97
292
351
411
559
834
1011
-451
-508
-295
-166
-115
-8
209
308
312
371
630
916
-428
-612
-390
-190
-201
-102
168
255
253
339
646
939
-335
-688
-516
-325
-320
-194
155
312
316
277
425
775
460
-693
-590
-335
-261
-232
-120
72
147
173
194
218
216
173
64
-7
-23
-49
-67
-92
-114
-140
-144
-96
-54
-44
-70
-43
-50
-80
-112
-141
-152
-142
-151
-156
-133
-90
-39
-17
-32
-61
-44
-2
-51
-145
-188
-164
-113
-79
-57
6
1152
355
-294
-362
-456
-596
-534
-406
-287
-299
-324
-203
-64
-94
-179
-173
-112
-89
-64
-62
-93
-103
-119
-162
-191
-177
-172
-66
1001
-48
-336
-369
-385
-385
-388
-456
-526
-536
-457
-330
-229
-213
-160
99
636
52
-758
-527
-331
-335
-242
-143
-42
83
250
507
516
-633
-588
-441
-328
-313
-202
99
293
383
503
674
-418
-663
-436
-296
-343
-338
-119
5
110
299
637
784
-655
-671
-458
-321
-365
-181
110
205
200
250
602
572
-767
-761
-531
-390
-338
-189
55
192
356
505
774
432
-712
-563
-302
-195
-179
68
357
450
426
475
716
612
-677
-568
-411
-403
-380
-202
-11
7
66
265
668
792
-581
-529
-342
-215
-129
67
312
414
420
453
699
756
-488
-344
-205
-288
-334
-179
102
188
192
238
467
788
-604
-650
-424
-245
-98
130
424
528
423
398
574
873
-462
-667
-508
-378
-385
-305
16
238
264
339
494
743
-337
-636
-433
-304
-510
-972
1084
983
535
437
673
704
-107
-1096
-1046
-664
-437
-281
-272
-461
-287
-81
316
729
687
-668
-526
-222
-258
-436
-183
303
643
720
873
1286
1227
-428
-380
262
674
476
-264
10
60
-1
29
126
169
474
1517
2047
1766
1700
1518
-120
-579
-567
-978
-600
553
1472
1853
1752
1301
95
-176
-320
239
131
7
-106
-255
-353
-341
-317
-330
-379
-369
-130
1395
-39
-505
-628
-748
-806
-828
-851
-777
-545
-276
-164
-246
-368
-368
-330
-175
-140
-225
-272
-261
-238
-280
-298
-316
-343
-386
-403
-416
-443
-462
-473
-492
-519
-492
-454
-362
-336
-238
-332
-426
-482
-508
-481
-417
-417
-276
1121
-82
-522
-549
-550
-594
-675
-660
-646
-714
-798
-733
-567
-468
-495
-398
69
605
-829
-868
-615
-550
-512
-321
-257
-200
-80
153
481
22
-752
-622
-411
-434
-512
-332
17
201
293
424
569
-759
-746
-489
-497
-477
-445
-255
-45
120
388
752
635
-685
-446
-267
-233
-334
31
405
500
932
948
1163
-8
-202
469
377
-277
-495
-377
201
603
632
1004
1202
-93
-310
-258
-28
-209
-150
296
4
360
523
1174
1822
171
73
226
417
151
552
1075
1214
1172
1482
1895
1605
-125
-14
182
202
166
246
782
616
930
817
950
748
-772
-719
-354
-285
75
363
719
620
646
873
1292
459
-896
-899
-679
-613
-402
-130
126
360
384
600
1167
615
-545
-690
-714
-840
-924
-838
-649
-400
-194
210
690
-65
-1014
-975
-902
-813
-565
-133
241
297
116
245
618
344
-850
-728
-439
-375
-274
199
668
793
767
684
858
821
-569
-324
266
468
-78
-626
-739
-762
-671
-3
1250
2047
1737
1325
805
318
-138
-589
-789
-681
-402
156
844
1512
-119
-468
-441
-423
-381
-90
189
186
42
-80
-128
267
-801
-852
-541
-275
-179
34
359
458
620
898
1140
1430
26
-771
-756
-746
-779
-658
-354
-216
-142
-9
286
895
308
-797
-720
-473
-186
304
579
502
76
-214
-61
582
511
-863
-749
-451
-347
-265
-59
74
-20
-264
-425
-208
138
-997
-977
-784
-691
-711
-446
-108
-7
-40
-208
-97
513
-756
-1005
-906
-766
-655
-492
-205
-104
-150
-113
120
822
52
-769
-561
-246
-205
-142
-82
-220
-368
-424
-354
169
340
-796
-625
-386
-334
-254
-157
93
270
283
52
34
414
-786
-672
-472
-400
-409
-182
188
354
312
237
309
856
-210
-450
-344
-288
-433
-450
-269
-9
320
440
551
889
402
-585
-549
-416
-417
-466
-359
-54
161
191
195
580
830
-530
-574
-309
-162
-230
-313
-274
-169
92
530
1166
1665
-219
-536
-513
-474
-409
-135
204
285
277
296
370
460
461
496
286
137
-12
1
-115
-64
-276
-580
-622
-567
-465
-318
-68
58
26
-142
-243
-487
-557
-460
-238
384
1009
994
626
333
131
567
1000
-378
-424
-388
-300
4
635
1114
964
470
106
65
196
233
212
154
32
-78
-110
-62
-15
43
113
256
593
1013
1289
1290
1183
1014
930
899
279
-201
-164
266
779
1271
1447
1405
1373
1092
858
564
244
137
51
-109
-213
-152
19
869
-245
-357
-377
-217
-157
-146
-284
-407
-410
-321
-258
-146
-147
-19
608
731
714
367
243
237
354
439
217
153
368
475
459
358
-4
-147
-156
-52
112
98
8
20
11
-5
-145
-126
-258
-294
-321
-339
-329
-376
-448
-477
-487
-330
-227
-106
-127
-293
-354
-417
-484
-453
-482
-378
-343
-270
-254
-245
-273
-352
-447
-464
-453
-408
-365
-419
-450
-503
-486
-510
-536
-580
-618
-683
-694
-695
-653
-580
-501
-403
-391
-436
-509
-556
-585
-596
-637
-624
-625
-622
-617
-608
-572
-574
-532
-495
-499
-486
-466
-437
-242
764
-480
-569
-563
-590
-623
-607
-568
-576
-581
-550
-503
-435
-414
-442
-453
-428
-410
-409
-373
-360
-338
-288
-263
-264
-285
-243
-220
-215
-214
-208
419
460
-175
-195
-206
-208
-204
-214
-234
-237
-243
-214
-157
-93
-15
193
742
63
-254
-218
-99
-47
76
100
141
382
422
649
215
-185
-174
-37
100
148
271
395
472
616
679
-184
-194
-72
-5
-67
-113
-57
74
196
408
579
-243
-241
-175
-134
-134
-45
76
153
237
389
598
-255
-264
-235
-190
-205
-165
-14
118
344
651
1113
77
-145
-124
-84
-96
-72
49
198
310
417
588
536
-169
-153
-122
-146
-169
-109
-39
25
106
275
610
-108
-292
-269
-216
-237
-208
-76
63
184
307
500
701
-255
-287
-249
-182
-189
-136
20
181
339
477
745
651
-238
-213
-63
-15
-60
75
234
308
390
494
685
398
-228
-188
-64
-66
-73
12
140
206
316
417
641
-76
-258
-240
-184
-210
-199
-59
41
86
99
217
545
-241
-326
-292
-234
-243
-232
-124
-47
62
266
479
697
-356
-383
-338
-270
-276
-162
51
132
146
242
438
693
-331
-362
-318
-207
-200
-160
-14
111
219
280
459
626
-336
-344
-279
-230
-231
-179
-50
51
84
112
248
530
-335
-352
-313
-242
-259
-239
-137
-61
58
161
394
702
-218
-260
-244
-200
-185
-126
40
166
273
358
528
807
-136
-174
-81
41
18
-10
112
215
333
469
652
911
-34
-114
-53
44
71
94
219
300
337
362
448
732
-86
-126
-72
9
47
73
145
199
230
263
395
730
-64
-129
-80
-9
-30
-4
116
222
246
287
445
761
-193
-227
-195
-119
-134
-99
37
76
107
234
572
815
-264
-287
-216
-177
-187
-99
43
144
217
282
477
656
-405
-408
-293
-203
-239
-179
12
77
166
277
518
878
-219
-284
-190
-111
-122
-146
-81
-137
-160
-154
-22
279
-454
-492
-456
-386
-397
-386
-266
-174
-119
-7
237
627
-425
-485
-412
-344
-384
-333
-121
12
70
164
352
693
-101
-468
-427
-368
-391
-388
-318
-188
-38
107
189
508
540
-410
-436
-406
-424
-439
-336
-221
-224
-303
-289
-178
60
-483
-497
-477
-433
-409
-359
-244
-172
-160
-159
-72
133
-377
-451
-440
-417
-402
-404
-349
-212
-79
58
182
464
237
-348
-370
-344
-361
-364
-320
-218
-255
-304
-310
-204
-157
-401
-395
-368
-337
-337
-248
-192
-138
-56
112
368
591
-319
-342
-308
-239
-240
-246
-130
-52
33
81
213
422
-272
-280
-274
-232
-229
-236
-192
-136
-80
-27
136
365
-223
-244
-241
-216
-217
-216
-135
-76
-35
39
97
435
-210
-256
-248
-241
-232
-218
-173
-139
-119
-42
24
476
-204
-219
-204
-194
-189
-187
-157
-125
-134
-48
21
356
-281
-330
-343
-341
-312
-223
-252
-238
-270
-353
-351
-315
-381
-509
-532
-532
-567
-596
-630
-657
-675
-690
-731
-693
-751
-870
-876
-905
-936
-976
-1017
-1052
-1068
-1097
-1054
-956
-1032
-1133
-1146
-1162
-1160
-1140
-1137
-1117
-1100
-1081
-1030
-1020
-1004
-1080
-1060
-1038
-1028
-1012
-1014
-1017
-1000
-984
-964
-915
-944
-1001
-993
-1010
-1018
-987
-940
-892
-870
-858
-855
-808
-681
-782
-812
-789
-761
-727
-710
-705
-684
-675
-676
-627
-562
-484
-594
-573
-545
-536
-513
-469
-104
2047
2047
2047
368
920
1282
2047
2047
2047
2047
2047
1871
1897
2047
2047
2047
2047
1819
1306
1289
1228
1596
840
177
2047
2047
-24
-93
-94
368
2047
2047
2047
2047
2047
2047
1485
1824
2047
2047
2047
2047
2047
2047
2047
1675
1452
1760
2047
2047
2047
2047
2047
1873
1523
1215
1310
1968
2047
2047
2047
2047
1997
1855
1740
1656
1548
1710
2016
622
304
75
-9
164
348
515
688
716
664
647
620
632
737
704
497
322
251
183
213
218
271
110
-67
-265
-342
-467
-622
-665
-758
-754
-659
-646
-615
-668
-675
-704
-762
-817
-917
-901
-938
-987
-967
-959
-958
-984
-1030
-1038
-1052
-1056
-1078
-1119
-1162
-1167
-1178
-1209
-1228
-1248
-1239
-1211
-1188
-1164
-1166
-1218
-1350
-1441
-1330
-1147
-1067
-1165
-1340
-1479
-1517
-1404
-1222
-1063
-1007
-893
-989
-1152
-1296
-1304
-1216
-1147
-1032
-959
-915
-962
-985
-1010
-1021
-633
107
-1069
-1117
-1074
-1170
-1241
-1111
-1112
-1208
-1311
-1275
-1095
-1004
-969
-935
-842
-767
-751
-741
-704
-664
-631
-589
-582
-606
-646
-648
-630
-636
-634
-591
-548
-479
-429
-452
-505
-478
-412
-330
-335
-360
-377
-348
-305
-351
-342
-365
-371
-350
-329
-393
-355
-284
-244
-271
-349
-419
-385
-380
-366
-335
-293
-252
-157
-88
-128
-89
-119
-98
-61
-56
-61
67
1223
290
-184
-229
-222
-234
-211
-210
-258
-320
-382
-364
-290
-219
-188
-200
-212
-200
-168
-143
-125
-122
-132
-166
-148
-78
33
126
56
-23
-42
-45
-93
-109
-99
-50
266
1471
102
-126
-151
-160
-195
-277
-240
-216
-291
-338
-226
-5
106
211
515
961
-384
-436
-160
-122
-20
94
81
211
280
342
548
-381
-552
-429
-262
-195
-170
9
224
457
647
71
-578
-476
-314
-304
-300
-194
-2
176
395
631
-230
-611
-472
-270
-260
-125
41
132
259
487
716
-198
-576
-500
-381
-342
-310
-148
4
246
534
881
-94
-481
-401
-262
-252
-186
18
202
335
580
843
218
-529
-465
-322
-279
-292
-144
121
437
663
898
682
-429
-342
-121
-54
-58
26
372
579
717
994
1242
-308
-377
-176
21
33
153
474
615
736
1001
1440
193
-272
-200
25
64
133
491
764
868
956
1250
1198
-75
-138
55
152
193
289
592
702
800
945
1160
524
-320
-294
-107
-41
50
260
499
646
762
886
1155
246
-316
-252
-38
-35
25
180
379
499
644
827
1050
-178
-411
-226
9
-15
51
262
386
461
562
736
854
-359
-408
-162
95
71
62
232
345
438
464
580
576
-564
-556
-333
-184
-210
-212
43
192
333
478
734
456
-572
-476
-176
-88
-125
0
318
468
599
854
1073
460
-525
-376
-60
-28
-95
252
428
478
487
583
832
152
-680
-477
-236
-260
-268
-39
216
309
333
455
730
-76
-672
-536
-659
-848
-1117
-926
-442
-76
-188
-44
192
-412
-589
-208
-79
-243
-386
-327
-226
-12
248
459
651
-561
-976
-966
-831
-562
-321
-175
-238
-367
-465
-342
-36
-903
-928
-1040
-1132
-1180
-1218
-893
1
664
493
180
-293
-1246
-1247
-849
16
235
388
242
150
-39
-73
152
547
-778
-987
-875
-693
-598
-307
588
1286
1266
783
630
410
-503
-761
-568
-553
-695
-679
-372
212
602
745
645
629
-11
-792
-804
-700
-793
-567
38
609
837
1002
1088
1223
826
-401
-666
-676
-801
-855
-681
-51
449
844
1208
1592
1282
-100
-152
-166
-511
-710
-517
322
966
1462
1437
1324
221
-791
-654
-295
-368
-623
-707
-495
-221
8
162
432
166
-458
68
226
-249
-618
-715
-800
-925
-736
-207
581
598
-341
7
311
-21
-273
-148
178
184
105
96
390
568
-558
-410
-171
-202
-288
-345
-278
-380
-497
-498
-64
591
-430
-442
-92
40
-7
-128
-98
-63
-42
166
508
806
-432
-762
-674
-516
-310
112
499
610
474
398
621
1032
177
-241
-21
164
-29
-105
74
416
612
568
499
423
396
359
296
258
184
106
30
-38
-48
-45
-19
60
128
141
128
83
56
81
80
162
485
779
686
418
339
312
398
383
219
98
96
140
165
123
88
84
62
68
78
75
7
-86
-185
-232
-220
-172
-69
-79
-189
-254
-283
-274
-292
-292
-320
435
766
-409
-498
-574
-669
-702
-576
-472
-467
-567
-579
-367
-277
-292
-288
-228
-245
-311
-324
-292
-307
-337
-362
-417
-464
-458
-423
-409
-395
-427
-444
-448
-461
-447
-419
-428
-434
-389
-234
-92
-173
-306
-283
-228
-212
-261
-321
-116
1091
-256
-460
-459
-529
-680
-711
-564
-570
-667
-713
-588
-477
-427
-323
43
543
-738
-823
-603
-536
-502
-358
-267
-158
-7
185
340
-662
-771
-656
-476
-523
-505
-263
-8
197
463
630
-623
-630
-462
-429
-510
-345
-79
162
281
440
481
-651
-658
-537
-438
-490
-374
-108
48
181
422
675
-474
-624
-424
-258
-243
-157
166
385
499
679
880
936
-412
-445
-232
-60
2
95
351
468
564
691
931
877
-353
-307
-72
82
171
354
577
721
865
1019
1313
742
-198
-37
236
288
276
473
750
944
1156
1288
1438
392
-113
100
486
599
669
894
1092
1155
1250
1432
1655
601
37
210
415
421
439
697
863
922
1072
1334
1559
46
-136
137
313
265
341
857
1077
1184
1362
1525
1548
-121
-276
-34
114
172
236
440
526
576
733
960
1031
-449
-485
-225
-54
-46
86
365
463
507
557
711
783
-592
-577
-432
-351
-448
-335
-80
112
329
405
482
499
-797
-829
-637
-573
-556
-482
-287
-161
2
101
189
48
-1116
-1022
-769
-712
-754
-706
-535
-446
-330
-175
69
-319
-1243
-1173
-1000
-950
-926
-728
-384
-218
-143
24
263
42
-1169
-1053
-831
-771
-821
-736
-522
-477
-398
-197
140
369
-990
-1077
-888
-688
-642
-568
-344
-217
-119
94
330
477
-754
-916
-770
-610
-607
-558
-374
-251
-175
-27
213
500
-420
-854
-701
-513
-455
-351
-76
121
147
206
336
603
-153
-767
-660
-414
-315
-252
-168
-46
83
265
461
786
121
-746
-603
-392
-332
-310
-67
176
317
495
723
942
-118
-897
-703
-444
-428
-394
-166
93
119
185
269
233
212
182
176
144
116
56
50
59
115
189
213
214
206
244
400
386
266
208
202
176
119
68
65
157
957
1038
102
21
-57
-178
-218
-4
107
23
-79
26
231
221
193
207
247
292
315
304
229
122
113
166
262
267
225
195
182
191
235
238
243
267
348
298
203
151
137
131
89
64
24
796
946
-194
-380
-428
-530
-570
-380
-384
-621
-773
-634
-409
-345
-357
-252
64
400
-788
-910
-731
-595
-581
-471
-278
-114
71
222
309
-322
-891
-866
-693
-655
-631
-391
-113
-53
37
203
323
-810
-809
-685
-638
-642
-560
-422
-270
-100
17
233
-378
-819
-704
-507
-494
-495
-346
-241
-160
-53
119
337
-664
-708
-562
-377
-349
-224
50
241
420
571
756
844
-512
-531
-306
-162
-163
-6
244
355
455
632
924
559
-589
-410
-77
48
101
340
622
719
840
999
1189
240
-541
-307
23
136
197
505
702
710
748
856
1160
309
-233
-118
101
148
181
404
583
704
814
917
1057
96
-348
-127
120
116
147
393
543
600
710
879
990
-131
-357
-188
37
10
114
313
485
616
707
784
895
-234
-436
-175
28
-25
-30
135
268
353
498
626
918
-160
-474
-335
-176
-200
-127
96
307
446
559
624
826
-99
-655
-467
-198
-191
-202
-32
145
250
354
515
754
-100
-742
-569
-350
-289
-258
-25
272
364
423
538
736
483
-775
-679
-503
-408
-428
-324
-137
-85
-40
99
343
468
-810
-810
-608
-472
-433
-367
-124
-10
28
86
209
387
-677
-869
-719
-563
-509
-486
-338
-293
-283
-256
-110
206
-285
-870
-809
-686
-632
-617
-450
-253
-131
-47
66
310
-485
-875
-747
-591
-584
-546
-413
-253
-237
-173
-76
257
-457
-816
-729
-541
-470
-371
-226
-68
17
114
243
484
342
-765
-745
-609
-551
-567
-484
-299
-171
-50
119
439
282
-788
-712
-519
-440
-423
-257
34
145
228
230
131
22
-76
-120
-124
-86
-14
-94
-205
-251
-248
-252
-246
-232
-229
-209
-183
-186
-187
-183
-191
-175
-183
-192
-181
-164
-142
-107
-79
-86
-120
-162
-173
-159
-166
-172
-160
-123
-82
-10
-45
-115
-132
-145
-145
-167
-186
-128
1168
29
-255
-280
-319
-361
-282
-165
-223
-304
-340
-199
-129
-149
-169
-121
-88
-78
-98
-121
-125
-117
-140
-184
-189
-161
-129
-73
-122
-169
-164
-126
-159
-190
-173
-137
1136
308
-200
-274
-258
-332
-428
-347
-261
-378
-439
-359
-236
-200
-150
79
623
-312
-487
-381
-302
-301
-177
-110
-16
126
263
498
-72
-437
-373
-232
-219
-227
-66
103
217
310
502
352
-374
-314
-153
-140
-160
-46
152
314
507
654
764
-170
-296
-204
-96
-134
-54
139
231
266
332
553
604
-253
-205
-80
1
23
140
331
436
507
586
772
502
-242
-185
-15
73
49
154
338
416
497
650
995
446
-244
-179
-52
-24
21
265
430
497
577
721
895
105
-352
-279
-109
-58
-44
129
303
368
424
527
765
97
-380
-296
-128
-67
-31
144
347
413
501
668
820
227
-429
-356
-199
-193
-170
-32
102
156
232
360
604
140
-461
-364
-172
-121
-93
43
228
332
383
450
586
195
-510
-426
-252
-164
-205
-105
74
133
230
424
651
407
-493
-414
-247
-213
-173
-51
99
186
272
333
523
271
-601
-514
-288
-218
-228
-157
51
131
235
328
558
255
-621
-504
-204
-139
-218
-114
172
307
348
435
628
554
-746
-716
-528
-406
-407
-339
-118
17
107
243
519
466
-812
-729
-502
-388
-388
-259
-15
87
113
173
341
435
-845
-835
-561
-390
-449
-460
-243
-158
-104
-36
178
603
-636
-811
-675
-514
-510
-447
-160
10
101
185
372
644
-558
-821
-674
-479
-451
-385
-125
118
107
115
221
580
255
-670
-602
-422
-360
-330
-202
22
210
337
394
616
686
-646
-598
-350
-179
-212
-156
128
302
392
500
715
1083
-237
-579
-398
-176
-111
-25
287
545
743
783
674
554
457
375
301
272
276
271
249
232
228
215
232
255
284
312
332
341
342
309
289
280
258
238
237
257
285
300
301
315
348
461
460
346
252
231
206
229
