3 0
3 0
3 0
3 1
0 0
0 0
0 0
0 0
0 1
0 0
0 0
0 0
0 0
0 0
0 1
1 0
1 0
1 0
1 1
9 0
9 0
9 0
9 1
2 0
2 0
2 0
2 1
0 0
0 0
0 0
0 1
0 0
0 0
0 0
0 1
11 0
11 0
11 0
11 1
1 0
1 0
1 0
1 1
1 0
1 0
1 0
1 1
2 0
2 0
2 0
2 1
2 0
2 0
2 0
2 1
7 0
7 0
7 0
7 1
1 0
1 0
1 0
1 1
0 0
0 0
0 0
0 1
11 0
11 0
11 0
11 1
3 0
3 0
3 0
3 1
1 0
1 0
1 0
1 1
0 0
0 0
0 0
0 1
2 0
2 0
2 0
2 1
3 0
3 0
3 0
3 1
4 0
4 0
4 0
4 1
1 0
1 0
1 0
1 1
0 0
0 0
0 0
0 1
0 0
0 0
0 0
0 1
0 0
0 0
0 0
0 1
0 0
0 0
0 0
0 1
3 0
3 0
3 0
3 1
3 0
3 0
3 0
3 1
1 0
1 0
1 0
1 1
