2 0
2 0
2 0
2 1
0 0
0 0
0 0
0 1
2 0
2 0
2 0
2 1
14 0
14 0
14 0
14 1
0 0
0 0
0 0
0 1
2 0
2 0
2 0
2 1
6 0
6 0
6 0
6 1
7 0
7 0
7 0
7 1
2 0
2 0
2 0
2 1
1 0
1 0
1 0
1 1
1 0
1 0
1 0
1 1
5 0
5 0
5 0
5 1
2 0
2 0
2 0
2 1
2 0
2 0
2 0
2 1
13 0
13 0
13 0
13 1
1 0
1 0
1 0
1 1
2 0
2 0
2 0
2 1
11 0
11 0
11 0
11 1
7 0
7 0
7 0
7 1
6 0
6 0
6 0
6 1
5 0
5 0
5 0
5 1
2 0
2 0
2 0
2 1
5 0
5 0
5 0
5 1
10 0
10 0
10 0
10 1
1 0
1 0
1 0
1 1
5 0
5 0
5 0
5 1
1 0
1 0
1 0
1 1
13 0
13 0
13 0
13 1
1 0
1 0
1 0
1 1
5 0
5 0
5 0
5 1
5 0
5 0
5 0
5 1
4 0
4 0
4 0
4 1
0 0
0 0
0 0
0 1
4 0
4 0
4 0
4 1
0 0
0 0
0 0
0 1
1 0
1 0
1 0
1 1
2 0
2 0
2 0
2 1
13 0
13 0
13 0
13 1
4 0
4 0
4 0
4 1
2 0
2 0
2 0
2 1
6 0
6 0
6 0
6 1
6 0
6 0
6 0
6 1
5 0
5 0
5 0
5 1
2 0
2 0
2 0
2 1
9 0
9 0
9 0
9 1
5 0
5 0
5 0
5 1
5 0
5 0
5 0
5 1
14 0
14 0
14 0
14 1
2 0
2 0
2 0
2 1
4 0
4 0
4 0
4 1
1 0
1 0
1 0
1 1
0 0
0 0
0 0
0 1
2 0
2 0
2 0
2 1
2 0
2 0
2 0
2 1
10 0
10 0
10 0
10 1
2 0
2 0
2 0
2 1
14 0
14 0
14 0
14 1
1 0
1 0
1 0
1 1
6 0
6 0
6 0
6 1
2 0
2 0
2 0
2 1
2 0
2 0
2 0
2 1
2 0
2 0
2 0
2 1
10 0
10 0
10 0
10 1
2 0
2 0
2 0
2 1
10 0
10 0
10 0
10 1
6 0
6 0
6 0
6 1
2 0
2 0
2 0
2 1
2 0
2 0
2 0
2 1
2 0
2 0
2 0
2 1
1 0
1 0
1 0
1 1
1 0
1 0
1 0
1 1
2 0
2 0
2 0
2 1
2 0
2 0
2 0
2 1
6 0
6 0
6 0
6 1
10 0
10 0
10 0
10 1
13 0
13 0
13 0
13 1
11 0
11 0
11 0
11 1
6 0
6 0
6 0
6 1
1 0
1 0
1 0
1 1
2 0
2 0
2 0
2 1
2 0
2 0
2 0
2 1
13 0
13 0
13 0
13 1
2 0
2 0
2 0
2 1
0 0
0 0
0 0
0 1
11 0
11 0
11 0
11 1
0 0
0 0
0 0
0 1
2 0
2 0
2 0
2 1
2 0
2 0
2 0
2 1
2 0
2 0
2 0
2 1
0 0
0 0
0 0
0 1
13 0
13 0
13 0
13 1
2 0
2 0
2 0
2 1
2 0
2 0
2 0
2 1
0 0
0 0
0 0
0 1
2 0
2 0
2 0
2 1
