2 0
2 0
2 0
2 1
14 0
14 0
14 0
14 1
2 0
2 0
2 0
2 1
0 0
0 0
0 0
0 1
0 0
0 0
0 0
0 1
9 0
9 0
9 0
9 1
1 0
1 0
1 0
1 1
0 0
0 0
0 0
0 1
0 0
0 0
0 0
0 1
3 0
3 0
3 0
3 1
0 0
0 0
0 0
0 1
0 0
0 0
0 0
0 1
3 0
3 0
3 0
3 1
0 0
0 0
0 0
0 1
2 0
2 0
2 0
2 1
14 0
14 0
14 0
14 1
0 0
0 0
0 0
0 1
0 0
0 0
0 0
0 1
3 0
3 0
3 0
3 1
0 0
0 0
0 0
0 1
8 0
8 0
8 0
8 1
0 0
0 0
0 0
0 1
14 0
14 0
14 0
14 1
0 0
0 0
0 0
0 1
0 0
0 0
0 0
0 1
9 0
9 0
9 0
9 1
0 0
0 0
0 0
0 1
0 0
0 0
0 0
0 1
9 0
9 0
9 0
9 1
0 0
0 0
0 0
0 1
2 0
2 0
2 0
2 1
0 0
0 0
0 0
0 1
0 0
0 0
0 0
0 1
0 0
0 0
0 0
0 1
0 0
0 0
0 0
0 1
0 0
0 0
0 0
0 1
0 0
0 0
0 0
0 1
3 0
3 0
3 0
3 1
0 0
0 0
0 0
0 1
0 0
0 0
0 0
0 1
0 0
0 0
0 0
0 1
0 0
0 0
0 0
0 1
0 0
0 0
0 0
0 1
0 0
0 0
0 0
0 1
